# Power spectrum from CO𝘕CEPT job 3337063 at t = 5.8475996 Gyr, a = 0.5.
# 
# Below, the following component mapping is used:
#   GADGET halo: 0
# 
#            grid size 2048            
# ╭───────────────────────────────────╮
#                         component 0  
#                        σ₈ = 5.37e-01 
#  k [Mpc⁻¹]     modes    power [Mpc³] 
8.2221370e-03         3  2.9733536e+04 
1.2673178e-02        10  3.0333693e+04 
1.8949496e-02        27  2.6379523e+04 
2.5528345e-02        45  2.0049081e+04 
3.1646310e-02        67  1.6506304e+04 
3.8834099e-02       141  1.4746464e+04 
4.7253009e-02       217  1.2248921e+04 
5.5427562e-02       265  1.0098858e+04 
6.3367756e-02       375  7.9354579e+03 
7.1552601e-02       469  6.6390953e+03 
7.9606602e-02       573  5.5870779e+03 
8.7525115e-02       679  5.3498866e+03 
9.5793720e-02       889  4.7093327e+03 
1.0432437e-01      1053  3.9708530e+03 
1.1246011e-01      1105  3.4291501e+03 
1.2081078e-01      1467  3.0731223e+03 
1.2920707e-01      1501  2.8302314e+03 
1.3728195e-01      1737  2.6867456e+03 
1.4544523e-01      1963  2.3770012e+03 
1.5354868e-01      2125  2.1837227e+03 
1.6179411e-01      2517  1.9495329e+03 
1.6998032e-01      2575  1.8420969e+03 
1.7823749e-01      3081  1.6993007e+03 
1.8647924e-01      3133  1.5750986e+03 
1.9450492e-01      3429  1.5179822e+03 
2.0279368e-01      3991  1.3922491e+03 
2.1106968e-01      4009  1.3233833e+03 
2.1919368e-01      4497  1.2515774e+03 
2.2738495e-01      4747  1.2002407e+03 
2.3568480e-01      5289  1.1424661e+03 
2.4401651e-01      5581  1.0685130e+03 
2.5227776e-01      5901  1.0069286e+03 
2.6047563e-01      6295  9.6469249e+02 
2.6863147e-01      6601  9.0387959e+02 
2.7681578e-01      7161  9.0048477e+02 
2.8503686e-01      7531  8.4832400e+02 
2.9328369e-01      8037  8.1694021e+02 
3.0152034e-01      8437  7.8206000e+02 
3.0968972e-01      8827  7.4903224e+02 
3.1792621e-01      9513  7.2386524e+02 
3.2612785e-01      9709  7.0113476e+02 
3.3438462e-01     10641  6.8014092e+02 
3.4256434e-01     10567  6.5851984e+02 
3.5075625e-01     11685  6.3661501e+02 
3.5913158e-01     12169  6.1009708e+02 
3.6726128e-01     12091  5.9979158e+02 
3.7540513e-01     13257  5.8291598e+02 
3.8365326e-01     13657  5.7000880e+02 
3.9186878e-01     14241  5.5838348e+02 
4.0007226e-01     14851  5.2805511e+02 
4.0831669e-01     15609  5.1786600e+02 
4.1659197e-01     16189  5.1200474e+02 
4.2474338e-01     16471  4.9604859e+02 
4.3292487e-01     17481  4.8243952e+02 
4.4118443e-01     18253  4.7157815e+02 
4.4945797e-01     18801  4.5647986e+02 
4.5768680e-01     19495  4.4836348e+02 
4.6589523e-01     20101  4.4418928e+02 
4.7413037e-01     20985  4.3153112e+02 
4.8233216e-01     21451  4.2192409e+02 
4.9055869e-01     22533  4.1550187e+02 
4.9876958e-01     22945  4.0466445e+02 
5.0695469e-01     23811  3.9492373e+02 
5.1516324e-01     24625  3.8803752e+02 
5.2340719e-01     25705  3.8316639e+02 
5.3166792e-01     26241  3.7779542e+02 
5.3987791e-01     27043  3.7036097e+02 
5.4811056e-01     28029  3.5839948e+02 
5.5631052e-01     28489  3.5346859e+02 
5.6454394e-01     30039  3.4901361e+02 
5.7280580e-01     30301  3.4023188e+02 
5.8095624e-01     31033  3.3799492e+02 
5.8916850e-01     32529  3.3175083e+02 
5.9739346e-01     32935  3.2318282e+02 
6.0562826e-01     34437  3.1866502e+02 
6.1385587e-01     34645  3.1460126e+02 
6.2202508e-01     35979  3.1292065e+02 
6.3026054e-01     36949  3.0606547e+02 
6.3850722e-01     38113  2.9939321e+02 
6.4671129e-01     38475  2.9651087e+02 
6.5489513e-01     39865  2.9210268e+02 
6.6317232e-01     41493  2.8641095e+02 
6.7144370e-01     41665  2.8357082e+02 
6.7960437e-01     42631  2.8114676e+02 
6.8781728e-01     44085  2.7779784e+02 
6.9609098e-01     45505  2.7202234e+02 
7.0431866e-01     45735  2.6913588e+02 
7.1250888e-01     47125  2.6645711e+02 
7.2074601e-01     48585  2.6143369e+02 
7.2896526e-01     48961  2.5792960e+02 
7.3716603e-01     50743  2.5566510e+02 
7.4536943e-01     51165  2.5110000e+02 
7.5359620e-01     53257  2.4589079e+02 
7.6183014e-01     53655  2.4654143e+02 
7.7000952e-01     54793  2.4193908e+02 
7.7825959e-01     57057  2.4056021e+02 
7.8649345e-01     56839  2.3927889e+02 
7.9470114e-01     59101  2.3518355e+02 
8.0293004e-01     59709  2.3100070e+02 
8.1114663e-01     61225  2.2969643e+02 
8.1938640e-01     62607  2.2661672e+02 
8.2759875e-01     63253  2.2460611e+02 
8.3580186e-01     65061  2.2229408e+02 
8.4401684e-01     66031  2.1946209e+02 
8.5223757e-01     67525  2.1716943e+02 
8.6045289e-01     68769  2.1438076e+02 
8.6867345e-01     70105  2.1278551e+02 
8.7690889e-01     71787  2.1034443e+02 
8.8512375e-01     72337  2.0847301e+02 
8.9333660e-01     74401  2.0574819e+02 
9.0156428e-01     75531  2.0368616e+02 
9.0981861e-01     77473  2.0283621e+02 
9.1800559e-01     77193  2.0080599e+02 
9.2617579e-01     79765  1.9900177e+02 
9.3444731e-01     82143  1.9652249e+02 
9.4270884e-01     82393  1.9422522e+02 
9.5091329e-01     83833  1.9185614e+02 
9.5909931e-01     85059  1.8992251e+02 
9.6732075e-01     87253  1.8917957e+02 
9.7556979e-01     88857  1.8694738e+02 
9.8379845e-01     89659  1.8501070e+02 
9.9201120e-01     91533  1.8374139e+02 
1.0002104e+00     92401  1.8155373e+02 
1.0084450e+00     95353  1.7939690e+02 
1.0166659e+00     95271  1.7914492e+02 
1.0248833e+00     98269  1.7718142e+02 
1.0330937e+00     98217  1.7530769e+02 
1.0413189e+00    101899  1.7389176e+02 
1.0495730e+00    102009  1.7198096e+02 
1.0577765e+00    103993  1.6966999e+02 
1.0660002e+00    105553  1.6914699e+02 
1.0742151e+00    107139  1.6762713e+02 
1.0824407e+00    109189  1.6573841e+02 
1.0906342e+00    109341  1.6538035e+02 
1.0988418e+00    113179  1.6392822e+02 
1.1070736e+00    113053  1.6153812e+02 
1.1152913e+00    116517  1.6043062e+02 
1.1235570e+00    117607  1.5967811e+02 
1.1317678e+00    118365  1.5827631e+02 
1.1399767e+00    121189  1.5715564e+02 
1.1482092e+00    122289  1.5527555e+02 
1.1564133e+00    124147  1.5421539e+02 
1.1646448e+00    126385  1.5295820e+02 
1.1728785e+00    127941  1.5217623e+02 
1.1810812e+00    128947  1.5033722e+02 
1.1893120e+00    132393  1.4956016e+02 
1.1975488e+00    132949  1.4827841e+02 
1.2057515e+00    134649  1.4706756e+02 
1.2139744e+00    137623  1.4540563e+02 
1.2221821e+00    137641  1.4464512e+02 
1.2303882e+00    141321  1.4366474e+02 
1.2386118e+00    142087  1.4207188e+02 
1.2468371e+00    144945  1.4120627e+02 
1.2550491e+00    145717  1.4014233e+02 
1.2632504e+00    148251  1.3924592e+02 
1.2715076e+00    151537  1.3849015e+02 
1.2797393e+00    151321  1.3700989e+02 
1.2879327e+00    153909  1.3602890e+02 
1.2961539e+00    156511  1.3562081e+02 
1.3044033e+00    158709  1.3349123e+02 
1.3126199e+00    159301  1.3285684e+02 
1.3208292e+00    162643  1.3196815e+02 
1.3290781e+00    164613  1.3147052e+02 
1.3372987e+00    165817  1.2967703e+02 
1.3454927e+00    167313  1.2898306e+02 
1.3537055e+00    171067  1.2851389e+02 
1.3619242e+00    171465  1.2700676e+02 
1.3701439e+00    175225  1.2586912e+02 
1.3783849e+00    176743  1.2554825e+02 
1.3865711e+00    176841  1.2415440e+02 
1.3947798e+00    182221  1.2318539e+02 
1.4030407e+00    183117  1.2246249e+02 
1.4112488e+00    184411  1.2192320e+02 
1.4194637e+00    187617  1.2073837e+02 
1.4276827e+00    188905  1.1958505e+02 
1.4358813e+00    191131  1.1932814e+02 
1.4441109e+00    194565  1.1824452e+02 
1.4523482e+00    196141  1.1693369e+02 
1.4605808e+00    198591  1.1694216e+02 
1.4687999e+00    200065  1.1556284e+02 
1.4770325e+00    203797  1.1473155e+02 
1.4852677e+00    204549  1.1423365e+02 
1.4934858e+00    207595  1.1351862e+02 
1.5016937e+00    208581  1.1271670e+02 
1.5098942e+00    211837  1.1137683e+02 
1.5181115e+00    213999  1.1043242e+02 
1.5263433e+00    217057  1.1042698e+02 
1.5345714e+00    218893  1.0918797e+02 
1.5427778e+00    220269  1.0823684e+02 
1.5509965e+00    224323  1.0793799e+02 
1.5592308e+00    225873  1.0734307e+02 
1.5674604e+00    228757  1.0668693e+02 
1.5756766e+00    230283  1.0578446e+02 
1.5838983e+00    233341  1.0477448e+02 
1.5921235e+00    235693  1.0430221e+02 
1.6003362e+00    237399  1.0429945e+02 
1.6085571e+00    241009  1.0316657e+02 
1.6167944e+00    243417  1.0250681e+02 
1.6250068e+00    244129  1.0167909e+02 
1.6332205e+00    248991  1.0072982e+02 
1.6414619e+00    250369  1.0080842e+02 
1.6496809e+00    252829  9.9683246e+01 
1.6578864e+00    254511  9.8912880e+01 
1.6661093e+00    258997  9.8620104e+01 
1.6743400e+00    260157  9.8006630e+01 
1.6825462e+00    262381  9.7126297e+01 
1.6907620e+00    266131  9.6547406e+01 
1.6989742e+00    267117  9.5723489e+01 
1.7071851e+00    271273  9.5247106e+01 
1.7154282e+00    274563  9.4539318e+01 
1.7236568e+00    275473  9.3822079e+01 
1.7318611e+00    278193  9.3183488e+01 
1.7400632e+00    280657  9.2848097e+01 
1.7482934e+00    285319  9.1891045e+01 
1.7565265e+00    286401  9.1588881e+01 
1.7647380e+00    288889  9.1215778e+01 
1.7729679e+00    293391  9.0598020e+01 
1.7812045e+00    294577  8.9717097e+01 
1.7894202e+00    297573  8.9338510e+01 
1.7976321e+00    299563  8.8654394e+01 
1.8058580e+00    303997  8.7840565e+01 
1.8140780e+00    305025  8.7647420e+01 
1.8222895e+00    308533  8.7062934e+01 
1.8305112e+00    311619  8.6496689e+01 
1.8387383e+00    314257  8.5875838e+01 
1.8469543e+00    316617  8.5619491e+01 
1.8551731e+00    320131  8.4538320e+01 
1.8634014e+00    322729  8.4270122e+01 
1.8716300e+00    326289  8.3838458e+01 
1.8798447e+00    326989  8.3090639e+01 
1.8880450e+00    331131  8.2882404e+01 
1.8962725e+00    334801  8.2302690e+01 
1.9044884e+00    335833  8.1761331e+01 
1.9127031e+00    340827  8.1427546e+01 
1.9209328e+00    342721  8.0758124e+01 
1.9291750e+00    347925  8.0149470e+01 
1.9373997e+00    346915  7.9774929e+01 
1.9456036e+00    352221  7.9255060e+01 
1.9538293e+00    354793  7.8711548e+01 
1.9620448e+00    357109  7.8371490e+01 
1.9702638e+00    361299  7.8084823e+01 
1.9784857e+00    363205  7.7502121e+01 
1.9867128e+00    367881  7.7118283e+01 
1.9949394e+00    369439  7.6440406e+01 
2.0031569e+00    372729  7.5793150e+01 
2.0113722e+00    375709  7.5463345e+01 
2.0195903e+00    378925  7.5064049e+01 
2.0278069e+00    381963  7.4441073e+01 
2.0360205e+00    384733  7.4135426e+01 
2.0442399e+00    388377  7.3712135e+01 
2.0524584e+00    391507  7.3257936e+01 
2.0606858e+00    394989  7.2903147e+01 
2.0689192e+00    398773  7.2527220e+01 
2.0771346e+00    399259  7.1852959e+01 
2.0853528e+00    405537  7.1636568e+01 
2.0935731e+00    405997  7.1198108e+01 
2.1017772e+00    409845  7.0757437e+01 
2.1099881e+00    413587  7.0348987e+01 
2.1182341e+00    419449  6.9806585e+01 
2.1264823e+00    420693  6.9354959e+01 
2.1347034e+00    423043  6.9026513e+01 
2.1429250e+00    427017  6.8570729e+01 
2.1511390e+00    429181  6.8372485e+01 
2.1593495e+00    432945  6.7967991e+01 
2.1675771e+00    437731  6.7567783e+01 
2.1758029e+00    439321  6.7305952e+01 
2.1840184e+00    443253  6.6762698e+01 
2.1922369e+00    446419  6.6525411e+01 
2.2004569e+00    449925  6.5888179e+01 
2.2086750e+00    453157  6.5686740e+01 
2.2168810e+00    455217  6.5167515e+01 
2.2251065e+00    461923  6.4919330e+01 
2.2333459e+00    463969  6.4502938e+01 
2.2415491e+00    464349  6.3980569e+01 
2.2497584e+00    471667  6.3715175e+01 
2.2579954e+00    474141  6.3360576e+01 
2.2662256e+00    478093  6.2872781e+01 
2.2744476e+00    480195  6.2728242e+01 
2.2826691e+00    484537  6.2406896e+01 
2.2908905e+00    487537  6.1965520e+01 
2.2990960e+00    489405  6.1592667e+01 
2.3073124e+00    496279  6.1342969e+01 
2.3155375e+00    496965  6.0977620e+01 
2.3237659e+00    503953  6.0581347e+01 
2.3319869e+00    503335  6.0166445e+01 
2.3402098e+00    511209  5.9936397e+01 
2.3484350e+00    510829  5.9648582e+01 
2.3566409e+00    515577  5.9317886e+01 
2.3648583e+00    520003  5.8806920e+01 
2.3730808e+00    523329  5.8695254e+01 
2.3813088e+00    527653  5.8263398e+01 
2.3895337e+00    530551  5.8020281e+01 
2.3977596e+00    534849  5.7638884e+01 
2.4059742e+00    536725  5.7429340e+01 
2.4141952e+00    542703  5.7035063e+01 
2.4224206e+00    544753  5.6662961e+01 
2.4306279e+00    547917  5.6469822e+01 
2.4388427e+00    552805  5.6114840e+01 
2.4470713e+00    557611  5.5847687e+01 
2.4552892e+00    558561  5.5497943e+01 
2.4634965e+00    563689  5.5175405e+01 
2.4717194e+00    568527  5.4861140e+01 
2.4799585e+00    572929  5.4577585e+01 
2.4881768e+00    573841  5.4349354e+01 
2.4963810e+00    578085  5.4049472e+01 
2.5046081e+00    584803  5.3671799e+01 
2.5128405e+00    586701  5.3421597e+01 
2.5210494e+00    588805  5.3056841e+01 
2.5292609e+00    595203  5.2820133e+01 
2.5375051e+00    600577  5.2545253e+01 
2.5457329e+00    601441  5.2190489e+01 
2.5539482e+00    605967  5.2128765e+01 
2.5621623e+00    609169  5.1596215e+01 
2.5703816e+00    614625  5.1342197e+01 
2.5786263e+00    620617  5.1191110e+01 
2.5868401e+00    618447  5.0926095e+01 
2.5950433e+00    626233  5.0461534e+01 
2.6032632e+00    629233  5.0423992e+01 
2.6114738e+00    632739  5.0031817e+01 
2.6197112e+00    641245  4.9819960e+01 
2.6279438e+00    640269  4.9689612e+01 
2.6361637e+00    646813  4.9255028e+01 
2.6443831e+00    648807  4.8974101e+01 
2.6525887e+00    652489  4.8889339e+01 
2.6608125e+00    659569  4.8450814e+01 
2.6690289e+00    659715  4.8295622e+01 
2.6772539e+00    668893  4.8001687e+01 
2.6854862e+00    669441  4.7656669e+01 
2.6937049e+00    674509  4.7591154e+01 
2.7019196e+00    677143  4.7380271e+01 
2.7101354e+00    683109  4.7093678e+01 
2.7183568e+00    685897  4.6852184e+01 
2.7265837e+00    693039  4.6604504e+01 
2.7348023e+00    692185  4.6284329e+01 
2.7430171e+00    701001  4.6146839e+01 
2.7512564e+00    704959  4.5913412e+01 
2.7594757e+00    705505  4.5733590e+01 
2.7676907e+00    713205  4.5532987e+01 
2.7759044e+00    713053  4.5197394e+01 
2.7841133e+00    721599  4.4924030e+01 
2.7923407e+00    724285  4.4743136e+01 
2.8005653e+00    729825  4.4527956e+01 
2.8087766e+00    730555  4.4315946e+01 
2.8169919e+00    738613  4.4022598e+01 
2.8252303e+00    744105  4.3794965e+01 
2.8334664e+00    746233  4.3669104e+01 
2.8416769e+00    748455  4.3333930e+01 
2.8498838e+00    754033  4.3171659e+01 
2.8581068e+00    760233  4.3009681e+01 
2.8663409e+00    764947  4.2780932e+01 
2.8745611e+00    765985  4.2659831e+01 
2.8827741e+00    772869  4.2351477e+01 
2.8909999e+00    777079  4.2148169e+01 
2.8992242e+00    781137  4.1904601e+01 
2.9074418e+00    785101  4.1793266e+01 
2.9156578e+00    789169  4.1477237e+01 
2.9238771e+00    795171  4.1407983e+01 
2.9320937e+00    797281  4.1113934e+01 
2.9403028e+00    802761  4.0921282e+01 
2.9485205e+00    808075  4.0659664e+01 
2.9567582e+00    815109  4.0471824e+01 
2.9649793e+00    814705  4.0325175e+01 
2.9731898e+00    821329  4.0070529e+01 
2.9814161e+00    827415  3.9965585e+01 
2.9896448e+00    830797  3.9653259e+01 
2.9978724e+00    836025  3.9609702e+01 
3.0060938e+00    839431  3.9345685e+01 
3.0143054e+00    842409  3.9057537e+01 
3.0225180e+00    849313  3.8884863e+01 
3.0307299e+00    851143  3.8747254e+01 
3.0389484e+00    860337  3.8592484e+01 
3.0471775e+00    862621  3.8352596e+01 
3.0553993e+00    867453  3.8253408e+01 
3.0636167e+00    871939  3.8075298e+01 
3.0718518e+00    880029  3.7921965e+01 
3.0800819e+00    880549  3.7736716e+01 
3.0882930e+00    885019  3.7559210e+01 
3.0965075e+00    890997  3.7340561e+01 
3.1047267e+00    895573  3.7178907e+01 
3.1129501e+00    901029  3.6977906e+01 
3.1211590e+00    902251  3.6855816e+01 
3.1293840e+00    913789  3.6674833e+01 
3.1376119e+00    912837  3.6498285e+01 
3.1458317e+00    921451  3.6286387e+01 
3.1540530e+00    922473  3.6146744e+01 
3.1622744e+00    931549  3.5978774e+01 
3.1705023e+00    933333  3.5766366e+01 
3.1787357e+00    942631  3.5661558e+01 
3.1869514e+00    939061  3.5436788e+01 
3.1951574e+00    949797  3.5304331e+01 
3.2033876e+00    955099  3.5099608e+01 
3.2116104e+00    956937  3.4984083e+01 
3.2198174e+00    962053  3.4838742e+01 
3.2280396e+00    969963  3.4655385e+01 
3.2362674e+00    972985  3.4449677e+01 
3.2444846e+00    978001  3.4343311e+01 
3.2527087e+00    983793  3.4146393e+01 
3.2609257e+00    987091  3.4045842e+01 
3.2691522e+00    995025  3.3899144e+01 
3.2773752e+00    997033  3.3702220e+01 
3.2855861e+00   1002063  3.3585804e+01 
3.2938046e+00   1008385  3.3423957e+01 
3.3020369e+00   1016053  3.3277338e+01 
3.3102670e+00   1017405  3.3114545e+01 
3.3184726e+00   1020859  3.2994781e+01 
3.3266957e+00   1031313  3.2814488e+01 
3.3349268e+00   1032877  3.2746476e+01 
3.3431465e+00   1039267  3.2514846e+01 
3.3513590e+00   1040901  3.2387712e+01 
3.3595700e+00   1049245  3.2250846e+01 
3.3677943e+00   1054275  3.2075479e+01 
3.3760140e+00   1058473  3.1931240e+01 
3.3842387e+00   1066317  3.1789230e+01 
3.3924690e+00   1069585  3.1607450e+01 
3.4006900e+00   1074787  3.1533028e+01 
3.4089040e+00   1077873  3.1357624e+01 
3.4171219e+00   1086349  3.1230502e+01 
3.4253486e+00   1090743  3.1085076e+01 
3.4335663e+00   1093909  3.0948447e+01 
3.4417754e+00   1099665  3.0817342e+01 
3.4499931e+00   1106005  3.0678766e+01 
3.4582180e+00   1112815  3.0574848e+01 
3.4664352e+00   1114101  3.0384747e+01 
3.4746657e+00   1126789  3.0306025e+01 
3.4828959e+00   1125447  3.0105475e+01 
3.4911095e+00   1131937  3.0009307e+01 
3.4993273e+00   1138165  2.9900228e+01 
3.5075456e+00   1141977  2.9761302e+01 
3.5157693e+00   1150819  2.9616613e+01 
3.5239957e+00   1153413  2.9540005e+01 
3.5322107e+00   1158289  2.9358598e+01 
3.5404311e+00   1166019  2.9282936e+01 
3.5486573e+00   1170133  2.9193681e+01 
3.5568814e+00   1177057  2.8947885e+01 
3.5651034e+00   1180035  2.8873319e+01 
3.5733191e+00   1185973  2.8747295e+01 
3.5815342e+00   1190841  2.8618882e+01 
3.5897503e+00   1197337  2.8497650e+01 
3.5979714e+00   1203399  2.8414070e+01 
3.6061932e+00   1208245  2.8271873e+01 
3.6144077e+00   1212145  2.8163128e+01 
3.6226327e+00   1222887  2.8072761e+01 
3.6308596e+00   1223329  2.7911603e+01 
3.6390776e+00   1231653  2.7813201e+01 
3.6472968e+00   1234441  2.7679402e+01 
3.6555184e+00   1243887  2.7592069e+01 
3.6637468e+00   1247713  2.7478411e+01 
3.6719669e+00   1252081  2.7353731e+01 
3.6801817e+00   1257807  2.7243955e+01 
3.6884137e+00   1268185  2.7105421e+01 
3.6966389e+00   1267569  2.7030392e+01 
3.7048579e+00   1277059  2.6878614e+01 
3.7130845e+00   1281325  2.6774533e+01 
3.7213014e+00   1285809  2.6641711e+01 
3.7295178e+00   1291681  2.6520674e+01 
3.7377396e+00   1299975  2.6460378e+01 
3.7459571e+00   1300825  2.6322533e+01 
3.7541777e+00   1312917  2.6252250e+01 
3.7624093e+00   1315711  2.6121041e+01 
3.7706289e+00   1320385  2.6046626e+01 
3.7788330e+00   1322721  2.5950697e+01 
3.7870515e+00   1335625  2.5820110e+01 
3.7952784e+00   1337991  2.5693589e+01 
3.8035062e+00   1347277  2.5585860e+01 
3.8117343e+00   1349421  2.5512792e+01 
3.8199508e+00   1355407  2.5414388e+01 
3.8281711e+00   1362001  2.5269314e+01 
3.8363911e+00   1367481  2.5163262e+01 
3.8446086e+00   1372735  2.5097629e+01 
3.8528268e+00   1378989  2.4958463e+01 
3.8610413e+00   1383937  2.4884146e+01 
3.8692659e+00   1393737  2.4820845e+01 
3.8774986e+00   1398907  2.4698198e+01 
3.8857180e+00   1400545  2.4608644e+01 
3.8939292e+00   1408305  2.4499863e+01 
3.9021505e+00   1416235  2.4397246e+01 
3.9103747e+00   1420389  2.4317176e+01 
3.9185916e+00   1426477  2.4207711e+01 
3.9268149e+00   1433797  2.4082328e+01 
3.9350388e+00   1439547  2.4023706e+01 
3.9432528e+00   1441777  2.3950671e+01 
3.9514741e+00   1454193  2.3793692e+01 
3.9597020e+00   1456651  2.3723997e+01 
3.9679183e+00   1461357  2.3599606e+01 
3.9761429e+00   1472557  2.3526499e+01 
3.9843639e+00   1471645  2.3463762e+01 
3.9925805e+00   1483635  2.3313677e+01 
4.0008069e+00   1486885  2.3263621e+01 
4.0090342e+00   1496445  2.3197738e+01 
4.0172476e+00   1494487  2.3106768e+01 
4.0254607e+00   1507785  2.3024517e+01 
4.0336881e+00   1512529  2.2938420e+01 
4.0419096e+00   1517707  2.2818868e+01 
4.0501306e+00   1525077  2.2729836e+01 
4.0583540e+00   1530793  2.2633111e+01 
4.0665689e+00   1533885  2.2558481e+01 
4.0747928e+00   1547191  2.2466039e+01 
4.0830176e+00   1546641  2.2400514e+01 
4.0912309e+00   1554709  2.2295301e+01 
4.0994513e+00   1562539  2.2189723e+01 
4.1076719e+00   1566657  2.2124381e+01 
4.1158910e+00   1575301  2.2084961e+01 
4.1241157e+00   1580733  2.1969249e+01 
4.1323349e+00   1585843  2.1873838e+01 
4.1405550e+00   1594153  2.1784950e+01 
4.1487725e+00   1596969  2.1682793e+01 
4.1569988e+00   1610923  2.1631467e+01 
4.1652236e+00   1608045  2.1557181e+01 
4.1734382e+00   1620649  2.1477951e+01 
4.1816538e+00   1620795  2.1371053e+01 
4.1898766e+00   1635949  2.1295474e+01 
4.1981039e+00   1636129  2.1243279e+01 
4.2063221e+00   1644273  2.1167800e+01 
4.2145464e+00   1652407  2.1056728e+01 
4.2227740e+00   1657593  2.0995503e+01 
4.2309923e+00   1662145  2.0935265e+01 
4.2392057e+00   1668411  2.0831221e+01 
4.2474259e+00   1677397  2.0755883e+01 
4.2556488e+00   1683205  2.0669236e+01 
4.2638659e+00   1687497  2.0597361e+01 
4.2720868e+00   1698223  2.0520825e+01 
4.2803119e+00   1701765  2.0455425e+01 
4.2885380e+00   1712041  2.0383610e+01 
4.2967563e+00   1711831  2.0286129e+01 
4.3049745e+00   1724697  2.0225914e+01 
4.3131940e+00   1725685  2.0154832e+01 
4.3214113e+00   1737111  2.0086572e+01 
4.3296364e+00   1741861  2.0007728e+01 
4.3378562e+00   1748793  1.9947690e+01 
4.3460754e+00   1753621  1.9850788e+01 
4.3542977e+00   1764523  1.9777799e+01 
4.3625129e+00   1763601  1.9719098e+01 
4.3707291e+00   1777957  1.9639307e+01 
4.3789516e+00   1780011  1.9566439e+01 
4.3871759e+00   1791409  1.9495533e+01 
4.3953985e+00   1794117  1.9404655e+01 
4.4036262e+00   1805653  1.9373746e+01 
4.4118475e+00   1805623  1.9278070e+01 
4.4200634e+00   1816365  1.9218814e+01 
4.4282897e+00   1823797  1.9159485e+01 
4.4365125e+00   1828611  1.9090528e+01 
4.4447284e+00   1833685  1.9016764e+01 
4.4529469e+00   1844037  1.8937105e+01 
4.4611709e+00   1849177  1.8862324e+01 
4.4693913e+00   1856659  1.8820484e+01 
4.4776119e+00   1862529  1.8727999e+01 
4.4858249e+00   1866697  1.8680864e+01 
4.4940406e+00   1877955  1.8626199e+01 
4.5022680e+00   1885297  1.8543637e+01 
4.5104920e+00   1890565  1.8487555e+01 
4.5187115e+00   1896663  1.8411402e+01 
4.5269292e+00   1903669  1.8340699e+01 
4.5351462e+00   1910349  1.8297831e+01 
4.5433704e+00   1920517  1.8245397e+01 
4.5515952e+00   1925031  1.8139352e+01 
4.5598125e+00   1930333  1.8083048e+01 
4.5680397e+00   1943845  1.8042992e+01 
4.5762666e+00   1944711  1.7977979e+01 
4.5844734e+00   1947193  1.7898485e+01 
4.5926892e+00   1963905  1.7830956e+01 
4.6009150e+00   1965457  1.7803533e+01 
4.6091393e+00   1977807  1.7715941e+01 
4.6173618e+00   1978357  1.7647973e+01 
4.6255829e+00   1990621  1.7579461e+01 
4.6338054e+00   1994679  1.7554822e+01 
4.6420287e+00   2003473  1.7484405e+01 
4.6502483e+00   2008473  1.7423348e+01 
4.6584622e+00   2014027  1.7338268e+01 
4.6666838e+00   2026545  1.7287167e+01 
4.6749083e+00   2030485  1.7226909e+01 
4.6831245e+00   2035537  1.7151761e+01 
4.6913454e+00   2048271  1.7131518e+01 
4.6995728e+00   2052049  1.7043157e+01 
4.7077941e+00   2060529  1.6977617e+01 
4.7160150e+00   2065843  1.6912060e+01 
4.7242269e+00   2070145  1.6866824e+01 
4.7324392e+00   2080941  1.6807113e+01 
4.7406652e+00   2091085  1.6772451e+01 
4.7488886e+00   2094591  1.6710807e+01 
4.7571058e+00   2102233  1.6652454e+01 
4.7653269e+00   2110593  1.6574918e+01 
4.7735502e+00   2118763  1.6514728e+01 
4.7817670e+00   2121313  1.6472370e+01 
4.7899845e+00   2134197  1.6425852e+01 
4.7982046e+00   2136493  1.6376495e+01 
4.8064310e+00   2152539  1.6315657e+01 
4.8146554e+00   2150905  1.6265126e+01 
4.8228730e+00   2162493  1.6208054e+01 
4.8310969e+00   2169811  1.6165787e+01 
4.8393147e+00   2173273  1.6078454e+01 
4.8475321e+00   2185173  1.6062854e+01 
4.8557582e+00   2192431  1.5969123e+01 
4.8639810e+00   2197593  1.5943292e+01 
4.8722008e+00   2206813  1.5887921e+01 
4.8804205e+00   2211561  1.5828609e+01 
4.8886458e+00   2225683  1.5793878e+01 
4.8968664e+00   2222761  1.5732969e+01 
4.9050824e+00   2238657  1.5670777e+01 
4.9133023e+00   2240611  1.5609319e+01 
4.9215226e+00   2252505  1.5560752e+01 
4.9297408e+00   2255845  1.5520526e+01 
4.9379571e+00   2265253  1.5453811e+01 
4.9461791e+00   2275143  1.5415626e+01 
4.9544118e+00   2285713  1.5348230e+01 
4.9626301e+00   2282277  1.5321898e+01 
4.9708389e+00   2296099  1.5266900e+01 
4.9790671e+00   2307645  1.5217874e+01 
4.9872924e+00   2310073  1.5163095e+01 
4.9955149e+00   2321419  1.5105637e+01 
5.0037343e+00   2323209  1.5056471e+01 
5.0119552e+00   2337913  1.5008889e+01 
5.0201824e+00   2341713  1.4983707e+01 
5.0284024e+00   2349763  1.4931903e+01 
5.0366152e+00   2352573  1.4884639e+01 
5.0448365e+00   2369725  1.4816948e+01 
5.0530576e+00   2368519  1.4776372e+01 
5.0612730e+00   2381061  1.4727538e+01 
5.0694999e+00   2391997  1.4691290e+01 
5.0777255e+00   2394081  1.4624289e+01 
5.0859429e+00   2403871  1.4580693e+01 
5.0941595e+00   2409297  1.4551777e+01 
5.1023841e+00   2423149  1.4501821e+01 
5.1106122e+00   2427835  1.4447975e+01 
5.1188346e+00   2434545  1.4401043e+01 
5.1270508e+00   2441149  1.4354281e+01 
5.1352671e+00   2449191  1.4319455e+01 
5.1434914e+00   2461633  1.4268955e+01 
5.1517141e+00   2464441  1.4222415e+01 
5.1599223e+00   2468097  1.4162721e+01 
5.1681384e+00   2485999  1.4136863e+01 
5.1763678e+00   2490381  1.4088215e+01 
5.1845889e+00   2497897  1.4031194e+01 
5.1928046e+00   2502831  1.4009438e+01 
5.2010297e+00   2519065  1.3961338e+01 
5.2092571e+00   2520541  1.3893399e+01 
5.2174761e+00   2529381  1.3869759e+01 
5.2256960e+00   2537851  1.3831951e+01 
5.2339216e+00   2548197  1.3790619e+01 
5.2421435e+00   2551477  1.3752190e+01 
5.2503559e+00   2558919  1.3709798e+01 
5.2585666e+00   2565685  1.3657158e+01 
5.2667871e+00   2581681  1.3626552e+01 
5.2750156e+00   2586609  1.3579719e+01 
5.2832379e+00   2593915  1.3525049e+01 
5.2914555e+00   2599881  1.3480829e+01 
5.2996793e+00   2613469  1.3442772e+01 
5.3079025e+00   2616847  1.3418919e+01 
5.3161184e+00   2623749  1.3362639e+01 
5.3243394e+00   2637157  1.3324801e+01 
5.3325676e+00   2644347  1.3276450e+01 
5.3407866e+00   2647585  1.3244956e+01 
5.3489987e+00   2656581  1.3196286e+01 
5.3572204e+00   2669041  1.3168812e+01 
5.3654435e+00   2675287  1.3119861e+01 
5.3736639e+00   2682609  1.3085926e+01 
5.3818834e+00   2691769  1.3051877e+01 
5.3901007e+00   2697195  1.3008199e+01 
5.3983228e+00   2711077  1.2952727e+01 
5.4065515e+00   2719461  1.2914780e+01 
5.4147758e+00   2723005  1.2874026e+01 
5.4229951e+00   2733835  1.2867517e+01 
5.4312154e+00   2739657  1.2791166e+01 
5.4394319e+00   2748061  1.2767767e+01 
5.4476511e+00   2758371  1.2747412e+01 
5.4558738e+00   2766325  1.2691197e+01 
5.4640942e+00   2774241  1.2662354e+01 
5.4723180e+00   2784979  1.2626931e+01 
5.4805346e+00   2786053  1.2576905e+01 
5.4887567e+00   2805945  1.2539021e+01 
5.4969821e+00   2804113  1.2498298e+01 
5.5051999e+00   2818539  1.2473488e+01 
5.5134225e+00   2823733  1.2432856e+01 
5.5216419e+00   2833081  1.2390823e+01 
5.5298656e+00   2844183  1.2361925e+01 
5.5380876e+00   2847529  1.2332866e+01 
5.5463072e+00   2861157  1.2270705e+01 
5.5545273e+00   2863585  1.2241085e+01 
5.5627489e+00   2879571  1.2200441e+01 
5.5709720e+00   2881657  1.2176903e+01 
5.5791908e+00   2893309  1.2136296e+01 
5.5874137e+00   2902527  1.2097972e+01 
5.5956303e+00   2904373  1.2051019e+01 
5.6038400e+00   2915877  1.2031826e+01 
5.6120554e+00   2925247  1.2008462e+01 
5.6202848e+00   2943069  1.1957983e+01 
5.6285148e+00   2942677  1.1943669e+01 
5.6367340e+00   2952325  1.1900864e+01 
5.6449535e+00   2961027  1.1856373e+01 
5.6531764e+00   2970937  1.1824733e+01 
5.6613991e+00   2978853  1.1800679e+01 
5.6696139e+00   2982199  1.1761038e+01 
5.6778355e+00   3001233  1.1710122e+01 
5.6860646e+00   3005173  1.1695373e+01 
5.6942800e+00   3008233  1.1659184e+01 
5.7024958e+00   3023247  1.1613902e+01 
5.7107152e+00   3027997  1.1589938e+01 
5.7189396e+00   3044301  1.1557507e+01 
5.7271629e+00   3045127  1.1520474e+01 
5.7353846e+00   3060109  1.1499513e+01 
5.7436120e+00   3067401  1.1446531e+01 
5.7518308e+00   3070897  1.1417217e+01 
5.7600506e+00   3085791  1.1380757e+01 
5.7682711e+00   3089425  1.1362686e+01 
5.7764896e+00   3100845  1.1314545e+01 
5.7847142e+00   3112795  1.1287565e+01 
5.7929354e+00   3115357  1.1253294e+01 
5.8011538e+00   3129021  1.1222261e+01 
5.8093682e+00   3129187  1.1189237e+01 
5.8175837e+00   3147525  1.1161536e+01 
5.8258134e+00   3159073  1.1130816e+01 
5.8340397e+00   3161457  1.1093745e+01 
5.8422579e+00   3171499  1.1059695e+01 
5.8504766e+00   3178765  1.1031924e+01 
5.8586915e+00   3187437  1.1010521e+01 
5.8669078e+00   3197371  1.0988619e+01 
5.8751301e+00   3209433  1.0937420e+01 
5.8833500e+00   3214333  1.0909115e+01 
5.8915720e+00   3228441  1.0868213e+01 
5.8997938e+00   3233203  1.0852979e+01 
5.9080163e+00   3245605  1.0829727e+01 
5.9162402e+00   3252789  1.0784757e+01 
5.9244557e+00   3257875  1.0744477e+01 
5.9326748e+00   3272709  1.0732684e+01 
5.9408974e+00   3279373  1.0695515e+01 
5.9491163e+00   3287587  1.0674514e+01 
5.9573375e+00   3299625  1.0638250e+01 
5.9655656e+00   3311521  1.0605191e+01 
5.9737908e+00   3314685  1.0568278e+01 
5.9820079e+00   3324415  1.0539602e+01 
5.9902273e+00   3333945  1.0526237e+01 
5.9984501e+00   3345673  1.0496166e+01 
6.0066677e+00   3348667  1.0461920e+01 
6.0148886e+00   3365553  1.0442097e+01 
6.0231114e+00   3369649  1.0401812e+01 
6.0313327e+00   3381933  1.0375749e+01 
6.0395555e+00   3390139  1.0350569e+01 
6.0477717e+00   3394641  1.0316644e+01 
6.0559917e+00   3410917  1.0292765e+01 
6.0642134e+00   3415939  1.0264613e+01 
6.0724345e+00   3427497  1.0243883e+01 
6.0806551e+00   3435817  1.0210824e+01 
6.0888742e+00   3443223  1.0171086e+01 
6.0970953e+00   3456721  1.0149806e+01 
6.1053206e+00   3465909  1.0133708e+01 
6.1135426e+00   3471721  1.0096635e+01 
6.1217608e+00   3481891  1.0061055e+01 
6.1299794e+00   3490041  1.0048754e+01 
6.1382001e+00   3503713  1.0011285e+01 
6.1464232e+00   3510111  9.9871457e+00 
6.1546440e+00   3520033  9.9586887e+00 
6.1628623e+00   3527569  9.9353632e+00 
6.1710827e+00   3540405  9.8969122e+00 
6.1793075e+00   3550231  9.8766647e+00 
6.1875262e+00   3553917  9.8428319e+00 
6.1957448e+00   3568753  9.8225713e+00 
6.2039672e+00   3576999  9.7950328e+00 
6.2121879e+00   3585421  9.7798304e+00 
6.2204109e+00   3598681  9.7547761e+00 
6.2286349e+00   3604473  9.7215865e+00 
6.2368559e+00   3615655  9.6960647e+00 
6.2450740e+00   3621525  9.6733331e+00 
6.2532960e+00   3636649  9.6453526e+00 
6.2615181e+00   3642387  9.6224774e+00 
6.2697339e+00   3648541  9.6023437e+00 
6.2779560e+00   3668629  9.5694344e+00 
6.2861787e+00   3667707  9.5367547e+00 
6.2943962e+00   3682657  9.5273474e+00 
6.3026147e+00   3688881  9.4874644e+00 
6.3108345e+00   3701749  9.4589435e+00 
6.3190553e+00   3710599  9.4447825e+00 
6.3272756e+00   3719361  9.4162368e+00 
6.3354957e+00   3729961  9.3963634e+00 
6.3437202e+00   3743475  9.3670951e+00 
6.3519406e+00   3744913  9.3469439e+00 
6.3601570e+00   3759513  9.3253050e+00 
6.3683765e+00   3766669  9.2931289e+00 
6.3765963e+00   3779983  9.2744511e+00 
6.3848210e+00   3790461  9.2455215e+00 
6.3930446e+00   3797989  9.2236167e+00 
6.4012629e+00   3805767  9.1959914e+00 
6.4094883e+00   3823429  9.1706184e+00 
6.4177094e+00   3822189  9.1565234e+00 
6.4259275e+00   3839947  9.1294660e+00 
6.4341481e+00   3843517  9.0974270e+00 
6.4423680e+00   3859965  9.0816773e+00 
6.4505964e+00   3870265  9.0597654e+00 
6.4588111e+00   3867603  9.0454634e+00 
6.4670270e+00   3890533  9.0172741e+00 
6.4752493e+00   3893481  8.9942245e+00 
6.4834689e+00   3908431  8.9730615e+00 
6.4916933e+00   3916477  8.9379870e+00 
6.4999148e+00   3927381  8.9137100e+00 
6.5081309e+00   3929269  8.8944642e+00 
6.5163534e+00   3954687  8.8765562e+00 
6.5245760e+00   3948889  8.8499440e+00 
6.5327933e+00   3969133  8.8232327e+00 
6.5410160e+00   3974883  8.8023573e+00 
6.5492381e+00   3987133  8.7843075e+00 
6.5574570e+00   3993957  8.7601970e+00 
6.5656780e+00   4007377  8.7403444e+00 
6.5739038e+00   4019439  8.7148952e+00 
6.5821255e+00   4023241  8.6997757e+00 
6.5903450e+00   4037425  8.6742419e+00 
6.5985638e+00   4043343  8.6515652e+00 
6.6067831e+00   4056925  8.6245957e+00 
6.6150020e+00   4063737  8.6066910e+00 
6.6232203e+00   4076791  8.5887689e+00 
6.6314488e+00   4093677  8.5617048e+00 
6.6396726e+00   4092769  8.5375712e+00 
6.6478915e+00   4108105  8.5269758e+00 
6.6561088e+00   4113075  8.4965601e+00 
6.6643274e+00   4128817  8.4825488e+00 
6.6725478e+00   4134873  8.4518477e+00 
6.6807670e+00   4148731  8.4353893e+00 
6.6889895e+00   4157973  8.4165218e+00 
6.6972148e+00   4172869  8.3958728e+00 
6.7054408e+00   4178353  8.3689625e+00 
6.7136593e+00   4186107  8.3439782e+00 
6.7218782e+00   4199497  8.3285408e+00 
6.7300971e+00   4205565  8.3063326e+00 
6.7383151e+00   4220875  8.2920698e+00 
6.7465348e+00   4225933  8.2703456e+00 
6.7547626e+00   4251717  8.2438463e+00 
6.7629864e+00   4241443  8.2314631e+00 
6.7712039e+00   4265589  8.2095555e+00 
6.7794223e+00   4264249  8.1862631e+00 
6.7876407e+00   4284381  8.1737264e+00 
6.7958664e+00   4294687  8.1523240e+00 
6.8040874e+00   4298641  8.1246484e+00 
6.8123076e+00   4316037  8.0981301e+00 
6.8205292e+00   4319971  8.0787749e+00 
6.8287492e+00   4334721  8.0610114e+00 
6.8369702e+00   4343569  8.0435610e+00 
6.8451921e+00   4355217  8.0307570e+00 
6.8534092e+00   4359871  8.0031623e+00 
6.8616268e+00   4376533  7.9881424e+00 
6.8698486e+00   4384953  7.9644748e+00 
6.8780689e+00   4397167  7.9486896e+00 
6.8862894e+00   4404441  7.9289720e+00 
6.8945125e+00   4422121  7.9124396e+00 
6.9027336e+00   4423419  7.8907024e+00 
6.9109495e+00   4437157  7.8698915e+00 
6.9191739e+00   4454329  7.8483577e+00 
6.9274007e+00   4459389  7.8332693e+00 
6.9356133e+00   4462087  7.8151974e+00 
6.9438330e+00   4487157  7.7989595e+00 
6.9520569e+00   4487845  7.7742936e+00 
6.9602747e+00   4502311  7.7582800e+00 
6.9684991e+00   4515609  7.7451786e+00 
6.9767222e+00   4523293  7.7205284e+00 
6.9849409e+00   4530525  7.7013083e+00 
6.9931568e+00   4543075  7.6833325e+00 
7.0013751e+00   4553601  7.6655711e+00 
7.0096013e+00   4573213  7.6506758e+00 
7.0178216e+00   4569475  7.6340406e+00 
7.0260401e+00   4591089  7.6035084e+00 
7.0342621e+00   4596253  7.5962580e+00 
7.0424800e+00   4606701  7.5755843e+00 
7.0507016e+00   4623319  7.5582498e+00 
7.0589241e+00   4628589  7.5385976e+00 
7.0671465e+00   4644337  7.5156162e+00 
7.0753700e+00   4652227  7.5019243e+00 
7.0835893e+00   4660413  7.4831535e+00 
7.0918121e+00   4678945  7.4652762e+00 
7.1000403e+00   4687191  7.4459753e+00 
7.1082626e+00   4694245  7.4313887e+00 
7.1164750e+00   4698025  7.4212787e+00 
7.1246911e+00   4719597  7.3942387e+00 
7.1329121e+00   4725775  7.3736321e+00 
7.1411323e+00   4739961  7.3701917e+00 
7.1493561e+00   4752325  7.3473748e+00 
7.1575770e+00   4759023  7.3310118e+00 
7.1657995e+00   4774237  7.3062635e+00 
7.1740200e+00   4780405  7.2923861e+00 
7.1822379e+00   4792101  7.2828383e+00 
7.1904601e+00   4807663  7.2606404e+00 
7.1986839e+00   4816401  7.2410400e+00 
7.2069037e+00   4823509  7.2232862e+00 
7.2151238e+00   4840743  7.2074062e+00 
7.2233464e+00   4846849  7.1926389e+00 
7.2315634e+00   4857709  7.1746036e+00 
7.2397842e+00   4871907  7.1554691e+00 
7.2480057e+00   4881601  7.1434006e+00 
7.2562272e+00   4894389  7.1269595e+00 
7.2644479e+00   4901329  7.1144612e+00 
7.2726645e+00   4913583  7.0919298e+00 
7.2808900e+00   4932313  7.0755126e+00 
7.2891104e+00   4931233  7.0605211e+00 
7.2973270e+00   4949439  7.0437991e+00 
7.3055493e+00   4960093  7.0243203e+00 
7.3137745e+00   4975845  7.0129963e+00 
7.3219931e+00   4973809  6.9946638e+00 
7.3302118e+00   4999375  6.9778498e+00 
7.3384339e+00   4999281  6.9631590e+00 
7.3466551e+00   5020633  6.9467762e+00 
7.3548795e+00   5026719  6.9331418e+00 
7.3630994e+00   5036893  6.9167754e+00 
7.3713216e+00   5052285  6.9018253e+00 
7.3795385e+00   5052547  6.8853670e+00 
7.3877558e+00   5075413  6.8683910e+00 
7.3959798e+00   5084049  6.8456172e+00 
7.4041972e+00   5088469  6.8336970e+00 
7.4124147e+00   5108391  6.8201194e+00 
7.4206396e+00   5118805  6.8050124e+00 
7.4288647e+00   5132721  6.7897594e+00 
7.4370842e+00   5134123  6.7729420e+00 
7.4452990e+00   5148289  6.7595404e+00 
7.4535225e+00   5169609  6.7405260e+00 
7.4617468e+00   5170585  6.7232695e+00 
7.4699665e+00   5188107  6.7109310e+00 
7.4781905e+00   5197321  6.7002808e+00 
7.4864087e+00   5204481  6.6792735e+00 
7.4946244e+00   5217199  6.6671413e+00 
7.5028460e+00   5233909  6.6473742e+00 
7.5110695e+00   5244033  6.6362401e+00 
7.5192891e+00   5250349  6.6195612e+00 
7.5275085e+00   5267823  6.6034010e+00 
7.5357338e+00   5280397  6.5898923e+00 
7.5439538e+00   5284129  6.5811599e+00 
7.5521676e+00   5295771  6.5649972e+00 
7.5603901e+00   5317405  6.5520305e+00 
7.5686160e+00   5324901  6.5381939e+00 
7.5768374e+00   5333755  6.5230788e+00 
7.5850573e+00   5345937  6.5035300e+00 
7.5932792e+00   5359657  6.4882346e+00 
7.6014993e+00   5366821  6.4764151e+00 
7.6097182e+00   5382075  6.4593781e+00 
7.6179396e+00   5392261  6.4469970e+00 
7.6261626e+00   5407353  6.4357645e+00 
7.6343819e+00   5412259  6.4165834e+00 
7.6425996e+00   5426973  6.4121213e+00 
7.6508259e+00   5448109  6.3956584e+00 
7.6590492e+00   5444749  6.3734044e+00 
7.6672644e+00   5462499  6.3652226e+00 
7.6754861e+00   5476897  6.3473813e+00 
7.6837107e+00   5487741  6.3371206e+00 
7.6919251e+00   5489011  6.3180246e+00 
7.7001458e+00   5517945  6.3070269e+00 
7.7083737e+00   5523913  6.2904032e+00 
7.7165936e+00   5529295  6.2782069e+00 
7.7248087e+00   5541585  6.2665531e+00 
7.7330246e+00   5554501  6.2504924e+00 
7.7412463e+00   5571717  6.2369551e+00 
7.7494742e+00   5587903  6.2226588e+00 
7.7576947e+00   5584453  6.2135565e+00 
7.7659132e+00   5609505  6.1927932e+00 
7.7741358e+00   5613739  6.1805094e+00 
7.7823513e+00   5622837  6.1685785e+00 
7.7905713e+00   5644501  6.1566542e+00 
7.7987918e+00   5646693  6.1432251e+00 
7.8070122e+00   5668363  6.1354128e+00 
7.8152371e+00   5677237  6.1130172e+00 
7.8234595e+00   5688513  6.1005385e+00 
7.8316789e+00   5696839  6.0894951e+00 
7.8399017e+00   5716845  6.0770302e+00 
7.8481243e+00   5721301  6.0643405e+00 
7.8563420e+00   5733921  6.0508780e+00 
7.8645647e+00   5751391  6.0372157e+00 
7.8727833e+00   5753065  6.0207439e+00 
7.8810048e+00   5778813  6.0075000e+00 
7.8892255e+00   5777623  5.9971558e+00 
7.8974419e+00   5794701  5.9870536e+00 
7.9056662e+00   5813953  5.9692421e+00 
7.9138873e+00   5814963  5.9564489e+00 
7.9221082e+00   5836669  5.9471949e+00 
7.9303315e+00   5843749  5.9312504e+00 
7.9385552e+00   5859633  5.9207472e+00 
7.9467753e+00   5865199  5.9139194e+00 
7.9549920e+00   5877273  5.8971484e+00 
7.9632116e+00   5894521  5.8833142e+00 
7.9714352e+00   5907055  5.8726586e+00 
7.9796585e+00   5918409  5.8511661e+00 
7.9878757e+00   5923525  5.8500677e+00 
7.9960952e+00   5944341  5.8357123e+00 
8.0043170e+00   5952907  5.8193430e+00 
8.0125320e+00   5958177  5.8077352e+00 
8.0207534e+00   5986729  5.7963404e+00 
8.0289805e+00   5991607  5.7838633e+00 
8.0371985e+00   5997009  5.7710888e+00 
8.0454172e+00   6017809  5.7640586e+00 
8.0536433e+00   6032451  5.7507308e+00 
8.0618658e+00   6036661  5.7359518e+00 
8.0700818e+00   6048429  5.7272422e+00 
8.0783041e+00   6069241  5.7133910e+00 
8.0865253e+00   6072799  5.7004414e+00 
8.0947424e+00   6087333  5.6926825e+00 
8.1029614e+00   6100189  5.6784408e+00 
8.1111787e+00   6110199  5.6699795e+00 
8.1194040e+00   6135469  5.6530860e+00 
8.1276284e+00   6135757  5.6459558e+00 
8.1358481e+00   6151389  5.6295739e+00 
8.1440687e+00   6163015  5.6181653e+00 
8.1522872e+00   6172905  5.6081090e+00 
8.1605104e+00   6194425  5.5954637e+00 
8.1687313e+00   6196047  5.5861031e+00 
8.1769517e+00   6216145  5.5707601e+00 
8.1851769e+00   6230473  5.5593082e+00 
8.1933968e+00   6232095  5.5484442e+00 
8.2016131e+00   6249913  5.5402146e+00 
8.2098349e+00   6266493  5.5250931e+00 
8.2180551e+00   6270925  5.5159394e+00 
8.2262747e+00   6292635  5.5040889e+00 
8.2345019e+00   6306181  5.4918649e+00 
8.2427232e+00   6309697  5.4775103e+00 
8.2509404e+00   6324579  5.4687550e+00 
8.2591627e+00   6342217  5.4581732e+00 
8.2673825e+00   6347277  5.4441573e+00 
8.2756007e+00   6364285  5.4374058e+00 
8.2838227e+00   6378303  5.4263217e+00 
8.2920402e+00   6382993  5.4171302e+00 
8.3002587e+00   6404353  5.4012845e+00 
8.3084788e+00   6412287  5.3883615e+00 
8.3167004e+00   6430825  5.3777392e+00 
8.3249261e+00   6444501  5.3707079e+00 
8.3331455e+00   6446653  5.3599408e+00 
8.3413647e+00   6469255  5.3456739e+00 
8.3495867e+00   6477417  5.3396369e+00 
8.3578082e+00   6491929  5.3261225e+00 
8.3660281e+00   6503031  5.3172021e+00 
8.3742512e+00   6521089  5.3064674e+00 
8.3824736e+00   6527925  5.2919647e+00 
8.3906880e+00   6533347  5.2831048e+00 
8.3989048e+00   6557797  5.2742110e+00 
8.4071295e+00   6572589  5.2592509e+00 
8.4153531e+00   6579466  5.2531567e+00 
