# Power spectrum from CO𝘕CEPT job 3235061 at t = 0.46993263 Gyr, a = 0.09090909.
# 
# Below, the following component mapping is used:
#   GADGET halo: 0
# 
#            grid size 2048            
# ╭───────────────────────────────────╮
#                         component 0  
#                        σ₈ = 9.70e-02 
#  k [Mpc⁻¹]     modes    power [Mpc³] 
8.2221370e-03         3  1.0758153e+03 
1.2673178e-02        10  1.1058516e+03 
1.8949496e-02        27  9.5077448e+02 
2.5528345e-02        45  7.3812479e+02 
3.1646310e-02        67  6.0492450e+02 
3.8834099e-02       141  5.2120198e+02 
4.7253009e-02       217  4.4489169e+02 
5.5427562e-02       265  3.6445635e+02 
6.3367756e-02       375  2.8714942e+02 
7.1552601e-02       469  2.3497214e+02 
7.9606602e-02       573  2.0635995e+02 
8.7525115e-02       679  1.8925189e+02 
9.5793720e-02       889  1.6438901e+02 
1.0432437e-01      1053  1.3674379e+02 
1.1246011e-01      1105  1.1766979e+02 
1.2081078e-01      1467  1.0572374e+02 
1.2920707e-01      1501  9.7318989e+01 
1.3728195e-01      1737  8.8707338e+01 
1.4544523e-01      1963  7.7822594e+01 
1.5354868e-01      2125  6.9117075e+01 
1.6179411e-01      2517  6.2697379e+01 
1.6998032e-01      2575  5.8246086e+01 
1.7823749e-01      3081  5.3993246e+01 
1.8647924e-01      3133  4.9007704e+01 
1.9450492e-01      3429  4.5043197e+01 
2.0279368e-01      3991  4.1458494e+01 
2.1106968e-01      4009  3.8727159e+01 
2.1919368e-01      4497  3.6300150e+01 
2.2738495e-01      4747  3.3762029e+01 
2.3568480e-01      5289  3.1285588e+01 
2.4401651e-01      5581  2.8885450e+01 
2.5227776e-01      5901  2.7076912e+01 
2.6047563e-01      6295  2.5481437e+01 
2.6863147e-01      6601  2.4052235e+01 
2.7681578e-01      7161  2.2595065e+01 
2.8503686e-01      7531  2.1287591e+01 
2.9328369e-01      8037  2.0001812e+01 
3.0152034e-01      8437  1.8980896e+01 
3.0968972e-01      8827  1.7991318e+01 
3.1792621e-01      9513  1.6985271e+01 
3.2612785e-01      9709  1.6042035e+01 
3.3438462e-01     10641  1.5171302e+01 
3.4256434e-01     10567  1.4621501e+01 
3.5075625e-01     11685  1.3790534e+01 
3.5913158e-01     12169  1.3150395e+01 
3.6726128e-01     12091  1.2687254e+01 
3.7540513e-01     13257  1.2025141e+01 
3.8365326e-01     13657  1.1421423e+01 
3.9186878e-01     14241  1.0937529e+01 
4.0007226e-01     14851  1.0508383e+01 
4.0831669e-01     15609  1.0120320e+01 
4.1659197e-01     16189  9.6911598e+00 
4.2474338e-01     16471  9.2702151e+00 
4.3292487e-01     17481  8.8699885e+00 
4.4118443e-01     18253  8.4725335e+00 
4.4945797e-01     18801  8.1383053e+00 
4.5768680e-01     19495  7.8395134e+00 
4.6589523e-01     20101  7.5504108e+00 
4.7413037e-01     20985  7.2899990e+00 
4.8233216e-01     21451  6.9889692e+00 
4.9055869e-01     22533  6.8160483e+00 
4.9876958e-01     22945  6.6045089e+00 
5.0695469e-01     23811  6.2410550e+00 
5.1516324e-01     24625  6.0842275e+00 
5.2340719e-01     25705  5.9192261e+00 
5.3166792e-01     26241  5.6478283e+00 
5.3987791e-01     27043  5.4583419e+00 
5.4811056e-01     28029  5.2936447e+00 
5.5631052e-01     28489  5.1221732e+00 
5.6454394e-01     30039  5.0055703e+00 
5.7280580e-01     30301  4.8189383e+00 
5.8095624e-01     31033  4.6776986e+00 
5.8916850e-01     32529  4.5362170e+00 
5.9739346e-01     32935  4.3792533e+00 
6.0562826e-01     34437  4.2636204e+00 
6.1385587e-01     34645  4.1340927e+00 
6.2202508e-01     35979  4.0200790e+00 
6.3026054e-01     36949  3.8716141e+00 
6.3850722e-01     38113  3.7561749e+00 
6.4671129e-01     38475  3.6755500e+00 
6.5489513e-01     39865  3.5863120e+00 
6.6317232e-01     41493  3.4719243e+00 
6.7144370e-01     41665  3.3801777e+00 
6.7960437e-01     42631  3.2814537e+00 
6.8781728e-01     44085  3.1790948e+00 
6.9609098e-01     45505  3.1282964e+00 
7.0431866e-01     45735  3.0442158e+00 
7.1250888e-01     47125  2.9756015e+00 
7.2074601e-01     48585  2.8858431e+00 
7.2896526e-01     48961  2.8163293e+00 
7.3716603e-01     50743  2.7425446e+00 
7.4536943e-01     51165  2.6850086e+00 
7.5359620e-01     53257  2.6166150e+00 
7.6183014e-01     53655  2.5570967e+00 
7.7000952e-01     54793  2.4884339e+00 
7.7825959e-01     57057  2.4219767e+00 
7.8649345e-01     56839  2.3753977e+00 
7.9470114e-01     59101  2.3234617e+00 
8.0293004e-01     59709  2.2627494e+00 
8.1114663e-01     61225  2.1926909e+00 
8.1938640e-01     62607  2.1511154e+00 
8.2759875e-01     63253  2.1157821e+00 
8.3580186e-01     65061  2.0676269e+00 
8.4401684e-01     66031  2.0174461e+00 
8.5223757e-01     67525  1.9759388e+00 
8.6045289e-01     68769  1.9463122e+00 
8.6867345e-01     70105  1.8878761e+00 
8.7690889e-01     71787  1.8374140e+00 
8.8512375e-01     72337  1.8121449e+00 
8.9333660e-01     74401  1.7691808e+00 
9.0156428e-01     75531  1.7438505e+00 
9.0981861e-01     77473  1.7044283e+00 
9.1800559e-01     77193  1.6744479e+00 
9.2617579e-01     79765  1.6441272e+00 
9.3444731e-01     82143  1.5942111e+00 
9.4270884e-01     82393  1.5647995e+00 
9.5091329e-01     83833  1.5258298e+00 
9.5909931e-01     85059  1.5048908e+00 
9.6732075e-01     87253  1.4710086e+00 
9.7556979e-01     88857  1.4555212e+00 
9.8379845e-01     89659  1.4269255e+00 
9.9201120e-01     91533  1.3980369e+00 
1.0002104e+00     92401  1.3631014e+00 
1.0084450e+00     95353  1.3357658e+00 
1.0166659e+00     95271  1.3195139e+00 
1.0248833e+00     98269  1.2924661e+00 
1.0330937e+00     98217  1.2657446e+00 
1.0413189e+00    101899  1.2464629e+00 
1.0495730e+00    102009  1.2218665e+00 
1.0577765e+00    103993  1.1986443e+00 
1.0660002e+00    105553  1.1778885e+00 
1.0742151e+00    107139  1.1625706e+00 
1.0824407e+00    109189  1.1406144e+00 
1.0906342e+00    109341  1.1197318e+00 
1.0988418e+00    113179  1.1026990e+00 
1.1070736e+00    113053  1.0836187e+00 
1.1152913e+00    116517  1.0619800e+00 
1.1235570e+00    117607  1.0480983e+00 
1.1317678e+00    118365  1.0271311e+00 
1.1399767e+00    121189  1.0076767e+00 
1.1482092e+00    122289  9.9684199e-01 
1.1564133e+00    124147  9.7781411e-01 
1.1646448e+00    126385  9.5850339e-01 
1.1728785e+00    127941  9.4867466e-01 
1.1810812e+00    128947  9.2945644e-01 
1.1893120e+00    132393  9.1428042e-01 
1.1975488e+00    132949  9.0143941e-01 
1.2057515e+00    134649  8.8627809e-01 
1.2139744e+00    137623  8.6824132e-01 
1.2221821e+00    137641  8.6092858e-01 
1.2303882e+00    141321  8.4542141e-01 
1.2386118e+00    142087  8.3282292e-01 
1.2468371e+00    144945  8.1844074e-01 
1.2550491e+00    145717  8.0604234e-01 
1.2632504e+00    148251  7.9104686e-01 
1.2715076e+00    151537  7.7867589e-01 
1.2797393e+00    151321  7.7283061e-01 
1.2879327e+00    153909  7.5993132e-01 
1.2961539e+00    156511  7.4803999e-01 
1.3044033e+00    158709  7.3547794e-01 
1.3126199e+00    159301  7.2163046e-01 
1.3208292e+00    162643  7.1477365e-01 
1.3290781e+00    164613  7.0250585e-01 
1.3372987e+00    165817  6.9580210e-01 
1.3454927e+00    167313  6.8609767e-01 
1.3537055e+00    171067  6.7588517e-01 
1.3619242e+00    171465  6.6549100e-01 
1.3701439e+00    175225  6.5915330e-01 
1.3783849e+00    176743  6.4765291e-01 
1.3865711e+00    176841  6.3722016e-01 
1.3947798e+00    182221  6.2780122e-01 
1.4030407e+00    183117  6.2125828e-01 
1.4112488e+00    184411  6.0827470e-01 
1.4194637e+00    187617  6.0317971e-01 
1.4276827e+00    188905  5.9396105e-01 
1.4358813e+00    191131  5.8469671e-01 
1.4441109e+00    194565  5.7952975e-01 
1.4523482e+00    196141  5.6985977e-01 
1.4605808e+00    198591  5.6483032e-01 
1.4687999e+00    200065  5.5665779e-01 
1.4770325e+00    203797  5.5183793e-01 
1.4852677e+00    204549  5.4062726e-01 
1.4934858e+00    207595  5.3514260e-01 
1.5016937e+00    208581  5.2759037e-01 
1.5098942e+00    211837  5.1973460e-01 
1.5181115e+00    213999  5.1369502e-01 
1.5263433e+00    217057  5.0895080e-01 
1.5345714e+00    218893  5.0185127e-01 
1.5427778e+00    220269  4.9572315e-01 
1.5509965e+00    224323  4.8866560e-01 
1.5592308e+00    225873  4.8309846e-01 
1.5674604e+00    228757  4.7593558e-01 
1.5756766e+00    230283  4.6899924e-01 
1.5838983e+00    233341  4.6412961e-01 
1.5921235e+00    235693  4.5904749e-01 
1.6003362e+00    237399  4.5319500e-01 
1.6085571e+00    241009  4.4820453e-01 
1.6167944e+00    243417  4.4182178e-01 
1.6250068e+00    244129  4.3753837e-01 
1.6332205e+00    248991  4.3255843e-01 
1.6414619e+00    250369  4.2572658e-01 
1.6496809e+00    252829  4.2092812e-01 
1.6578864e+00    254511  4.1636738e-01 
1.6661093e+00    258997  4.1038605e-01 
1.6743400e+00    260157  4.0631104e-01 
1.6825462e+00    262381  4.0199159e-01 
1.6907620e+00    266131  3.9621722e-01 
1.6989742e+00    267117  3.9346284e-01 
1.7071851e+00    271273  3.8949867e-01 
1.7154282e+00    274563  3.8225397e-01 
1.7236568e+00    275473  3.7740080e-01 
1.7318611e+00    278193  3.7416949e-01 
1.7400632e+00    280657  3.7153677e-01 
1.7482934e+00    285319  3.6697960e-01 
1.7565265e+00    286401  3.6151342e-01 
1.7647380e+00    288889  3.5827900e-01 
1.7729679e+00    293391  3.5225678e-01 
1.7812045e+00    294577  3.5092554e-01 
1.7894202e+00    297573  3.4660215e-01 
1.7976321e+00    299563  3.4185436e-01 
1.8058580e+00    303997  3.3885259e-01 
1.8140780e+00    305025  3.3601788e-01 
1.8222895e+00    308533  3.3231461e-01 
1.8305112e+00    311619  3.2737360e-01 
1.8387383e+00    314257  3.2378072e-01 
1.8469543e+00    316617  3.2002825e-01 
1.8551731e+00    320131  3.1760864e-01 
1.8634014e+00    322729  3.1369736e-01 
1.8716300e+00    326289  3.1085714e-01 
1.8798447e+00    326989  3.0712905e-01 
1.8880450e+00    331131  3.0460651e-01 
1.8962725e+00    334801  3.0097659e-01 
1.9044884e+00    335833  2.9822759e-01 
1.9127031e+00    340827  2.9300869e-01 
1.9209328e+00    342721  2.9125432e-01 
1.9291750e+00    347925  2.8779751e-01 
1.9373997e+00    346915  2.8563124e-01 
1.9456036e+00    352221  2.8289157e-01 
1.9538293e+00    354793  2.8022793e-01 
1.9620448e+00    357109  2.7611838e-01 
1.9702638e+00    361299  2.7344081e-01 
1.9784857e+00    363205  2.7052049e-01 
1.9867128e+00    367881  2.6772650e-01 
1.9949394e+00    369439  2.6573520e-01 
2.0031569e+00    372729  2.6352140e-01 
2.0113722e+00    375709  2.6071601e-01 
2.0195903e+00    378925  2.5803360e-01 
2.0278069e+00    381963  2.5616714e-01 
2.0360205e+00    384733  2.5302268e-01 
2.0442399e+00    388377  2.5043163e-01 
2.0524584e+00    391507  2.4782120e-01 
2.0606858e+00    394989  2.4545349e-01 
2.0689192e+00    398773  2.4323201e-01 
2.0771346e+00    399259  2.4090900e-01 
2.0853528e+00    405537  2.3868167e-01 
2.0935731e+00    405997  2.3578707e-01 
2.1017772e+00    409845  2.3351122e-01 
2.1099881e+00    413587  2.3141057e-01 
2.1182341e+00    419449  2.2923628e-01 
2.1264823e+00    420693  2.2721232e-01 
2.1347034e+00    423043  2.2616685e-01 
2.1429250e+00    427017  2.2275163e-01 
2.1511390e+00    429181  2.2050331e-01 
2.1593495e+00    432945  2.1901773e-01 
2.1675771e+00    437731  2.1654976e-01 
2.1758029e+00    439321  2.1419930e-01 
2.1840184e+00    443253  2.1168002e-01 
2.1922369e+00    446419  2.1038770e-01 
2.2004569e+00    449925  2.0924964e-01 
2.2086750e+00    453157  2.0692981e-01 
2.2168810e+00    455217  2.0478261e-01 
2.2251065e+00    461923  2.0317562e-01 
2.2333459e+00    463969  2.0126688e-01 
2.2415491e+00    464349  1.9905985e-01 
2.2497584e+00    471667  1.9731291e-01 
2.2579954e+00    474141  1.9554721e-01 
2.2662256e+00    478093  1.9438286e-01 
2.2744476e+00    480195  1.9256367e-01 
2.2826691e+00    484537  1.9061596e-01 
2.2908905e+00    487537  1.8891846e-01 
2.2990960e+00    489405  1.8757569e-01 
2.3073124e+00    496279  1.8553534e-01 
2.3155375e+00    496965  1.8343535e-01 
2.3237659e+00    503953  1.8210247e-01 
2.3319869e+00    503335  1.8061783e-01 
2.3402098e+00    511209  1.7955231e-01 
2.3484350e+00    510829  1.7748309e-01 
2.3566409e+00    515577  1.7601486e-01 
2.3648583e+00    520003  1.7485449e-01 
2.3730808e+00    523329  1.7291971e-01 
2.3813088e+00    527653  1.7182118e-01 
2.3895337e+00    530551  1.6976305e-01 
2.3977596e+00    534849  1.6887791e-01 
2.4059742e+00    536725  1.6712294e-01 
2.4141952e+00    542703  1.6552054e-01 
2.4224206e+00    544753  1.6438153e-01 
2.4306279e+00    547917  1.6275687e-01 
2.4388427e+00    552805  1.6123906e-01 
2.4470713e+00    557611  1.5994436e-01 
2.4552892e+00    558561  1.5868240e-01 
2.4634965e+00    563689  1.5749473e-01 
2.4717194e+00    568527  1.5595807e-01 
2.4799585e+00    572929  1.5425976e-01 
2.4881768e+00    573841  1.5337190e-01 
2.4963810e+00    578085  1.5204602e-01 
2.5046081e+00    584803  1.5038803e-01 
2.5128405e+00    586701  1.4960161e-01 
2.5210494e+00    588805  1.4828683e-01 
2.5292609e+00    595203  1.4724749e-01 
2.5375051e+00    600577  1.4611511e-01 
2.5457329e+00    601441  1.4474731e-01 
2.5539482e+00    605967  1.4366804e-01 
2.5621623e+00    609169  1.4229826e-01 
2.5703816e+00    614625  1.4135618e-01 
2.5786263e+00    620617  1.4003051e-01 
2.5868401e+00    618447  1.3857257e-01 
2.5950433e+00    626233  1.3793223e-01 
2.6032632e+00    629233  1.3653272e-01 
2.6114738e+00    632739  1.3572692e-01 
2.6197112e+00    641245  1.3448540e-01 
2.6279438e+00    640269  1.3350153e-01 
2.6361637e+00    646813  1.3233918e-01 
2.6443831e+00    648807  1.3157802e-01 
2.6525887e+00    652489  1.3014540e-01 
2.6608125e+00    659569  1.2941520e-01 
2.6690289e+00    659715  1.2846238e-01 
2.6772539e+00    668893  1.2729378e-01 
2.6854862e+00    669441  1.2621385e-01 
2.6937049e+00    674509  1.2509611e-01 
2.7019196e+00    677143  1.2422808e-01 
2.7101354e+00    683109  1.2312316e-01 
2.7183568e+00    685897  1.2221923e-01 
2.7265837e+00    693039  1.2149903e-01 
2.7348023e+00    692185  1.2065015e-01 
2.7430171e+00    701001  1.1950314e-01 
2.7512564e+00    704959  1.1835977e-01 
2.7594757e+00    705505  1.1764749e-01 
2.7676907e+00    713205  1.1685707e-01 
2.7759044e+00    713053  1.1603512e-01 
2.7841133e+00    721599  1.1533064e-01 
2.7923407e+00    724285  1.1401635e-01 
2.8005653e+00    729825  1.1309315e-01 
2.8087766e+00    730555  1.1232598e-01 
2.8169919e+00    738613  1.1155288e-01 
2.8252303e+00    744105  1.1061282e-01 
2.8334664e+00    746233  1.0988810e-01 
2.8416769e+00    748455  1.0908684e-01 
2.8498838e+00    754033  1.0848590e-01 
2.8581068e+00    760233  1.0749687e-01 
2.8663409e+00    764947  1.0641601e-01 
2.8745611e+00    765985  1.0578782e-01 
2.8827741e+00    772869  1.0524572e-01 
2.8909999e+00    777079  1.0427786e-01 
2.8992242e+00    781137  1.0349651e-01 
2.9074418e+00    785101  1.0284254e-01 
2.9156578e+00    789169  1.0185679e-01 
2.9238771e+00    795171  1.0146072e-01 
2.9320937e+00    797281  1.0041349e-01 
2.9403028e+00    802761  9.9760588e-02 
2.9485205e+00    808075  9.9053355e-02 
2.9567582e+00    815109  9.8278952e-02 
2.9649793e+00    814705  9.7482556e-02 
2.9731898e+00    821329  9.6796710e-02 
2.9814161e+00    827415  9.6177196e-02 
2.9896448e+00    830797  9.5615026e-02 
2.9978724e+00    836025  9.4790116e-02 
3.0060938e+00    839431  9.4382325e-02 
3.0143054e+00    842409  9.3536619e-02 
3.0225180e+00    849313  9.2761059e-02 
3.0307299e+00    851143  9.2168529e-02 
3.0389484e+00    860337  9.1538252e-02 
3.0471775e+00    862621  9.0792657e-02 
3.0553993e+00    867453  9.0131163e-02 
3.0636167e+00    871939  8.9503791e-02 
3.0718518e+00    880029  8.8848574e-02 
3.0800819e+00    880549  8.8243989e-02 
3.0882930e+00    885019  8.7874273e-02 
3.0965075e+00    890997  8.7212302e-02 
3.1047267e+00    895573  8.6403724e-02 
3.1129501e+00    901029  8.5939082e-02 
3.1211590e+00    902251  8.5254934e-02 
3.1293840e+00    913789  8.4659411e-02 
3.1376119e+00    912837  8.3827071e-02 
3.1458317e+00    921451  8.3576754e-02 
3.1540530e+00    922473  8.2986023e-02 
3.1622744e+00    931549  8.2338464e-02 
3.1705023e+00    933333  8.1854770e-02 
3.1787357e+00    942631  8.1044287e-02 
3.1869514e+00    939061  8.0670126e-02 
3.1951574e+00    949797  8.0142040e-02 
3.2033876e+00    955099  7.9667863e-02 
3.2116104e+00    956937  7.9091917e-02 
3.2198174e+00    962053  7.8522657e-02 
3.2280396e+00    969963  7.8017131e-02 
3.2362674e+00    972985  7.7438280e-02 
3.2444846e+00    978001  7.6758790e-02 
3.2527087e+00    983793  7.6411234e-02 
3.2609257e+00    987091  7.5769472e-02 
3.2691522e+00    995025  7.5428849e-02 
3.2773752e+00    997033  7.4766110e-02 
3.2855861e+00   1002063  7.4173544e-02 
3.2938046e+00   1008385  7.3867215e-02 
3.3020369e+00   1016053  7.3273832e-02 
3.3102670e+00   1017405  7.2956586e-02 
3.3184726e+00   1020859  7.2488225e-02 
3.3266957e+00   1031313  7.1868368e-02 
3.3349268e+00   1032877  7.1555437e-02 
3.3431465e+00   1039267  7.0971521e-02 
3.3513590e+00   1040901  7.0593005e-02 
3.3595700e+00   1049245  6.9966837e-02 
3.3677943e+00   1054275  6.9879668e-02 
3.3760140e+00   1058473  6.9027335e-02 
3.3842387e+00   1066317  6.8749365e-02 
3.3924690e+00   1069585  6.8191718e-02 
3.4006900e+00   1074787  6.7751662e-02 
3.4089040e+00   1077873  6.7414052e-02 
3.4171219e+00   1086349  6.6830741e-02 
3.4253486e+00   1090743  6.6478275e-02 
3.4335663e+00   1093909  6.6020695e-02 
3.4417754e+00   1099665  6.5610815e-02 
3.4499931e+00   1106005  6.5165549e-02 
3.4582180e+00   1112815  6.4790009e-02 
3.4664352e+00   1114101  6.4377594e-02 
3.4746657e+00   1126789  6.4010747e-02 
3.4828959e+00   1125447  6.3566244e-02 
3.4911095e+00   1131937  6.3101547e-02 
3.4993273e+00   1138165  6.2648552e-02 
3.5075456e+00   1141977  6.2421214e-02 
3.5157693e+00   1150819  6.1896430e-02 
3.5239957e+00   1153413  6.1659006e-02 
3.5322107e+00   1158289  6.1166154e-02 
3.5404311e+00   1166019  6.0774014e-02 
3.5486573e+00   1170133  6.0462408e-02 
3.5568814e+00   1177057  6.0026861e-02 
3.5651034e+00   1180035  5.9693792e-02 
3.5733191e+00   1185973  5.9303024e-02 
3.5815342e+00   1190841  5.8973643e-02 
3.5897503e+00   1197337  5.8601387e-02 
3.5979714e+00   1203399  5.8229971e-02 
3.6061932e+00   1208245  5.7783689e-02 
3.6144077e+00   1212145  5.7458053e-02 
3.6226327e+00   1222887  5.7155578e-02 
3.6308596e+00   1223329  5.6838787e-02 
3.6390776e+00   1231653  5.6434593e-02 
3.6472968e+00   1234441  5.6064552e-02 
3.6555184e+00   1243887  5.5800076e-02 
3.6637468e+00   1247713  5.5520219e-02 
3.6719669e+00   1252081  5.5160444e-02 
3.6801817e+00   1257807  5.4815497e-02 
3.6884137e+00   1268185  5.4561803e-02 
3.6966389e+00   1267569  5.4141865e-02 
3.7048579e+00   1277059  5.3928490e-02 
3.7130845e+00   1281325  5.3522588e-02 
3.7213014e+00   1285809  5.3230289e-02 
3.7295178e+00   1291681  5.2822366e-02 
3.7377396e+00   1299975  5.2543485e-02 
3.7459571e+00   1300825  5.2244157e-02 
3.7541777e+00   1312917  5.1945080e-02 
3.7624093e+00   1315711  5.1628058e-02 
3.7706289e+00   1320385  5.1350094e-02 
3.7788330e+00   1322721  5.0983464e-02 
3.7870515e+00   1335625  5.0705065e-02 
3.7952784e+00   1337991  5.0474107e-02 
3.8035062e+00   1347277  5.0149269e-02 
3.8117343e+00   1349421  4.9856934e-02 
3.8199508e+00   1355407  4.9668931e-02 
3.8281711e+00   1362001  4.9279094e-02 
3.8363911e+00   1367481  4.9065761e-02 
3.8446086e+00   1372735  4.8809507e-02 
3.8528268e+00   1378989  4.8540227e-02 
3.8610413e+00   1383937  4.8208547e-02 
3.8692659e+00   1393737  4.7978767e-02 
3.8774986e+00   1398907  4.7688257e-02 
3.8857180e+00   1400545  4.7395046e-02 
3.8939292e+00   1408305  4.7095140e-02 
3.9021505e+00   1416235  4.6966672e-02 
3.9103747e+00   1420389  4.6650073e-02 
3.9185916e+00   1426477  4.6323966e-02 
3.9268149e+00   1433797  4.6149191e-02 
3.9350388e+00   1439547  4.5872706e-02 
3.9432528e+00   1441777  4.5646620e-02 
3.9514741e+00   1454193  4.5387897e-02 
3.9597020e+00   1456651  4.5193386e-02 
3.9679183e+00   1461357  4.4959495e-02 
3.9761429e+00   1472557  4.4714287e-02 
3.9843639e+00   1471645  4.4458362e-02 
3.9925805e+00   1483635  4.4274818e-02 
4.0008069e+00   1486885  4.4038016e-02 
4.0090342e+00   1496445  4.3750908e-02 
4.0172476e+00   1494487  4.3545247e-02 
4.0254607e+00   1507785  4.3372572e-02 
4.0336881e+00   1512529  4.3136204e-02 
4.0419096e+00   1517707  4.2942931e-02 
4.0501306e+00   1525077  4.2669150e-02 
4.0583540e+00   1530793  4.2473995e-02 
4.0665689e+00   1533885  4.2315506e-02 
4.0747928e+00   1547191  4.2166103e-02 
4.0830176e+00   1546641  4.1893946e-02 
4.0912309e+00   1554709  4.1680871e-02 
4.0994513e+00   1562539  4.1528883e-02 
4.1076719e+00   1566657  4.1305466e-02 
4.1158910e+00   1575301  4.1125852e-02 
4.1241157e+00   1580733  4.0952949e-02 
4.1323349e+00   1585843  4.0743409e-02 
4.1405550e+00   1594153  4.0558353e-02 
4.1487725e+00   1596969  4.0309789e-02 
4.1569988e+00   1610923  4.0137982e-02 
4.1652236e+00   1608045  3.9988316e-02 
4.1734382e+00   1620649  3.9883235e-02 
4.1816538e+00   1620795  3.9663167e-02 
4.1898766e+00   1635949  3.9506971e-02 
4.1981039e+00   1636129  3.9358604e-02 
4.2063221e+00   1644273  3.9217594e-02 
4.2145464e+00   1652407  3.8994658e-02 
4.2227740e+00   1657593  3.8830865e-02 
4.2309923e+00   1662145  3.8711476e-02 
4.2392057e+00   1668411  3.8561017e-02 
4.2474259e+00   1677397  3.8389864e-02 
4.2556488e+00   1683205  3.8243731e-02 
4.2638659e+00   1687497  3.8075622e-02 
4.2720868e+00   1698223  3.7943623e-02 
4.2803119e+00   1701765  3.7854700e-02 
4.2885380e+00   1712041  3.7641587e-02 
4.2967563e+00   1711831  3.7519576e-02 
4.3049745e+00   1724697  3.7374728e-02 
4.3131940e+00   1725685  3.7217124e-02 
4.3214113e+00   1737111  3.7142566e-02 
4.3296364e+00   1741861  3.7004834e-02 
4.3378562e+00   1748793  3.6867998e-02 
4.3460754e+00   1753621  3.6730053e-02 
4.3542977e+00   1764523  3.6650934e-02 
4.3625129e+00   1763601  3.6517934e-02 
4.3707291e+00   1777957  3.6333894e-02 
4.3789516e+00   1780011  3.6332157e-02 
4.3871759e+00   1791409  3.6167938e-02 
4.3953985e+00   1794117  3.6056741e-02 
4.4036262e+00   1805653  3.5968191e-02 
4.4118475e+00   1805623  3.5861433e-02 
4.4200634e+00   1816365  3.5765767e-02 
4.4282897e+00   1823797  3.5612178e-02 
4.4365125e+00   1828611  3.5519320e-02 
4.4447284e+00   1833685  3.5422034e-02 
4.4529469e+00   1844037  3.5341049e-02 
4.4611709e+00   1849177  3.5277335e-02 
4.4693913e+00   1856659  3.5183796e-02 
4.4776119e+00   1862529  3.5076458e-02 
4.4858249e+00   1866697  3.5022155e-02 
4.4940406e+00   1877955  3.4998770e-02 
4.5022680e+00   1885297  3.4841126e-02 
4.5104920e+00   1890565  3.4785236e-02 
4.5187115e+00   1896663  3.4743106e-02 
4.5269292e+00   1903669  3.4678953e-02 
4.5351462e+00   1910349  3.4552726e-02 
4.5433704e+00   1920517  3.4499870e-02 
4.5515952e+00   1925031  3.4434210e-02 
4.5598125e+00   1930333  3.4375849e-02 
4.5680397e+00   1943845  3.4331911e-02 
4.5762666e+00   1944711  3.4310105e-02 
4.5844734e+00   1947193  3.4215491e-02 
4.5926892e+00   1963905  3.4156175e-02 
4.6009150e+00   1965457  3.4165551e-02 
4.6091393e+00   1977807  3.4069750e-02 
4.6173618e+00   1978357  3.4077752e-02 
4.6255829e+00   1990621  3.3984561e-02 
4.6338054e+00   1994679  3.3975514e-02 
4.6420287e+00   2003473  3.3963890e-02 
4.6502483e+00   2008473  3.3915980e-02 
4.6584622e+00   2014027  3.3916139e-02 
4.6666838e+00   2026545  3.3841106e-02 
4.6749083e+00   2030485  3.3780934e-02 
4.6831245e+00   2035537  3.3820166e-02 
4.6913454e+00   2048271  3.3813149e-02 
4.6995728e+00   2052049  3.3737663e-02 
4.7077941e+00   2060529  3.3737017e-02 
4.7160150e+00   2065843  3.3767393e-02 
4.7242269e+00   2070145  3.3702143e-02 
4.7324392e+00   2080941  3.3701390e-02 
4.7406652e+00   2091085  3.3727626e-02 
4.7488886e+00   2094591  3.3733502e-02 
4.7571058e+00   2102233  3.3701175e-02 
4.7653269e+00   2110593  3.3683102e-02 
4.7735502e+00   2118763  3.3736327e-02 
4.7817670e+00   2121313  3.3733763e-02 
4.7899845e+00   2134197  3.3788192e-02 
4.7982046e+00   2136493  3.3755487e-02 
4.8064310e+00   2152539  3.3774208e-02 
4.8146554e+00   2150905  3.3764394e-02 
4.8228730e+00   2162493  3.3820060e-02 
4.8310969e+00   2169811  3.3849218e-02 
4.8393147e+00   2173273  3.3902385e-02 
4.8475321e+00   2185173  3.3861934e-02 
4.8557582e+00   2192431  3.3920407e-02 
4.8639810e+00   2197593  3.3927521e-02 
4.8722008e+00   2206813  3.4044898e-02 
4.8804205e+00   2211561  3.4016811e-02 
4.8886458e+00   2225683  3.4046106e-02 
4.8968664e+00   2222761  3.4134092e-02 
4.9050824e+00   2238657  3.4137929e-02 
4.9133023e+00   2240611  3.4257553e-02 
4.9215226e+00   2252505  3.4285551e-02 
4.9297408e+00   2255845  3.4392289e-02 
4.9379571e+00   2265253  3.4369007e-02 
4.9461791e+00   2275143  3.4368196e-02 
4.9544118e+00   2285713  3.4458933e-02 
4.9626301e+00   2282277  3.4551145e-02 
4.9708389e+00   2296099  3.4690899e-02 
4.9790671e+00   2307645  3.4669910e-02 
4.9872924e+00   2310073  3.4818650e-02 
4.9955149e+00   2321419  3.4902566e-02 
5.0037343e+00   2323209  3.5013374e-02 
5.0119552e+00   2337913  3.5064101e-02 
5.0201824e+00   2341713  3.5187231e-02 
5.0284024e+00   2349763  3.5234957e-02 
5.0366152e+00   2352573  3.5358537e-02 
5.0448365e+00   2369725  3.5363713e-02 
5.0530576e+00   2368519  3.5535505e-02 
5.0612730e+00   2381061  3.5584717e-02 
5.0694999e+00   2391997  3.5735432e-02 
5.0777255e+00   2394081  3.5870852e-02 
5.0859429e+00   2403871  3.5848101e-02 
5.0941595e+00   2409297  3.6062925e-02 
5.1023841e+00   2423149  3.6170171e-02 
5.1106122e+00   2427835  3.6312221e-02 
5.1188346e+00   2434545  3.6466850e-02 
5.1270508e+00   2441149  3.6598509e-02 
5.1352671e+00   2449191  3.6744377e-02 
5.1434914e+00   2461633  3.6759829e-02 
5.1517141e+00   2464441  3.6977473e-02 
5.1599223e+00   2468097  3.7165845e-02 
5.1681384e+00   2485999  3.7301499e-02 
5.1763678e+00   2490381  3.7372964e-02 
5.1845889e+00   2497897  3.7583983e-02 
5.1928046e+00   2502831  3.7747988e-02 
5.2010297e+00   2519065  3.7814675e-02 
5.2092571e+00   2520541  3.8041137e-02 
5.2174761e+00   2529381  3.8280548e-02 
5.2256960e+00   2537851  3.8394182e-02 
5.2339216e+00   2548197  3.8506804e-02 
5.2421435e+00   2551477  3.8738811e-02 
5.2503559e+00   2558919  3.8897107e-02 
5.2585666e+00   2565685  3.9204180e-02 
5.2667871e+00   2581681  3.9314682e-02 
5.2750156e+00   2586609  3.9476975e-02 
5.2832379e+00   2593915  3.9642173e-02 
5.2914555e+00   2599881  3.9868349e-02 
5.2996793e+00   2613469  4.0132503e-02 
5.3079025e+00   2616847  4.0323879e-02 
5.3161184e+00   2623749  4.0468887e-02 
5.3243394e+00   2637157  4.0656094e-02 
5.3325676e+00   2644347  4.0849687e-02 
5.3407866e+00   2647585  4.1132853e-02 
5.3489987e+00   2656581  4.1370888e-02 
5.3572204e+00   2669041  4.1738752e-02 
5.3654435e+00   2675287  4.1825118e-02 
5.3736639e+00   2682609  4.2125374e-02 
5.3818834e+00   2691769  4.2345044e-02 
5.3901007e+00   2697195  4.2624424e-02 
5.3983228e+00   2711077  4.2821741e-02 
5.4065515e+00   2719461  4.3132071e-02 
5.4147758e+00   2723005  4.3349105e-02 
5.4229951e+00   2733835  4.3566977e-02 
5.4312154e+00   2739657  4.3917507e-02 
5.4394319e+00   2748061  4.4267982e-02 
5.4476511e+00   2758371  4.4490039e-02 
5.4558738e+00   2766325  4.4851353e-02 
5.4640942e+00   2774241  4.5084570e-02 
5.4723180e+00   2784979  4.5337289e-02 
5.4805346e+00   2786053  4.5668354e-02 
5.4887567e+00   2805945  4.5983587e-02 
5.4969821e+00   2804113  4.6349539e-02 
5.5051999e+00   2818539  4.6503989e-02 
5.5134225e+00   2823733  4.7051800e-02 
5.5216419e+00   2833081  4.7347518e-02 
5.5298656e+00   2844183  4.7556869e-02 
5.5380876e+00   2847529  4.7849067e-02 
5.5463072e+00   2861157  4.8212498e-02 
5.5545273e+00   2863585  4.8682484e-02 
5.5627489e+00   2879571  4.8945452e-02 
5.5709720e+00   2881657  4.9356478e-02 
5.5791908e+00   2893309  4.9806253e-02 
5.5874137e+00   2902527  5.0021638e-02 
5.5956303e+00   2904373  5.0465755e-02 
5.6038400e+00   2915877  5.0895274e-02 
5.6120554e+00   2925247  5.1389975e-02 
5.6202848e+00   2943069  5.1521555e-02 
5.6285148e+00   2942677  5.2024977e-02 
5.6367340e+00   2952325  5.2460790e-02 
5.6449535e+00   2961027  5.2757427e-02 
5.6531764e+00   2970937  5.3313491e-02 
5.6613991e+00   2978853  5.3658695e-02 
5.6696139e+00   2982199  5.4237699e-02 
5.6778355e+00   3001233  5.4636193e-02 
5.6860646e+00   3005173  5.5052785e-02 
5.6942800e+00   3008233  5.5574079e-02 
5.7024958e+00   3023247  5.5883067e-02 
5.7107152e+00   3027997  5.6447430e-02 
5.7189396e+00   3044301  5.6690206e-02 
5.7271629e+00   3045127  5.7336991e-02 
5.7353846e+00   3060109  5.7877888e-02 
5.7436120e+00   3067401  5.8314837e-02 
5.7518308e+00   3070897  5.8869498e-02 
5.7600506e+00   3085791  5.9288907e-02 
5.7682711e+00   3089425  5.9866371e-02 
5.7764896e+00   3100845  6.0367397e-02 
5.7847142e+00   3112795  6.1054190e-02 
5.7929354e+00   3115357  6.1392797e-02 
5.8011538e+00   3129021  6.1705572e-02 
5.8093682e+00   3129187  6.2529125e-02 
5.8175837e+00   3147525  6.2945183e-02 
5.8258134e+00   3159073  6.3737484e-02 
5.8340397e+00   3161457  6.4300825e-02 
5.8422579e+00   3171499  6.4623288e-02 
5.8504766e+00   3178765  6.5392064e-02 
5.8586915e+00   3187437  6.5915151e-02 
5.8669078e+00   3197371  6.6591004e-02 
5.8751301e+00   3209433  6.7195280e-02 
5.8833500e+00   3214333  6.7972549e-02 
5.8915720e+00   3228441  6.8478071e-02 
5.8997938e+00   3233203  6.9086908e-02 
5.9080163e+00   3245605  6.9883213e-02 
5.9162402e+00   3252789  7.0401634e-02 
5.9244557e+00   3257875  7.1086088e-02 
5.9326748e+00   3272709  7.1865419e-02 
5.9408974e+00   3279373  7.2289638e-02 
5.9491163e+00   3287587  7.3148163e-02 
5.9573375e+00   3299625  7.3840882e-02 
5.9655656e+00   3311521  7.4662823e-02 
5.9737908e+00   3314685  7.5405383e-02 
5.9820079e+00   3324415  7.5896466e-02 
5.9902273e+00   3333945  7.6859335e-02 
5.9984501e+00   3345673  7.7135929e-02 
6.0066677e+00   3348667  7.8423072e-02 
6.0148886e+00   3365553  7.9127533e-02 
6.0231114e+00   3369649  7.9964553e-02 
6.0313327e+00   3381933  8.0737107e-02 
6.0395555e+00   3390139  8.1450314e-02 
6.0477717e+00   3394641  8.2142637e-02 
6.0559917e+00   3410917  8.2866714e-02 
6.0642134e+00   3415939  8.4092343e-02 
6.0724345e+00   3427497  8.4825376e-02 
6.0806551e+00   3435817  8.5615426e-02 
6.0888742e+00   3443223  8.6514909e-02 
6.0970953e+00   3456721  8.7321508e-02 
6.1053206e+00   3465909  8.8322377e-02 
6.1135426e+00   3471721  8.9232530e-02 
6.1217608e+00   3481891  9.0126650e-02 
6.1299794e+00   3490041  9.0929459e-02 
6.1382001e+00   3503713  9.2174601e-02 
6.1464232e+00   3510111  9.3052293e-02 
6.1546440e+00   3520033  9.4004926e-02 
6.1628623e+00   3527569  9.4913904e-02 
6.1710827e+00   3540405  9.5495102e-02 
6.1793075e+00   3550231  9.6922834e-02 
6.1875262e+00   3553917  9.7775903e-02 
6.1957448e+00   3568753  9.8652315e-02 
6.2039672e+00   3576999  9.9988971e-02 
6.2121879e+00   3585421  1.0107140e-01 
6.2204109e+00   3598681  1.0196493e-01 
6.2286349e+00   3604473  1.0323321e-01 
6.2368559e+00   3615655  1.0443844e-01 
6.2450740e+00   3621525  1.0529182e-01 
6.2532960e+00   3636649  1.0641489e-01 
6.2615181e+00   3642387  1.0718511e-01 
6.2697339e+00   3648541  1.0835819e-01 
6.2779560e+00   3668629  1.0977605e-01 
6.2861787e+00   3667707  1.1110177e-01 
6.2943962e+00   3682657  1.1232393e-01 
6.3026147e+00   3688881  1.1316771e-01 
6.3108345e+00   3701749  1.1453363e-01 
6.3190553e+00   3710599  1.1585584e-01 
6.3272756e+00   3719361  1.1728222e-01 
6.3354957e+00   3729961  1.1829391e-01 
6.3437202e+00   3743475  1.1937487e-01 
6.3519406e+00   3744913  1.2037111e-01 
6.3601570e+00   3759513  1.2241820e-01 
6.3683765e+00   3766669  1.2358714e-01 
6.3765963e+00   3779983  1.2499223e-01 
6.3848210e+00   3790461  1.2585396e-01 
6.3930446e+00   3797989  1.2792115e-01 
6.4012629e+00   3805767  1.2922598e-01 
6.4094883e+00   3823429  1.3008302e-01 
6.4177094e+00   3822189  1.3159365e-01 
6.4259275e+00   3839947  1.3328695e-01 
6.4341481e+00   3843517  1.3433658e-01 
6.4423680e+00   3859965  1.3552454e-01 
6.4505964e+00   3870265  1.3731343e-01 
6.4588111e+00   3867603  1.3911600e-01 
6.4670270e+00   3890533  1.4052736e-01 
6.4752493e+00   3893481  1.4226176e-01 
6.4834689e+00   3908431  1.4371348e-01 
6.4916933e+00   3916477  1.4486951e-01 
6.4999148e+00   3927381  1.4734558e-01 
6.5081309e+00   3929269  1.4809146e-01 
6.5163534e+00   3954687  1.4979782e-01 
6.5245760e+00   3948889  1.5178944e-01 
6.5327933e+00   3969133  1.5290012e-01 
6.5410160e+00   3974883  1.5519176e-01 
6.5492381e+00   3987133  1.5609065e-01 
6.5574570e+00   3993957  1.5768829e-01 
6.5656780e+00   4007377  1.6002786e-01 
6.5739038e+00   4019439  1.6113812e-01 
6.5821255e+00   4023241  1.6322535e-01 
6.5903450e+00   4037425  1.6455236e-01 
6.5985638e+00   4043343  1.6640286e-01 
6.6067831e+00   4056925  1.6817363e-01 
6.6150020e+00   4063737  1.7024957e-01 
6.6232203e+00   4076791  1.7170564e-01 
6.6314488e+00   4093677  1.7407850e-01 
6.6396726e+00   4092769  1.7556075e-01 
6.6478915e+00   4108105  1.7743359e-01 
6.6561088e+00   4113075  1.7925354e-01 
6.6643274e+00   4128817  1.8088612e-01 
6.6725478e+00   4134873  1.8337356e-01 
6.6807670e+00   4148731  1.8545128e-01 
6.6889895e+00   4157973  1.8737183e-01 
6.6972148e+00   4172869  1.8942669e-01 
6.7054408e+00   4178353  1.9149459e-01 
6.7136593e+00   4186107  1.9236847e-01 
6.7218782e+00   4199497  1.9499093e-01 
6.7300971e+00   4205565  1.9685277e-01 
6.7383151e+00   4220875  1.9926556e-01 
6.7465348e+00   4225933  2.0149925e-01 
6.7547626e+00   4251717  2.0279462e-01 
6.7629864e+00   4241443  2.0562004e-01 
6.7712039e+00   4265589  2.0732536e-01 
6.7794223e+00   4264249  2.0932985e-01 
6.7876407e+00   4284381  2.1172603e-01 
6.7958664e+00   4294687  2.1355343e-01 
6.8040874e+00   4298641  2.1586371e-01 
6.8123076e+00   4316037  2.1902848e-01 
6.8205292e+00   4319971  2.2064338e-01 
6.8287492e+00   4334721  2.2337524e-01 
6.8369702e+00   4343569  2.2477900e-01 
6.8451921e+00   4355217  2.2800857e-01 
6.8534092e+00   4359871  2.2937653e-01 
6.8616268e+00   4376533  2.3148527e-01 
6.8698486e+00   4384953  2.3540605e-01 
6.8780689e+00   4397167  2.3625706e-01 
6.8862894e+00   4404441  2.3962302e-01 
6.8945125e+00   4422121  2.4043024e-01 
6.9027336e+00   4423419  2.4359841e-01 
6.9109495e+00   4437157  2.4528714e-01 
6.9191739e+00   4454329  2.4863235e-01 
6.9274007e+00   4459389  2.5059721e-01 
6.9356133e+00   4462087  2.5333536e-01 
6.9438330e+00   4487157  2.5486603e-01 
6.9520569e+00   4487845  2.5747653e-01 
6.9602747e+00   4502311  2.5987688e-01 
6.9684991e+00   4515609  2.6294150e-01 
6.9767222e+00   4523293  2.6484852e-01 
6.9849409e+00   4530525  2.6829793e-01 
6.9931568e+00   4543075  2.7069328e-01 
7.0013751e+00   4553601  2.7219208e-01 
7.0096013e+00   4573213  2.7412517e-01 
7.0178216e+00   4569475  2.7770495e-01 
7.0260401e+00   4591089  2.7887825e-01 
7.0342621e+00   4596253  2.8305922e-01 
7.0424800e+00   4606701  2.8550501e-01 
7.0507016e+00   4623319  2.8713982e-01 
7.0589241e+00   4628589  2.9039719e-01 
7.0671465e+00   4644337  2.9339909e-01 
7.0753700e+00   4652227  2.9498501e-01 
7.0835893e+00   4660413  2.9873771e-01 
7.0918121e+00   4678945  3.0082032e-01 
7.1000403e+00   4687191  3.0269465e-01 
7.1082626e+00   4694245  3.0501073e-01 
7.1164750e+00   4698025  3.0982876e-01 
7.1246911e+00   4719597  3.1299038e-01 
7.1329121e+00   4725775  3.1507801e-01 
7.1411323e+00   4739961  3.1772514e-01 
7.1493561e+00   4752325  3.1955494e-01 
7.1575770e+00   4759023  3.2261302e-01 
7.1657995e+00   4774237  3.2462693e-01 
7.1740200e+00   4780405  3.2705046e-01 
7.1822379e+00   4792101  3.3037479e-01 
7.1904601e+00   4807663  3.3221914e-01 
7.1986839e+00   4816401  3.3426691e-01 
7.2069037e+00   4823509  3.3753374e-01 
7.2151238e+00   4840743  3.3930528e-01 
7.2233464e+00   4846849  3.4347902e-01 
7.2315634e+00   4857709  3.4526940e-01 
7.2397842e+00   4871907  3.5004679e-01 
7.2480057e+00   4881601  3.5042355e-01 
7.2562272e+00   4894389  3.5373934e-01 
7.2644479e+00   4901329  3.5708754e-01 
7.2726645e+00   4913583  3.5951022e-01 
7.2808900e+00   4932313  3.6241592e-01 
7.2891104e+00   4931233  3.6354041e-01 
7.2973270e+00   4949439  3.6747590e-01 
7.3055493e+00   4960093  3.7133176e-01 
7.3137745e+00   4975845  3.7298974e-01 
7.3219931e+00   4973809  3.7593580e-01 
7.3302118e+00   4999375  3.7750422e-01 
7.3384339e+00   4999281  3.8049871e-01 
7.3466551e+00   5020633  3.8292035e-01 
7.3548795e+00   5026719  3.8519458e-01 
7.3630994e+00   5036893  3.8892577e-01 
7.3713216e+00   5052285  3.9049152e-01 
7.3795385e+00   5052547  3.9330073e-01 
7.3877558e+00   5075413  3.9446579e-01 
7.3959798e+00   5084049  3.9807357e-01 
7.4041972e+00   5088469  4.0190889e-01 
7.4124147e+00   5108391  4.0216550e-01 
7.4206396e+00   5118805  4.0665711e-01 
7.4288647e+00   5132721  4.0844868e-01 
7.4370842e+00   5134123  4.1402668e-01 
7.4452990e+00   5148289  4.1213752e-01 
7.4535225e+00   5169609  4.1534522e-01 
7.4617468e+00   5170585  4.1858227e-01 
7.4699665e+00   5188107  4.2063262e-01 
7.4781905e+00   5197321  4.2277382e-01 
7.4864087e+00   5204481  4.2482759e-01 
7.4946244e+00   5217199  4.2724194e-01 
7.5028460e+00   5233909  4.3068380e-01 
7.5110695e+00   5244033  4.3169045e-01 
7.5192891e+00   5250349  4.3353339e-01 
7.5275085e+00   5267823  4.3604253e-01 
7.5357338e+00   5280397  4.3893739e-01 
7.5439538e+00   5284129  4.4153897e-01 
7.5521676e+00   5295771  4.4231225e-01 
7.5603901e+00   5317405  4.4511208e-01 
7.5686160e+00   5324901  4.4726748e-01 
7.5768374e+00   5333755  4.5034837e-01 
7.5850573e+00   5345937  4.5318551e-01 
7.5932792e+00   5359657  4.5409711e-01 
7.6014993e+00   5366821  4.5679376e-01 
7.6097182e+00   5382075  4.5881112e-01 
7.6179396e+00   5392261  4.6051961e-01 
7.6261626e+00   5407353  4.6417618e-01 
7.6343819e+00   5412259  4.6543910e-01 
7.6425996e+00   5426973  4.6569569e-01 
7.6508259e+00   5448109  4.6895946e-01 
7.6590492e+00   5444749  4.7085227e-01 
7.6672644e+00   5462499  4.7147631e-01 
7.6754861e+00   5476897  4.7602597e-01 
7.6837107e+00   5487741  4.7441449e-01 
7.6919251e+00   5489011  4.7766436e-01 
7.7001458e+00   5517945  4.8006635e-01 
7.7083737e+00   5523913  4.7971480e-01 
7.7165936e+00   5529295  4.8299401e-01 
7.7248087e+00   5541585  4.8502362e-01 
7.7330246e+00   5554501  4.8495938e-01 
7.7412463e+00   5571717  4.8768536e-01 
7.7494742e+00   5587903  4.8998535e-01 
7.7576947e+00   5584453  4.9111410e-01 
7.7659132e+00   5609505  4.9190325e-01 
7.7741358e+00   5613739  4.9306377e-01 
7.7823513e+00   5622837  4.9581001e-01 
7.7905713e+00   5644501  4.9878472e-01 
7.7987918e+00   5646693  4.9922361e-01 
7.8070122e+00   5668363  4.9796528e-01 
7.8152371e+00   5677237  5.0148505e-01 
7.8234595e+00   5688513  5.0458634e-01 
7.8316789e+00   5696839  5.0363724e-01 
7.8399017e+00   5716845  5.0591876e-01 
7.8481243e+00   5721301  5.0748847e-01 
7.8563420e+00   5733921  5.0878956e-01 
7.8645647e+00   5751391  5.0685257e-01 
7.8727833e+00   5753065  5.1058992e-01 
7.8810048e+00   5778813  5.1004448e-01 
7.8892255e+00   5777623  5.1150392e-01 
7.8974419e+00   5794701  5.1430310e-01 
7.9056662e+00   5813953  5.1448004e-01 
7.9138873e+00   5814963  5.1420766e-01 
7.9221082e+00   5836669  5.1523134e-01 
7.9303315e+00   5843749  5.1730616e-01 
7.9385552e+00   5859633  5.1638289e-01 
7.9467753e+00   5865199  5.1917973e-01 
7.9549920e+00   5877273  5.1740089e-01 
7.9632116e+00   5894521  5.1973874e-01 
7.9714352e+00   5907055  5.2192785e-01 
7.9796585e+00   5918409  5.2244748e-01 
7.9878757e+00   5923525  5.2409254e-01 
7.9960952e+00   5944341  5.2395361e-01 
8.0043170e+00   5952907  5.2310449e-01 
8.0125320e+00   5958177  5.2371719e-01 
8.0207534e+00   5986729  5.2445065e-01 
8.0289805e+00   5991607  5.2470900e-01 
8.0371985e+00   5997009  5.2781811e-01 
8.0454172e+00   6017809  5.2511278e-01 
8.0536433e+00   6032451  5.2861006e-01 
8.0618658e+00   6036661  5.2890828e-01 
8.0700818e+00   6048429  5.2929398e-01 
8.0783041e+00   6069241  5.2895083e-01 
8.0865253e+00   6072799  5.2749029e-01 
8.0947424e+00   6087333  5.2846263e-01 
8.1029614e+00   6100189  5.2827095e-01 
8.1111787e+00   6110199  5.2842823e-01 
8.1194040e+00   6135469  5.2636217e-01 
8.1276284e+00   6135757  5.2945194e-01 
8.1358481e+00   6151389  5.3104407e-01 
8.1440687e+00   6163015  5.3244837e-01 
8.1522872e+00   6172905  5.3027357e-01 
8.1605104e+00   6194425  5.2970046e-01 
8.1687313e+00   6196047  5.2984182e-01 
8.1769517e+00   6216145  5.3149410e-01 
8.1851769e+00   6230473  5.2933899e-01 
8.1933968e+00   6232095  5.3006246e-01 
8.2016131e+00   6249913  5.3117656e-01 
8.2098349e+00   6266493  5.3025017e-01 
8.2180551e+00   6270925  5.3054963e-01 
8.2262747e+00   6292635  5.2902908e-01 
8.2345019e+00   6306181  5.2984741e-01 
8.2427232e+00   6309697  5.3004360e-01 
8.2509404e+00   6324579  5.2835128e-01 
8.2591627e+00   6342217  5.3011222e-01 
8.2673825e+00   6347277  5.2970518e-01 
8.2756007e+00   6364285  5.2804242e-01 
8.2838227e+00   6378303  5.2771702e-01 
8.2920402e+00   6382993  5.2838387e-01 
8.3002587e+00   6404353  5.2554706e-01 
8.3084788e+00   6412287  5.2833515e-01 
8.3167004e+00   6430825  5.2488885e-01 
8.3249261e+00   6444501  5.2520506e-01 
8.3331455e+00   6446653  5.2610552e-01 
8.3413647e+00   6469255  5.2516125e-01 
8.3495867e+00   6477417  5.2354034e-01 
8.3578082e+00   6491929  5.2276157e-01 
8.3660281e+00   6503031  5.2327955e-01 
8.3742512e+00   6521089  5.2484627e-01 
8.3824736e+00   6527925  5.2262765e-01 
8.3906880e+00   6533347  5.2163324e-01 
8.3989048e+00   6557797  5.2149386e-01 
8.4071295e+00   6572589  5.2203141e-01 
8.4153531e+00   6579466  5.2137206e-01 
