# Power spectrum from CO𝘕CEPT job 3337064 at t = 8.5948782 Gyr, a = 0.66666667.
# 
# Below, the following component mapping is used:
#   GADGET halo: 0
# 
#            grid size 2048            
# ╭───────────────────────────────────╮
#                         component 0  
#                        σ₈ = 6.96e-01 
#  k [Mpc⁻¹]     modes    power [Mpc³] 
1.6444274e-02         3  4.5902284e+04 
2.5346356e-02        10  3.3655837e+04 
3.7898992e-02        27  2.5288615e+04 
5.1056691e-02        45  1.7844816e+04 
6.3292620e-02        67  1.3729743e+04 
7.7668197e-02       141  1.0857060e+04 
9.4506018e-02       217  7.7255172e+03 
1.1085512e-01       265  5.5443563e+03 
1.2673551e-01       375  4.4612246e+03 
1.4310520e-01       469  3.7038769e+03 
1.5921320e-01       573  3.4140306e+03 
1.7505023e-01       679  3.1464326e+03 
1.9158744e-01       889  2.5708524e+03 
2.0864874e-01      1053  2.3388499e+03 
2.2492023e-01      1105  2.1608266e+03 
2.4162157e-01      1467  1.9400887e+03 
2.5841415e-01      1501  1.7699401e+03 
2.7456390e-01      1737  1.6024570e+03 
2.9089046e-01      1963  1.4837945e+03 
3.0709736e-01      2125  1.3909124e+03 
3.2358821e-01      2517  1.3261485e+03 
3.3996065e-01      2575  1.2738969e+03 
3.5647498e-01      3081  1.1888420e+03 
3.7295848e-01      3133  1.1246505e+03 
3.8900984e-01      3429  1.0785960e+03 
4.0558736e-01      3991  9.9189863e+02 
4.2213935e-01      4009  9.6649499e+02 
4.3838736e-01      4497  9.2054436e+02 
4.5476989e-01      4747  8.9707924e+02 
4.7136961e-01      5289  8.7003582e+02 
4.8803303e-01      5581  8.3613138e+02 
5.0455551e-01      5901  8.1358301e+02 
5.2095127e-01      6295  7.8430333e+02 
5.3726294e-01      6601  7.5310838e+02 
5.5363157e-01      7161  7.4367505e+02 
5.7007373e-01      7531  7.0527692e+02 
5.8656738e-01      8037  6.9544222e+02 
6.0304067e-01      8437  6.7087044e+02 
6.1937943e-01      8827  6.4983310e+02 
6.3585243e-01      9513  6.3789966e+02 
6.5225570e-01      9709  6.1988343e+02 
6.6876924e-01     10641  6.0748916e+02 
6.8512868e-01     10567  6.0220267e+02 
7.0151250e-01     11685  5.7659124e+02 
7.1826316e-01     12169  5.5991101e+02 
7.3452255e-01     12091  5.6003394e+02 
7.5081025e-01     13257  5.3819088e+02 
7.6730652e-01     13657  5.2566680e+02 
7.8373756e-01     14241  5.0818518e+02 
8.0014453e-01     14851  5.0489370e+02 
8.1663338e-01     15609  4.9027276e+02 
8.3318393e-01     16189  4.8567648e+02 
8.4948675e-01     16471  4.7183125e+02 
8.6584974e-01     17481  4.6196058e+02 
8.8236887e-01     18253  4.6146206e+02 
8.9891593e-01     18801  4.4782463e+02 
9.1537361e-01     19495  4.3413907e+02 
9.3179045e-01     20101  4.1983448e+02 
9.4826074e-01     20985  4.2153607e+02 
9.6466432e-01     21451  4.1541315e+02 
9.8111737e-01     22533  4.0615728e+02 
9.9753917e-01     22945  3.9399517e+02 
1.0139094e+00     23811  3.9011158e+02 
1.0303265e+00     24625  3.8906461e+02 
1.0468144e+00     25705  3.7753101e+02 
1.0633358e+00     26241  3.7012431e+02 
1.0797558e+00     27043  3.6692509e+02 
1.0962211e+00     28029  3.6120302e+02 
1.1126210e+00     28489  3.5070261e+02 
1.1290879e+00     30039  3.4723098e+02 
1.1456116e+00     30301  3.3718352e+02 
1.1619125e+00     31033  3.3312249e+02 
1.1783370e+00     32529  3.2645349e+02 
1.1947869e+00     32935  3.2047316e+02 
1.2112565e+00     34437  3.1654960e+02 
1.2277117e+00     34645  3.1732737e+02 
1.2440502e+00     35979  3.0408434e+02 
1.2605211e+00     36949  3.0278692e+02 
1.2770144e+00     38113  2.9350217e+02 
1.2934226e+00     38475  2.9105892e+02 
1.3097903e+00     39865  2.8635889e+02 
1.3263446e+00     41493  2.8044122e+02 
1.3428874e+00     41665  2.7941121e+02 
1.3592087e+00     42631  2.7448762e+02 
1.3756346e+00     44085  2.6833596e+02 
1.3921820e+00     45505  2.6331200e+02 
1.4086373e+00     45735  2.6046052e+02 
1.4250178e+00     47125  2.5570115e+02 
1.4414920e+00     48585  2.4952466e+02 
1.4579305e+00     48961  2.4659899e+02 
1.4743321e+00     50743  2.4404804e+02 
1.4907389e+00     51165  2.3946408e+02 
1.5071924e+00     53257  2.3702482e+02 
1.5236603e+00     53655  2.3259641e+02 
1.5400190e+00     54793  2.3028173e+02 
1.5565192e+00     57057  2.2551021e+02 
1.5729869e+00     56839  2.2221045e+02 
1.5894023e+00     59101  2.2030360e+02 
1.6058601e+00     59709  2.1500557e+02 
1.6222933e+00     61225  2.1252364e+02 
1.6387728e+00     62607  2.1030813e+02 
1.6551975e+00     63253  2.0716216e+02 
1.6716037e+00     65061  2.0413174e+02 
1.6880337e+00     66031  2.0118186e+02 
1.7044751e+00     67525  1.9818027e+02 
1.7209058e+00     68769  1.9567426e+02 
1.7373469e+00     70105  1.9269667e+02 
1.7538178e+00     71787  1.9103005e+02 
1.7702475e+00     72337  1.8867395e+02 
1.7866732e+00     74401  1.8540347e+02 
1.8031286e+00     75531  1.8158980e+02 
1.8196372e+00     77473  1.7828670e+02 
1.8360112e+00     77193  1.7643559e+02 
1.8523516e+00     79765  1.7542138e+02 
1.8688946e+00     82143  1.7178398e+02 
1.8854177e+00     82393  1.6944384e+02 
1.9018266e+00     83833  1.6659302e+02 
1.9181986e+00     85059  1.6477807e+02 
1.9346415e+00     87253  1.6193354e+02 
1.9511396e+00     88857  1.5941443e+02 
1.9675969e+00     89659  1.5888857e+02 
1.9840224e+00     91533  1.5643978e+02 
2.0004207e+00     92401  1.5367471e+02 
2.0168900e+00     95353  1.5214231e+02 
2.0333318e+00     95271  1.4995864e+02 
2.0497666e+00     98269  1.4762809e+02 
2.0661874e+00     98217  1.4608954e+02 
2.0826377e+00    101899  1.4455599e+02 
2.0991461e+00    102009  1.4264317e+02 
2.1155531e+00    103993  1.4114078e+02 
2.1320003e+00    105553  1.3805858e+02 
2.1484303e+00    107139  1.3706055e+02 
2.1648814e+00    109189  1.3490293e+02 
2.1812685e+00    109341  1.3316162e+02 
2.1976836e+00    113179  1.3188957e+02 
2.2141473e+00    113053  1.2933493e+02 
2.2305825e+00    116517  1.2831429e+02 
2.2471141e+00    117607  1.2720812e+02 
2.2635356e+00    118365  1.2544914e+02 
2.2799533e+00    121189  1.2377279e+02 
2.2964184e+00    122289  1.2254615e+02 
2.3128267e+00    124147  1.2043203e+02 
2.3292896e+00    126385  1.1974386e+02 
2.3457569e+00    127941  1.1797525e+02 
2.3621623e+00    128947  1.1640095e+02 
2.3786241e+00    132393  1.1553010e+02 
2.3950976e+00    132949  1.1409410e+02 
2.4115030e+00    134649  1.1293813e+02 
2.4279489e+00    137623  1.1124612e+02 
2.4443643e+00    137641  1.1031304e+02 
2.4607764e+00    141321  1.0876334e+02 
2.4772237e+00    142087  1.0789685e+02 
2.4936741e+00    144945  1.0586673e+02 
2.5100982e+00    145717  1.0512925e+02 
2.5265007e+00    148251  1.0398026e+02 
2.5430151e+00    151537  1.0240749e+02 
2.5594785e+00    151321  1.0137498e+02 
2.5758655e+00    153909  1.0001171e+02 
2.5923078e+00    156511  9.9239020e+01 
2.6088067e+00    158709  9.7658851e+01 
2.6252397e+00    159301  9.6737193e+01 
2.6416584e+00    162643  9.5641863e+01 
2.6581561e+00    164613  9.4913763e+01 
2.6745973e+00    165817  9.3433257e+01 
2.6909855e+00    167313  9.2384227e+01 
2.7074110e+00    171067  9.1757457e+01 
2.7238484e+00    171465  9.0498598e+01 
2.7402879e+00    175225  8.9857291e+01 
2.7567697e+00    176743  8.9016532e+01 
2.7731423e+00    176841  8.7912987e+01 
2.7895596e+00    182221  8.6731230e+01 
2.8060814e+00    183117  8.6114052e+01 
2.8224975e+00    184411  8.5103234e+01 
2.8389274e+00    187617  8.3844017e+01 
2.8553653e+00    188905  8.3225362e+01 
2.8717627e+00    191131  8.2636046e+01 
2.8882218e+00    194565  8.1657069e+01 
2.9046964e+00    196141  8.0745677e+01 
2.9211615e+00    198591  7.9960649e+01 
2.9375998e+00    200065  7.9270614e+01 
2.9540649e+00    203797  7.8591713e+01 
2.9705354e+00    204549  7.7915474e+01 
2.9869717e+00    207595  7.7187247e+01 
3.0033875e+00    208581  7.6078798e+01 
3.0197883e+00    211837  7.5579353e+01 
3.0362229e+00    213999  7.4534415e+01 
3.0526866e+00    217057  7.3868441e+01 
3.0691428e+00    218893  7.2955375e+01 
3.0855555e+00    220269  7.2459412e+01 
3.1019930e+00    224323  7.1834608e+01 
3.1184617e+00    225873  7.0961971e+01 
3.1349207e+00    228757  7.0423231e+01 
3.1513532e+00    230283  6.9799255e+01 
3.1677965e+00    233341  6.9059333e+01 
3.1842470e+00    235693  6.8548946e+01 
3.2006723e+00    237399  6.7808558e+01 
3.2171142e+00    241009  6.7303620e+01 
3.2335887e+00    243417  6.6439421e+01 
3.2500136e+00    244129  6.5709577e+01 
3.2664410e+00    248991  6.5163700e+01 
3.2829239e+00    250369  6.4637098e+01 
3.2993618e+00    252829  6.3933617e+01 
3.3157727e+00    254511  6.3352117e+01 
3.3322186e+00    258997  6.2830892e+01 
3.3486800e+00    260157  6.2407340e+01 
3.3650923e+00    262381  6.1966409e+01 
3.3815241e+00    266131  6.1306452e+01 
3.3979483e+00    267117  6.0524701e+01 
3.4143703e+00    271273  6.0201293e+01 
3.4308564e+00    274563  5.9444998e+01 
3.4473137e+00    275473  5.8926271e+01 
3.4637222e+00    278193  5.8627287e+01 
3.4801264e+00    280657  5.7735093e+01 
3.4965868e+00    285319  5.7586978e+01 
3.5130530e+00    286401  5.7036921e+01 
3.5294760e+00    288889  5.6482323e+01 
3.5459357e+00    293391  5.5932730e+01 
3.5624090e+00    294577  5.5571668e+01 
3.5788404e+00    297573  5.5147254e+01 
3.5952642e+00    299563  5.4676127e+01 
3.6117160e+00    303997  5.4009842e+01 
3.6281560e+00    305025  5.3643462e+01 
3.6445790e+00    308533  5.3194912e+01 
3.6610225e+00    311619  5.2540386e+01 
3.6774766e+00    314257  5.1941898e+01 
3.6939086e+00    316617  5.1900343e+01 
3.7103462e+00    320131  5.1378286e+01 
3.7268028e+00    322729  5.0808363e+01 
3.7432601e+00    326289  5.0434149e+01 
3.7596895e+00    326989  5.0080845e+01 
3.7760900e+00    331131  4.9696760e+01 
3.7925450e+00    334801  4.9217297e+01 
3.8089767e+00    335833  4.8875031e+01 
3.8254063e+00    340827  4.8374348e+01 
3.8418656e+00    342721  4.8180331e+01 
3.8583499e+00    347925  4.7619140e+01 
3.8747993e+00    346915  4.7441450e+01 
3.8912071e+00    352221  4.6951790e+01 
3.9076586e+00    354793  4.6506661e+01 
3.9240896e+00    357109  4.6232008e+01 
3.9405276e+00    361299  4.5731220e+01 
3.9569713e+00    363205  4.5423476e+01 
3.9734255e+00    367881  4.5120924e+01 
3.9898789e+00    369439  4.4588415e+01 
4.0063139e+00    372729  4.4381445e+01 
4.0227443e+00    375709  4.3945705e+01 
4.0391807e+00    378925  4.3714312e+01 
4.0556139e+00    381963  4.3268578e+01 
4.0720410e+00    384733  4.2850602e+01 
4.0884797e+00    388377  4.2556571e+01 
4.1049168e+00    391507  4.2365598e+01 
4.1213716e+00    394989  4.1949121e+01 
4.1378384e+00    398773  4.1685880e+01 
4.1542692e+00    399259  4.1251396e+01 
4.1707055e+00    405537  4.0924201e+01 
4.1871461e+00    405997  4.0692476e+01 
4.2035544e+00    409845  4.0453163e+01 
4.2199761e+00    413587  4.0115264e+01 
4.2364682e+00    419449  3.9784111e+01 
4.2529646e+00    420693  3.9430719e+01 
4.2694067e+00    423043  3.9219530e+01 
4.2858500e+00    427017  3.8859168e+01 
4.3022780e+00    429181  3.8486900e+01 
4.3186990e+00    432945  3.8368213e+01 
4.3351542e+00    437731  3.7974197e+01 
4.3516058e+00    439321  3.7734156e+01 
4.3680369e+00    443253  3.7333784e+01 
4.3844739e+00    446419  3.7179223e+01 
4.4009137e+00    449925  3.6897677e+01 
4.4173500e+00    453157  3.6651850e+01 
4.4337621e+00    455217  3.6314401e+01 
4.4502129e+00    461923  3.6132532e+01 
4.4666919e+00    463969  3.5895752e+01 
4.4830981e+00    464349  3.5629394e+01 
4.4995168e+00    471667  3.5280405e+01 
4.5159908e+00    474141  3.4974027e+01 
4.5324513e+00    478093  3.4799061e+01 
4.5488951e+00    480195  3.4519066e+01 
4.5653382e+00    484537  3.4366341e+01 
4.5817810e+00    487537  3.4052382e+01 
4.5981919e+00    489405  3.3902053e+01 
4.6146248e+00    496279  3.3607120e+01 
4.6310751e+00    496965  3.3416911e+01 
4.6475317e+00    503953  3.3159146e+01 
4.6639737e+00    503335  3.2871088e+01 
4.6804197e+00    511209  3.2685461e+01 
4.6968700e+00    510829  3.2413145e+01 
4.7132818e+00    515577  3.2336953e+01 
4.7297165e+00    520003  3.1990748e+01 
4.7461617e+00    523329  3.1766543e+01 
4.7626176e+00    527653  3.1574057e+01 
4.7790675e+00    530551  3.1325214e+01 
4.7955192e+00    534849  3.1140572e+01 
4.8119483e+00    536725  3.0937822e+01 
4.8283904e+00    542703  3.0683146e+01 
4.8448413e+00    544753  3.0434370e+01 
4.8612558e+00    547917  3.0249905e+01 
4.8776855e+00    552805  3.0083269e+01 
4.8941426e+00    557611  2.9875529e+01 
4.9105783e+00    558561  2.9706772e+01 
4.9269930e+00    563689  2.9438981e+01 
4.9434389e+00    568527  2.9301967e+01 
4.9599169e+00    572929  2.9092115e+01 
4.9763535e+00    573841  2.8882669e+01 
4.9927621e+00    578085  2.8745570e+01 
5.0092162e+00    584803  2.8532696e+01 
5.0256809e+00    586701  2.8314343e+01 
5.0420988e+00    588805  2.8123451e+01 
5.0585219e+00    595203  2.7920209e+01 
5.0750102e+00    600577  2.7687030e+01 
5.0914658e+00    601441  2.7602525e+01 
5.1078963e+00    605967  2.7386762e+01 
5.1243245e+00    609169  2.7163436e+01 
5.1407632e+00    614625  2.7078670e+01 
5.1572525e+00    620617  2.6897494e+01 
5.1736802e+00    618447  2.6700944e+01 
5.1900865e+00    626233  2.6585576e+01 
5.2065263e+00    629233  2.6346779e+01 
5.2229477e+00    632739  2.6204594e+01 
5.2394225e+00    641245  2.6025886e+01 
5.2558876e+00    640269  2.5880015e+01 
5.2723274e+00    646813  2.5761642e+01 
5.2887662e+00    648807  2.5548008e+01 
5.3051775e+00    652489  2.5408628e+01 
5.3216250e+00    659569  2.5187711e+01 
5.3380578e+00    659715  2.5063644e+01 
5.3545077e+00    668893  2.5048588e+01 
5.3709724e+00    669441  2.4783936e+01 
5.3874098e+00    674509  2.4588738e+01 
5.4038391e+00    677143  2.4486529e+01 
5.4202707e+00    683109  2.4336597e+01 
5.4367136e+00    685897  2.4188905e+01 
5.4531674e+00    693039  2.4023726e+01 
5.4696047e+00    692185  2.3843468e+01 
5.4860342e+00    701001  2.3682990e+01 
5.5025128e+00    704959  2.3557678e+01 
5.5189514e+00    705505  2.3428095e+01 
5.5353814e+00    713205  2.3335271e+01 
5.5518089e+00    713053  2.3175172e+01 
5.5682266e+00    721599  2.3060125e+01 
5.5846814e+00    724285  2.2869813e+01 
5.6011307e+00    729825  2.2788115e+01 
5.6175533e+00    730555  2.2606381e+01 
5.6339838e+00    738613  2.2444771e+01 
5.6504606e+00    744105  2.2349941e+01 
5.6669328e+00    746233  2.2251046e+01 
5.6833538e+00    748455  2.2073461e+01 
5.6997676e+00    754033  2.1973047e+01 
5.7162136e+00    760233  2.1867567e+01 
5.7326818e+00    764947  2.1663015e+01 
5.7491222e+00    765985  2.1619578e+01 
5.7655481e+00    772869  2.1479669e+01 
5.7819998e+00    777079  2.1339252e+01 
5.7984483e+00    781137  2.1178689e+01 
5.8148836e+00    785101  2.1107586e+01 
5.8313155e+00    789169  2.0963079e+01 
5.8477542e+00    795171  2.0887754e+01 
5.8641874e+00    797281  2.0794016e+01 
5.8806056e+00    802761  2.0598865e+01 
5.8970410e+00    808075  2.0490827e+01 
5.9135163e+00    815109  2.0430188e+01 
5.9299586e+00    814705  2.0324948e+01 
5.9463797e+00    821329  2.0167177e+01 
5.9628322e+00    827415  2.0080048e+01 
5.9792896e+00    830797  1.9954105e+01 
5.9957448e+00    836025  1.9806304e+01 
6.0121876e+00    839431  1.9743907e+01 
6.0286108e+00    842409  1.9620337e+01 
6.0450360e+00    849313  1.9511672e+01 
6.0614598e+00    851143  1.9425710e+01 
6.0778967e+00    860337  1.9302030e+01 
6.0943551e+00    862621  1.9161557e+01 
6.1107986e+00    867453  1.9061683e+01 
6.1272335e+00    871939  1.8942102e+01 
6.1437037e+00    880029  1.8907926e+01 
6.1601638e+00    880549  1.8771380e+01 
6.1765859e+00    885019  1.8670497e+01 
6.1930151e+00    890997  1.8575593e+01 
6.2094533e+00    895573  1.8460392e+01 
6.2259001e+00    901029  1.8380026e+01 
6.2423180e+00    902251  1.8247432e+01 
6.2587679e+00    913789  1.8179545e+01 
6.2752238e+00    912837  1.8114338e+01 
6.2916633e+00    921451  1.7973759e+01 
6.3081060e+00    922473  1.7904606e+01 
6.3245487e+00    931549  1.7825719e+01 
6.3410046e+00    933333  1.7700130e+01 
6.3574714e+00    942631  1.7583014e+01 
6.3739027e+00    939061  1.7496510e+01 
6.3903148e+00    949797  1.7439975e+01 
6.4067751e+00    955099  1.7350038e+01 
6.4232209e+00    956937  1.7239643e+01 
6.4396348e+00    962053  1.7145008e+01 
6.4560791e+00    969963  1.7068221e+01 
6.4725348e+00    972985  1.6955145e+01 
6.4889691e+00    978001  1.6881622e+01 
6.5054175e+00    983793  1.6806339e+01 
6.5218514e+00    987091  1.6705421e+01 
6.5383043e+00    995025  1.6616595e+01 
6.5547504e+00    997033  1.6528966e+01 
6.5711722e+00   1002063  1.6461790e+01 
6.5876093e+00   1008385  1.6328106e+01 
6.6040739e+00   1016053  1.6315944e+01 
6.6205340e+00   1017405  1.6185634e+01 
6.6369452e+00   1020859  1.6118702e+01 
6.6533914e+00   1031313  1.6005896e+01 
6.6698535e+00   1032877  1.5964710e+01 
6.6862930e+00   1039267  1.5854754e+01 
6.7027180e+00   1040901  1.5784395e+01 
6.7191400e+00   1049245  1.5703296e+01 
6.7355887e+00   1054275  1.5633317e+01 
6.7520281e+00   1058473  1.5515339e+01 
6.7684774e+00   1066317  1.5427240e+01 
6.7849380e+00   1069585  1.5394239e+01 
6.8013799e+00   1074787  1.5295337e+01 
6.8178081e+00   1077873  1.5239626e+01 
6.8342439e+00   1086349  1.5129408e+01 
6.8506971e+00   1090743  1.5090628e+01 
6.8671327e+00   1093909  1.5001958e+01 
6.8835509e+00   1099665  1.4957990e+01 
6.8999862e+00   1106005  1.4872811e+01 
6.9164360e+00   1112815  1.4787952e+01 
6.9328703e+00   1114101  1.4676460e+01 
6.9493314e+00   1126789  1.4644597e+01 
6.9657917e+00   1125447  1.4569909e+01 
6.9822190e+00   1131937  1.4468358e+01 
6.9986546e+00   1138165  1.4442476e+01 
7.0150913e+00   1141977  1.4363711e+01 
7.0315386e+00   1150819  1.4293736e+01 
7.0479914e+00   1153413  1.4239199e+01 
7.0644214e+00   1158289  1.4149454e+01 
7.0808622e+00   1166019  1.4063221e+01 
7.0973145e+00   1170133  1.4010983e+01 
7.1137628e+00   1177057  1.3942270e+01 
7.1302069e+00   1180035  1.3884758e+01 
7.1466382e+00   1185973  1.3798191e+01 
7.1630684e+00   1190841  1.3749138e+01 
7.1795007e+00   1197337  1.3658887e+01 
7.1959427e+00   1203399  1.3604152e+01 
7.2123865e+00   1208245  1.3527005e+01 
7.2288154e+00   1212145  1.3473655e+01 
7.2452654e+00   1222887  1.3386646e+01 
7.2617193e+00   1223329  1.3357991e+01 
7.2781551e+00   1231653  1.3301253e+01 
7.2945936e+00   1234441  1.3241221e+01 
7.3110369e+00   1243887  1.3160556e+01 
7.3274937e+00   1247713  1.3093646e+01 
7.3439337e+00   1252081  1.3054390e+01 
7.3603633e+00   1257807  1.3002729e+01 
7.3768275e+00   1268185  1.2933046e+01 
7.3932778e+00   1267569  1.2860961e+01 
7.4097159e+00   1277059  1.2811128e+01 
7.4261689e+00   1281325  1.2729249e+01 
7.4426029e+00   1285809  1.2683708e+01 
7.4590356e+00   1291681  1.2638725e+01 
7.4754791e+00   1299975  1.2565369e+01 
7.4919143e+00   1300825  1.2504946e+01 
7.5083555e+00   1312917  1.2461701e+01 
7.5248185e+00   1315711  1.2407181e+01 
7.5412578e+00   1320385  1.2332925e+01 
7.5576660e+00   1322721  1.2275924e+01 
7.5741030e+00   1335625  1.2212344e+01 
7.5905568e+00   1337991  1.2189659e+01 
7.6070124e+00   1347277  1.2115059e+01 
7.6234686e+00   1349421  1.2061005e+01 
7.6399016e+00   1355407  1.1996481e+01 
7.6563422e+00   1362001  1.1930250e+01 
7.6727822e+00   1367481  1.1901351e+01 
7.6892171e+00   1372735  1.1844805e+01 
7.7056535e+00   1378989  1.1789332e+01 
7.7220826e+00   1383937  1.1724767e+01 
7.7385317e+00   1393737  1.1683409e+01 
7.7549972e+00   1398907  1.1629237e+01 
7.7714359e+00   1400545  1.1582909e+01 
7.7878584e+00   1408305  1.1522960e+01 
7.8043010e+00   1416235  1.1485585e+01 
7.8207494e+00   1420389  1.1438558e+01 
7.8371832e+00   1426477  1.1373458e+01 
7.8536297e+00   1433797  1.1305512e+01 
7.8700776e+00   1439547  1.1286396e+01 
7.8865056e+00   1441777  1.1220761e+01 
7.9029482e+00   1454193  1.1173584e+01 
7.9194041e+00   1456651  1.1116332e+01 
7.9358365e+00   1461357  1.1080998e+01 
7.9522857e+00   1472557  1.1037717e+01 
7.9687278e+00   1471645  1.0993714e+01 
7.9851609e+00   1483635  1.0936821e+01 
8.0016137e+00   1486885  1.0877645e+01 
8.0180685e+00   1496445  1.0835378e+01 
8.0344953e+00   1494487  1.0808993e+01 
8.0509214e+00   1507785  1.0741645e+01 
8.0673762e+00   1512529  1.0698358e+01 
8.0838192e+00   1517707  1.0644438e+01 
8.1002613e+00   1525077  1.0594217e+01 
8.1167081e+00   1530793  1.0557757e+01 
8.1331378e+00   1533885  1.0521704e+01 
8.1495856e+00   1547191  1.0472653e+01 
8.1660353e+00   1546641  1.0420156e+01 
8.1824618e+00   1554709  1.0361541e+01 
8.1989027e+00   1562539  1.0330945e+01 
8.2153437e+00   1566657  1.0279380e+01 
8.2317820e+00   1575301  1.0238959e+01 
8.2482314e+00   1580733  1.0198284e+01 
8.2646698e+00   1585843  1.0148568e+01 
8.2811101e+00   1594153  1.0115222e+01 
8.2975451e+00   1596969  1.0066920e+01 
8.3139975e+00   1610923  1.0031225e+01 
8.3304471e+00   1608045  1.0005053e+01 
8.3468765e+00   1620649  9.9538467e+00 
8.3633076e+00   1620795  9.9040378e+00 
8.3797531e+00   1635949  9.8600918e+00 
8.3962078e+00   1636129  9.8225417e+00 
8.4126442e+00   1644273  9.7863478e+00 
8.4290928e+00   1652407  9.7395413e+00 
8.4455480e+00   1657593  9.7053642e+00 
8.4619847e+00   1662145  9.6667701e+00 
8.4784114e+00   1668411  9.6172948e+00 
8.4948518e+00   1677397  9.5898663e+00 
8.5112976e+00   1683205  9.5430940e+00 
8.5277318e+00   1687497  9.5001726e+00 
8.5441735e+00   1698223  9.4683252e+00 
8.5606239e+00   1701765  9.4362858e+00 
8.5770760e+00   1712041  9.3893257e+00 
8.5935126e+00   1711831  9.3533494e+00 
8.6099490e+00   1724697  9.3147326e+00 
8.6263880e+00   1725685  9.2810246e+00 
8.6428227e+00   1737111  9.2367289e+00 
8.6592728e+00   1741861  9.2040421e+00 
8.6757125e+00   1748793  9.1667482e+00 
8.6921509e+00   1753621  9.1200799e+00 
8.7085953e+00   1764523  9.0920825e+00 
8.7250257e+00   1763601  9.0708869e+00 
8.7414581e+00   1777957  9.0243699e+00 
8.7579031e+00   1780011  8.9734008e+00 
8.7743518e+00   1791409  8.9510618e+00 
8.7907969e+00   1794117  8.9153477e+00 
8.8072524e+00   1805653  8.8726741e+00 
8.8236950e+00   1805623  8.8386680e+00 
8.8401267e+00   1816365  8.8046680e+00 
8.8565793e+00   1823797  8.7562978e+00 
8.8730249e+00   1828611  8.7304974e+00 
8.8894569e+00   1833685  8.7020628e+00 
8.9058937e+00   1844037  8.6600618e+00 
8.9223418e+00   1849177  8.6305769e+00 
8.9387826e+00   1856659  8.5908844e+00 
8.9552239e+00   1862529  8.5451020e+00 
8.9716499e+00   1866697  8.5188362e+00 
8.9880813e+00   1877955  8.4844771e+00 
9.0045361e+00   1885297  8.4530783e+00 
9.0209840e+00   1890565  8.4256188e+00 
9.0374230e+00   1896663  8.3906454e+00 
9.0538584e+00   1903669  8.3563131e+00 
9.0702925e+00   1910349  8.3316297e+00 
9.0867408e+00   1920517  8.2887494e+00 
9.1031903e+00   1925031  8.2622762e+00 
9.1196251e+00   1930333  8.2253239e+00 
9.1360794e+00   1943845  8.1976337e+00 
9.1525332e+00   1944711  8.1606180e+00 
9.1689468e+00   1947193  8.1260639e+00 
9.1853784e+00   1963905  8.1068173e+00 
9.2018301e+00   1965457  8.0726298e+00 
9.2182787e+00   1977807  8.0435710e+00 
9.2347236e+00   1978357  8.0130489e+00 
9.2511658e+00   1990621  7.9706521e+00 
9.2676108e+00   1994679  7.9372731e+00 
9.2840573e+00   2003473  7.9212992e+00 
9.3004966e+00   2008473  7.8941265e+00 
9.3169244e+00   2014027  7.8607322e+00 
9.3333676e+00   2026545  7.8336181e+00 
9.3498165e+00   2030485  7.7960786e+00 
9.3662489e+00   2035537  7.7634524e+00 
9.3826908e+00   2048271  7.7402371e+00 
9.3991456e+00   2052049  7.7073980e+00 
9.4155882e+00   2060529  7.6826964e+00 
9.4320299e+00   2065843  7.6474988e+00 
9.4484538e+00   2070145  7.6222633e+00 
9.4648785e+00   2080941  7.6010294e+00 
9.4813304e+00   2091085  7.5737718e+00 
9.4977771e+00   2094591  7.5404454e+00 
9.5142116e+00   2102233  7.5136664e+00 
9.5306537e+00   2110593  7.4786810e+00 
9.5471004e+00   2118763  7.4540809e+00 
9.5635341e+00   2121313  7.4322959e+00 
9.5799691e+00   2134197  7.3989836e+00 
9.5964092e+00   2136493  7.3642542e+00 
9.6128619e+00   2152539  7.3358704e+00 
9.6293107e+00   2150905  7.3152775e+00 
9.6457461e+00   2162493  7.2859714e+00 
9.6621938e+00   2169811  7.2588033e+00 
9.6786293e+00   2173273  7.2329671e+00 
9.6950643e+00   2185173  7.2081198e+00 
9.7115164e+00   2192431  7.1771649e+00 
9.7279619e+00   2197593  7.1500105e+00 
9.7444015e+00   2206813  7.1243981e+00 
9.7608410e+00   2211561  7.0943542e+00 
9.7772916e+00   2225683  7.0776923e+00 
9.7937329e+00   2222761  7.0490218e+00 
9.8101648e+00   2238657  7.0237181e+00 
9.8266047e+00   2240611  6.9902533e+00 
9.8430453e+00   2252505  6.9724195e+00 
9.8594817e+00   2255845  6.9373929e+00 
9.8759142e+00   2265253  6.9248640e+00 
9.8923583e+00   2275143  6.9041785e+00 
9.9088236e+00   2285713  6.8808264e+00 
9.9252601e+00   2282277  6.8539121e+00 
9.9416778e+00   2296099  6.8225115e+00 
9.9581343e+00   2307645  6.7938239e+00 
9.9745847e+00   2310073  6.7761710e+00 
9.9910298e+00   2321419  6.7542230e+00 
1.0007469e+01   2323209  6.7247826e+00 
1.0023910e+01   2337913  6.7075951e+00 
1.0040365e+01   2341713  6.6770856e+00 
1.0056805e+01   2349763  6.6552238e+00 
1.0073230e+01   2352573  6.6228022e+00 
1.0089673e+01   2369725  6.6027717e+00 
1.0106115e+01   2368519  6.5872378e+00 
1.0122546e+01   2381061  6.5634297e+00 
1.0139000e+01   2391997  6.5353852e+00 
1.0155451e+01   2394081  6.5185690e+00 
1.0171886e+01   2403871  6.4874858e+00 
1.0188319e+01   2409297  6.4662984e+00 
1.0204768e+01   2423149  6.4482447e+00 
1.0221224e+01   2427835  6.4241023e+00 
1.0237669e+01   2434545  6.4041034e+00 
1.0254102e+01   2441149  6.3750678e+00 
1.0270534e+01   2449191  6.3610463e+00 
1.0286983e+01   2461633  6.3378850e+00 
1.0303428e+01   2464441  6.3073289e+00 
1.0319845e+01   2468097  6.2839958e+00 
1.0336277e+01   2485999  6.2649311e+00 
1.0352736e+01   2490381  6.2468572e+00 
1.0369178e+01   2497897  6.2316884e+00 
1.0385609e+01   2502831  6.2043855e+00 
1.0402059e+01   2519065  6.1794208e+00 
1.0418514e+01   2520541  6.1633010e+00 
1.0434952e+01   2529381  6.1424509e+00 
1.0451392e+01   2537851  6.1155360e+00 
1.0467843e+01   2548197  6.0944401e+00 
1.0484287e+01   2551477  6.0695379e+00 
1.0500712e+01   2558919  6.0619842e+00 
1.0517133e+01   2565685  6.0369357e+00 
1.0533574e+01   2581681  6.0133982e+00 
1.0550031e+01   2586609  5.9921812e+00 
1.0566476e+01   2593915  5.9613301e+00 
1.0582911e+01   2599881  5.9558505e+00 
1.0599359e+01   2613469  5.9283854e+00 
1.0615805e+01   2616847  5.9113648e+00 
1.0632237e+01   2623749  5.8888045e+00 
1.0648679e+01   2637157  5.8762488e+00 
1.0665135e+01   2644347  5.8445651e+00 
1.0681573e+01   2647585  5.8301597e+00 
1.0697997e+01   2656581  5.8104105e+00 
1.0714441e+01   2669041  5.7973419e+00 
1.0730887e+01   2675287  5.7721604e+00 
1.0747328e+01   2682609  5.7542661e+00 
1.0763767e+01   2691769  5.7328660e+00 
1.0780201e+01   2697195  5.7164399e+00 
1.0796646e+01   2711077  5.6998710e+00 
1.0813103e+01   2719461  5.6788829e+00 
1.0829552e+01   2723005  5.6598117e+00 
1.0845990e+01   2733835  5.6403811e+00 
1.0862431e+01   2739657  5.6230987e+00 
1.0878864e+01   2748061  5.6033632e+00 
1.0895302e+01   2758371  5.5784036e+00 
1.0911748e+01   2766325  5.5648784e+00 
1.0928188e+01   2774241  5.5445748e+00 
1.0944636e+01   2784979  5.5322839e+00 
1.0961069e+01   2786053  5.5109959e+00 
1.0977513e+01   2805945  5.4953272e+00 
1.0993964e+01   2804113  5.4715047e+00 
1.1010400e+01   2818539  5.4576834e+00 
1.1026845e+01   2823733  5.4393991e+00 
1.1043284e+01   2833081  5.4178521e+00 
1.1059731e+01   2844183  5.4052542e+00 
1.1076175e+01   2847529  5.3856501e+00 
1.1092614e+01   2861157  5.3706095e+00 
1.1109055e+01   2863585  5.3512149e+00 
1.1125498e+01   2879571  5.3330803e+00 
1.1141944e+01   2881657  5.3150683e+00 
1.1158382e+01   2893309  5.3015544e+00 
1.1174827e+01   2902527  5.2854085e+00 
1.1191261e+01   2904373  5.2695114e+00 
1.1207680e+01   2915877  5.2529768e+00 
1.1224111e+01   2925247  5.2301379e+00 
1.1240570e+01   2943069  5.2138315e+00 
1.1257030e+01   2942677  5.1935682e+00 
1.1273468e+01   2952325  5.1779460e+00 
1.1289907e+01   2961027  5.1625331e+00 
1.1306353e+01   2970937  5.1506883e+00 
1.1322798e+01   2978853  5.1330274e+00 
1.1339228e+01   2982199  5.1132179e+00 
1.1355671e+01   3001233  5.0984162e+00 
1.1372129e+01   3005173  5.0819603e+00 
1.1388560e+01   3008233  5.0632757e+00 
1.1404992e+01   3023247  5.0534787e+00 
1.1421430e+01   3027997  5.0272139e+00 
1.1437879e+01   3044301  5.0182889e+00 
1.1454326e+01   3045127  4.9978941e+00 
1.1470769e+01   3060109  4.9776716e+00 
1.1487224e+01   3067401  4.9653795e+00 
1.1503662e+01   3070897  4.9535106e+00 
1.1520101e+01   3085791  4.9340407e+00 
1.1536542e+01   3089425  4.9205932e+00 
1.1552979e+01   3100845  4.9042759e+00 
1.1569428e+01   3112795  4.8875475e+00 
1.1585871e+01   3115357  4.8710693e+00 
1.1602308e+01   3129021  4.8575528e+00 
1.1618736e+01   3129187  4.8446756e+00 
1.1635167e+01   3147525  4.8217687e+00 
1.1651627e+01   3159073  4.8132708e+00 
1.1668079e+01   3161457  4.7952668e+00 
1.1684516e+01   3171499  4.7794917e+00 
1.1700953e+01   3178765  4.7626249e+00 
1.1717383e+01   3187437  4.7503317e+00 
1.1733816e+01   3197371  4.7320531e+00 
1.1750260e+01   3209433  4.7206446e+00 
1.1766700e+01   3214333  4.7073189e+00 
1.1783144e+01   3228441  4.6873567e+00 
1.1799588e+01   3233203  4.6765079e+00 
1.1816033e+01   3245605  4.6663054e+00 
1.1832480e+01   3252789  4.6536873e+00 
1.1848911e+01   3257875  4.6348438e+00 
1.1865350e+01   3272709  4.6233880e+00 
1.1881795e+01   3279373  4.6073671e+00 
1.1898233e+01   3287587  4.5911136e+00 
1.1914675e+01   3299625  4.5802560e+00 
1.1931131e+01   3311521  4.5655082e+00 
1.1947582e+01   3314685  4.5546276e+00 
1.1964016e+01   3324415  4.5372580e+00 
1.1980455e+01   3333945  4.5232911e+00 
1.1996900e+01   3345673  4.5064928e+00 
1.2013335e+01   3348667  4.4959099e+00 
1.2029777e+01   3365553  4.4777869e+00 
1.2046223e+01   3369649  4.4663656e+00 
1.2062665e+01   3381933  4.4542251e+00 
1.2079111e+01   3390139  4.4384820e+00 
1.2095543e+01   3394641  4.4257665e+00 
1.2111983e+01   3410917  4.4135712e+00 
1.2128427e+01   3415939  4.3968314e+00 
1.2144869e+01   3427497  4.3857831e+00 
1.2161310e+01   3435817  4.3762890e+00 
1.2177748e+01   3443223  4.3603764e+00 
1.2194191e+01   3456721  4.3478961e+00 
1.2210641e+01   3465909  4.3341401e+00 
1.2227085e+01   3471721  4.3218670e+00 
1.2243522e+01   3481891  4.3069900e+00 
1.2259959e+01   3490041  4.2932022e+00 
1.2276400e+01   3503713  4.2834274e+00 
1.2292846e+01   3510111  4.2698246e+00 
1.2309288e+01   3520033  4.2564356e+00 
1.2325725e+01   3527569  4.2438643e+00 
1.2342165e+01   3540405  4.2283253e+00 
1.2358615e+01   3550231  4.2161004e+00 
1.2375052e+01   3553917  4.2102053e+00 
1.2391490e+01   3568753  4.1922237e+00 
1.2407934e+01   3576999  4.1796411e+00 
1.2424376e+01   3585421  4.1644339e+00 
1.2440822e+01   3598681  4.1530184e+00 
1.2457270e+01   3604473  4.1400402e+00 
1.2473712e+01   3615655  4.1331090e+00 
1.2490148e+01   3621525  4.1185408e+00 
1.2506592e+01   3636649  4.1107309e+00 
1.2523036e+01   3642387  4.0946068e+00 
1.2539468e+01   3648541  4.0822590e+00 
1.2555912e+01   3668629  4.0723625e+00 
1.2572357e+01   3667707  4.0612887e+00 
1.2588792e+01   3682657  4.0453762e+00 
1.2605229e+01   3688881  4.0333657e+00 
1.2621669e+01   3701749  4.0233071e+00 
1.2638111e+01   3710599  4.0137466e+00 
1.2654551e+01   3719361  4.0038998e+00 
1.2670991e+01   3729961  3.9888506e+00 
1.2687440e+01   3743475  3.9743117e+00 
1.2703881e+01   3744913  3.9661115e+00 
1.2720314e+01   3759513  3.9552214e+00 
1.2736753e+01   3766669  3.9412090e+00 
1.2753193e+01   3779983  3.9314784e+00 
1.2769642e+01   3790461  3.9190941e+00 
1.2786089e+01   3797989  3.9079128e+00 
1.2802526e+01   3805767  3.9005779e+00 
1.2818977e+01   3823429  3.8876973e+00 
1.2835419e+01   3822189  3.8723856e+00 
1.2851855e+01   3839947  3.8635180e+00 
1.2868296e+01   3843517  3.8526466e+00 
1.2884736e+01   3859965  3.8386334e+00 
1.2901193e+01   3870265  3.8294283e+00 
1.2917622e+01   3867603  3.8209387e+00 
1.2934054e+01   3890533  3.8067683e+00 
1.2950499e+01   3893481  3.7971832e+00 
1.2966938e+01   3908431  3.7860152e+00 
1.2983387e+01   3916477  3.7731882e+00 
1.2999830e+01   3927381  3.7656013e+00 
1.3016262e+01   3929269  3.7538444e+00 
1.3032707e+01   3954687  3.7447173e+00 
1.3049152e+01   3948889  3.7318658e+00 
1.3065587e+01   3969133  3.7223004e+00 
1.3082032e+01   3974883  3.7136475e+00 
1.3098476e+01   3987133  3.7011019e+00 
1.3114914e+01   3993957  3.6887997e+00 
1.3131356e+01   4007377  3.6822313e+00 
1.3147808e+01   4019439  3.6721044e+00 
1.3164251e+01   4023241  3.6626323e+00 
1.3180690e+01   4037425  3.6498707e+00 
1.3197128e+01   4043343  3.6388119e+00 
1.3213566e+01   4056925  3.6293337e+00 
1.3230004e+01   4063737  3.6200473e+00 
1.3246441e+01   4076791  3.6084570e+00 
1.3262898e+01   4093677  3.5976151e+00 
1.3279345e+01   4092769  3.5871890e+00 
1.3295783e+01   4108105  3.5787045e+00 
1.3312218e+01   4113075  3.5695777e+00 
1.3328655e+01   4128817  3.5576139e+00 
1.3345096e+01   4134873  3.5455714e+00 
1.3361534e+01   4148731  3.5426544e+00 
1.3377979e+01   4157973  3.5289494e+00 
1.3394430e+01   4172869  3.5197586e+00 
1.3410882e+01   4178353  3.5110398e+00 
1.3427319e+01   4186107  3.4968713e+00 
1.3443756e+01   4199497  3.4909953e+00 
1.3460194e+01   4205565  3.4816833e+00 
1.3476630e+01   4220875  3.4712836e+00 
1.3493070e+01   4225933  3.4628671e+00 
1.3509525e+01   4251717  3.4502574e+00 
1.3525973e+01   4241443  3.4422654e+00 
1.3542408e+01   4265589  3.4331945e+00 
1.3558845e+01   4264249  3.4222057e+00 
1.3575281e+01   4284381  3.4150829e+00 
1.3591733e+01   4294687  3.4041989e+00 
1.3608175e+01   4298641  3.3980599e+00 
1.3624615e+01   4316037  3.3854906e+00 
1.3641058e+01   4319971  3.3753472e+00 
1.3657498e+01   4334721  3.3683466e+00 
1.3673940e+01   4343569  3.3558483e+00 
1.3690384e+01   4355217  3.3506565e+00 
1.3706818e+01   4359871  3.3386823e+00 
1.3723254e+01   4376533  3.3344577e+00 
1.3739697e+01   4384953  3.3239745e+00 
1.3756138e+01   4397167  3.3118670e+00 
1.3772579e+01   4404441  3.3049235e+00 
1.3789025e+01   4422121  3.2950062e+00 
1.3805467e+01   4423419  3.2890085e+00 
1.3821899e+01   4437157  3.2773887e+00 
1.3838348e+01   4454329  3.2705756e+00 
1.3854801e+01   4459389  3.2595978e+00 
1.3871227e+01   4462087  3.2520660e+00 
1.3887666e+01   4487157  3.2444127e+00 
1.3904114e+01   4487845  3.2388136e+00 
1.3920549e+01   4502311  3.2262856e+00 
1.3936998e+01   4515609  3.2180450e+00 
1.3953444e+01   4523293  3.2094458e+00 
1.3969882e+01   4530525  3.2032951e+00 
1.3986314e+01   4543075  3.1939732e+00 
1.4002750e+01   4553601  3.1834952e+00 
1.4019203e+01   4573213  3.1766820e+00 
1.4035643e+01   4569475  3.1663612e+00 
1.4052080e+01   4591089  3.1607532e+00 
1.4068524e+01   4596253  3.1507365e+00 
1.4084960e+01   4606701  3.1397590e+00 
1.4101403e+01   4623319  3.1336748e+00 
1.4117848e+01   4628589  3.1257791e+00 
1.4134293e+01   4644337  3.1166253e+00 
1.4150740e+01   4652227  3.1099318e+00 
1.4167179e+01   4660413  3.0989685e+00 
1.4183624e+01   4678945  3.0911135e+00 
1.4200081e+01   4687191  3.0838227e+00 
1.4216525e+01   4694245  3.0763277e+00 
1.4232950e+01   4698025  3.0688535e+00 
1.4249382e+01   4719597  3.0595637e+00 
1.4265824e+01   4725775  3.0503916e+00 
1.4282265e+01   4739961  3.0442309e+00 
1.4298712e+01   4752325  3.0345516e+00 
1.4315154e+01   4759023  3.0269376e+00 
1.4331599e+01   4774237  3.0225237e+00 
1.4348040e+01   4780405  3.0132537e+00 
1.4364476e+01   4792101  3.0049320e+00 
1.4380920e+01   4807663  2.9989662e+00 
1.4397368e+01   4816401  2.9875236e+00 
1.4413807e+01   4823509  2.9813061e+00 
1.4430248e+01   4840743  2.9739273e+00 
1.4446693e+01   4846849  2.9662331e+00 
1.4463127e+01   4857709  2.9578089e+00 
1.4479568e+01   4871907  2.9505062e+00 
1.4496011e+01   4881601  2.9428543e+00 
1.4512454e+01   4894389  2.9359820e+00 
1.4528896e+01   4901329  2.9308614e+00 
1.4545329e+01   4913583  2.9203855e+00 
1.4561780e+01   4932313  2.9132211e+00 
1.4578221e+01   4931233  2.9053509e+00 
1.4594654e+01   4949439  2.8970945e+00 
1.4611099e+01   4960093  2.8866441e+00 
1.4627549e+01   4975845  2.8840563e+00 
1.4643986e+01   4973809  2.8753553e+00 
1.4660424e+01   4999375  2.8674216e+00 
1.4676868e+01   4999281  2.8621575e+00 
1.4693310e+01   5020633  2.8520633e+00 
1.4709759e+01   5026719  2.8462612e+00 
1.4726199e+01   5036893  2.8363839e+00 
1.4742643e+01   5052285  2.8343590e+00 
1.4759077e+01   5052547  2.8243287e+00 
1.4775512e+01   5075413  2.8190312e+00 
1.4791960e+01   5084049  2.8105408e+00 
1.4808394e+01   5088469  2.8031120e+00 
1.4824829e+01   5108391  2.7953975e+00 
1.4841279e+01   5118805  2.7904613e+00 
1.4857729e+01   5132721  2.7834635e+00 
1.4874168e+01   5134123  2.7724181e+00 
1.4890598e+01   5148289  2.7695265e+00 
1.4907045e+01   5169609  2.7624995e+00 
1.4923494e+01   5170585  2.7543241e+00 
1.4939933e+01   5188107  2.7480080e+00 
1.4956381e+01   5197321  2.7383332e+00 
1.4972817e+01   5204481  2.7335483e+00 
1.4989249e+01   5217199  2.7258940e+00 
1.5005692e+01   5233909  2.7200973e+00 
1.5022139e+01   5244033  2.7118794e+00 
1.5038578e+01   5250349  2.7068339e+00 
1.5055017e+01   5267823  2.6984396e+00 
1.5071468e+01   5280397  2.6925285e+00 
1.5087908e+01   5284129  2.6852346e+00 
1.5104335e+01   5295771  2.6797860e+00 
1.5120780e+01   5317405  2.6725127e+00 
1.5137232e+01   5324901  2.6664059e+00 
1.5153675e+01   5333755  2.6575576e+00 
1.5170115e+01   5345937  2.6529973e+00 
1.5186558e+01   5359657  2.6473183e+00 
1.5202999e+01   5366821  2.6405926e+00 
1.5219436e+01   5382075  2.6330661e+00 
1.5235879e+01   5392261  2.6281356e+00 
1.5252325e+01   5407353  2.6208235e+00 
1.5268764e+01   5412259  2.6147722e+00 
1.5285199e+01   5426973  2.6067976e+00 
1.5301652e+01   5448109  2.6021142e+00 
1.5318098e+01   5444749  2.5973076e+00 
1.5334529e+01   5462499  2.5884878e+00 
1.5350972e+01   5476897  2.5813658e+00 
1.5367421e+01   5487741  2.5767394e+00 
1.5383850e+01   5489011  2.5696124e+00 
1.5400292e+01   5517945  2.5650875e+00 
1.5416747e+01   5523913  2.5576754e+00 
1.5433187e+01   5529295  2.5515626e+00 
1.5449617e+01   5541585  2.5454182e+00 
1.5466049e+01   5554501  2.5383945e+00 
1.5482493e+01   5571717  2.5330933e+00 
1.5498948e+01   5587903  2.5285897e+00 
1.5515389e+01   5584453  2.5197213e+00 
1.5531826e+01   5609505  2.5127491e+00 
1.5548272e+01   5613739  2.5086808e+00 
1.5564703e+01   5622837  2.5018337e+00 
1.5581143e+01   5644501  2.4958218e+00 
1.5597584e+01   5646693  2.4891167e+00 
1.5614024e+01   5668363  2.4840260e+00 
1.5630474e+01   5677237  2.4778871e+00 
1.5646919e+01   5688513  2.4701446e+00 
1.5663358e+01   5696839  2.4654941e+00 
1.5679803e+01   5716845  2.4608726e+00 
1.5696249e+01   5721301  2.4535184e+00 
1.5712684e+01   5733921  2.4473299e+00 
1.5729129e+01   5751391  2.4419313e+00 
1.5745567e+01   5753065  2.4368464e+00 
1.5762010e+01   5778813  2.4293802e+00 
1.5778451e+01   5777623  2.4237576e+00 
1.5794884e+01   5794701  2.4182061e+00 
1.5811332e+01   5813953  2.4145499e+00 
1.5827775e+01   5814963  2.4079958e+00 
1.5844216e+01   5836669  2.3997699e+00 
1.5860663e+01   5843749  2.3946818e+00 
1.5877110e+01   5859633  2.3903035e+00 
1.5893551e+01   5865199  2.3839575e+00 
1.5909984e+01   5877273  2.3777733e+00 
1.5926423e+01   5894521  2.3740588e+00 
1.5942870e+01   5907055  2.3675785e+00 
1.5959317e+01   5918409  2.3638510e+00 
1.5975751e+01   5923525  2.3563159e+00 
1.5992190e+01   5944341  2.3535416e+00 
1.6008634e+01   5952907  2.3467508e+00 
1.6025064e+01   5958177  2.3403858e+00 
1.6041507e+01   5986729  2.3347246e+00 
1.6057961e+01   5991607  2.3282792e+00 
1.6074397e+01   5997009  2.3228272e+00 
1.6090834e+01   6017809  2.3169894e+00 
1.6107287e+01   6032451  2.3110695e+00 
1.6123732e+01   6036661  2.3076879e+00 
1.6140164e+01   6048429  2.3015081e+00 
1.6156608e+01   6069241  2.2950416e+00 
1.6173051e+01   6072799  2.2901784e+00 
1.6189485e+01   6087333  2.2857822e+00 
1.6205923e+01   6100189  2.2807223e+00 
1.6222357e+01   6110199  2.2747562e+00 
1.6238808e+01   6135469  2.2688245e+00 
1.6255257e+01   6135757  2.2640728e+00 
1.6271696e+01   6151389  2.2602388e+00 
1.6288137e+01   6163015  2.2545005e+00 
1.6304574e+01   6172905  2.2478292e+00 
1.6321021e+01   6194425  2.2448772e+00 
1.6337463e+01   6196047  2.2376911e+00 
1.6353903e+01   6216145  2.2319555e+00 
1.6370354e+01   6230473  2.2292305e+00 
1.6386794e+01   6232095  2.2214860e+00 
1.6403226e+01   6249913  2.2172127e+00 
1.6419670e+01   6266493  2.2127153e+00 
1.6436110e+01   6270925  2.2079217e+00 
1.6452549e+01   6292635  2.2019933e+00 
1.6469004e+01   6306181  2.1982581e+00 
1.6485446e+01   6309697  2.1926406e+00 
1.6501881e+01   6324579  2.1878395e+00 
1.6518325e+01   6342217  2.1824712e+00 
1.6534765e+01   6347277  2.1779559e+00 
1.6551201e+01   6364285  2.1712136e+00 
1.6567645e+01   6378303  2.1664682e+00 
1.6584080e+01   6382993  2.1635230e+00 
1.6600517e+01   6404353  2.1596555e+00 
1.6616958e+01   6412287  2.1522273e+00 
1.6633401e+01   6430825  2.1464905e+00 
1.6649852e+01   6444501  2.1432768e+00 
1.6666291e+01   6446653  2.1368768e+00 
1.6682729e+01   6469255  2.1334044e+00 
1.6699173e+01   6477417  2.1259708e+00 
1.6715616e+01   6491929  2.1219713e+00 
1.6732056e+01   6503031  2.1177403e+00 
1.6748502e+01   6521089  2.1137007e+00 
1.6764947e+01   6527925  2.1074795e+00 
1.6781376e+01   6533347  2.1040823e+00 
1.6797810e+01   6557797  2.0986340e+00 
1.6814259e+01   6572589  2.0964570e+00 
1.6830706e+01   6579466  2.0893003e+00 
