# Power spectrum from CO𝘕CEPT job 3337064 at t = 13.829294 Gyr, a = 1.
# 
# Below, the following component mapping is used:
#   GADGET halo: 0
# 
#            grid size 2048            
# ╭───────────────────────────────────╮
#                         component 0  
#                        σ₈ = 9.42e-01 
#  k [Mpc⁻¹]     modes    power [Mpc³] 
1.6444274e-02         3  7.7696994e+04 
2.5346356e-02        10  5.6890407e+04 
3.7898992e-02        27  4.3714464e+04 
5.1056691e-02        45  2.9761121e+04 
6.3292620e-02        67  2.3725402e+04 
7.7668197e-02       141  1.9090405e+04 
9.4506018e-02       217  1.3651054e+04 
1.1085512e-01       265  9.8353820e+03 
1.2673551e-01       375  8.2198704e+03 
1.4310520e-01       469  6.4719437e+03 
1.5921320e-01       573  6.2709472e+03 
1.7505023e-01       679  5.9260560e+03 
1.9158744e-01       889  4.9079639e+03 
2.0864874e-01      1053  4.5064931e+03 
2.2492023e-01      1105  4.1345247e+03 
2.4162157e-01      1467  3.9152100e+03 
2.5841415e-01      1501  3.6428266e+03 
2.7456390e-01      1737  3.2732645e+03 
2.9089046e-01      1963  3.1379722e+03 
3.0709736e-01      2125  2.9089973e+03 
3.2358821e-01      2517  2.8363289e+03 
3.3996065e-01      2575  2.6974005e+03 
3.5647498e-01      3081  2.5726983e+03 
3.7295848e-01      3133  2.4287678e+03 
3.8900984e-01      3429  2.3477492e+03 
4.0558736e-01      3991  2.2129921e+03 
4.2213935e-01      4009  2.1813626e+03 
4.3838736e-01      4497  2.0260276e+03 
4.5476989e-01      4747  2.0208078e+03 
4.7136961e-01      5289  1.9654032e+03 
4.8803303e-01      5581  1.8421014e+03 
5.0455551e-01      5901  1.8389399e+03 
5.2095127e-01      6295  1.7579789e+03 
5.3726294e-01      6601  1.7255556e+03 
5.5363157e-01      7161  1.6634866e+03 
5.7007373e-01      7531  1.6635175e+03 
5.8656738e-01      8037  1.6079243e+03 
6.0304067e-01      8437  1.5576964e+03 
6.1937943e-01      8827  1.5200491e+03 
6.3585243e-01      9513  1.4660997e+03 
6.5225570e-01      9709  1.4438380e+03 
6.6876924e-01     10641  1.3867523e+03 
6.8512868e-01     10567  1.3981107e+03 
7.0151250e-01     11685  1.3426436e+03 
7.1826316e-01     12169  1.2948248e+03 
7.3452255e-01     12091  1.2802755e+03 
7.5081025e-01     13257  1.2499998e+03 
7.6730652e-01     13657  1.2236846e+03 
7.8373756e-01     14241  1.1945400e+03 
8.0014453e-01     14851  1.1602626e+03 
8.1663338e-01     15609  1.1586543e+03 
8.3318393e-01     16189  1.1313350e+03 
8.4948675e-01     16471  1.1066438e+03 
8.6584974e-01     17481  1.0876752e+03 
8.8236887e-01     18253  1.0717658e+03 
8.9891593e-01     18801  1.0410892e+03 
9.1537361e-01     19495  1.0157686e+03 
9.3179045e-01     20101  9.8646948e+02 
9.4826074e-01     20985  9.8109545e+02 
9.6466432e-01     21451  9.5535556e+02 
9.8111737e-01     22533  9.4454016e+02 
9.9753917e-01     22945  9.1465089e+02 
1.0139094e+00     23811  8.9832433e+02 
1.0303265e+00     24625  8.9142570e+02 
1.0468144e+00     25705  8.7797822e+02 
1.0633358e+00     26241  8.5422545e+02 
1.0797558e+00     27043  8.4112242e+02 
1.0962211e+00     28029  8.3397522e+02 
1.1126210e+00     28489  8.1019795e+02 
1.1290879e+00     30039  7.9512173e+02 
1.1456116e+00     30301  7.8257961e+02 
1.1619125e+00     31033  7.6596165e+02 
1.1783370e+00     32529  7.4888172e+02 
1.1947869e+00     32935  7.4441700e+02 
1.2112565e+00     34437  7.2189395e+02 
1.2277117e+00     34645  7.0978492e+02 
1.2440502e+00     35979  7.0296240e+02 
1.2605211e+00     36949  6.8942951e+02 
1.2770144e+00     38113  6.7402157e+02 
1.2934226e+00     38475  6.6784881e+02 
1.3097903e+00     39865  6.5475264e+02 
1.3263446e+00     41493  6.4263607e+02 
1.3428874e+00     41665  6.3046101e+02 
1.3592087e+00     42631  6.2628007e+02 
1.3756346e+00     44085  6.0836724e+02 
1.3921820e+00     45505  6.0074224e+02 
1.4086373e+00     45735  5.8986693e+02 
1.4250178e+00     47125  5.7541836e+02 
1.4414920e+00     48585  5.7315511e+02 
1.4579305e+00     48961  5.5803165e+02 
1.4743321e+00     50743  5.5195963e+02 
1.4907389e+00     51165  5.4717960e+02 
1.5071924e+00     53257  5.3481750e+02 
1.5236603e+00     53655  5.2876488e+02 
1.5400190e+00     54793  5.1649825e+02 
1.5565192e+00     57057  5.1007488e+02 
1.5729869e+00     56839  5.0074167e+02 
1.5894023e+00     59101  4.8977771e+02 
1.6058601e+00     59709  4.8881672e+02 
1.6222933e+00     61225  4.7660399e+02 
1.6387728e+00     62607  4.6884847e+02 
1.6551975e+00     63253  4.6282975e+02 
1.6716037e+00     65061  4.5643449e+02 
1.6880337e+00     66031  4.4924990e+02 
1.7044751e+00     67525  4.4606492e+02 
1.7209058e+00     68769  4.3609169e+02 
1.7373469e+00     70105  4.3047716e+02 
1.7538178e+00     71787  4.1992083e+02 
1.7702475e+00     72337  4.1307691e+02 
1.7866732e+00     74401  4.1039874e+02 
1.8031286e+00     75531  4.0547691e+02 
1.8196372e+00     77473  3.9870847e+02 
1.8360112e+00     77193  3.9304042e+02 
1.8523516e+00     79765  3.8577049e+02 
1.8688946e+00     82143  3.7937611e+02 
1.8854177e+00     82393  3.7507157e+02 
1.9018266e+00     83833  3.6767134e+02 
1.9181986e+00     85059  3.6556792e+02 
1.9346415e+00     87253  3.6039114e+02 
1.9511396e+00     88857  3.5500571e+02 
1.9675969e+00     89659  3.4937353e+02 
1.9840224e+00     91533  3.4542067e+02 
2.0004207e+00     92401  3.4087654e+02 
2.0168900e+00     95353  3.3660259e+02 
2.0333318e+00     95271  3.3086721e+02 
2.0497666e+00     98269  3.2565989e+02 
2.0661874e+00     98217  3.2383382e+02 
2.0826377e+00    101899  3.1901988e+02 
2.0991461e+00    102009  3.1612257e+02 
2.1155531e+00    103993  3.1355247e+02 
2.1320003e+00    105553  3.0999305e+02 
2.1484303e+00    107139  3.0592821e+02 
2.1648814e+00    109189  3.0133207e+02 
2.1812685e+00    109341  2.9710838e+02 
2.1976836e+00    113179  2.9230527e+02 
2.2141473e+00    113053  2.8920183e+02 
2.2305825e+00    116517  2.8517599e+02 
2.2471141e+00    117607  2.8262360e+02 
2.2635356e+00    118365  2.7924922e+02 
2.2799533e+00    121189  2.7631114e+02 
2.2964184e+00    122289  2.7398695e+02 
2.3128267e+00    124147  2.6980174e+02 
2.3292896e+00    126385  2.6831954e+02 
2.3457569e+00    127941  2.6392701e+02 
2.3621623e+00    128947  2.6022614e+02 
2.3786241e+00    132393  2.5705648e+02 
2.3950976e+00    132949  2.5533462e+02 
2.4115030e+00    134649  2.5133536e+02 
2.4279489e+00    137623  2.4739147e+02 
2.4443643e+00    137641  2.4452228e+02 
2.4607764e+00    141321  2.4207287e+02 
2.4772237e+00    142087  2.3964278e+02 
2.4936741e+00    144945  2.3611628e+02 
2.5100982e+00    145717  2.3407048e+02 
2.5265007e+00    148251  2.3049422e+02 
2.5430151e+00    151537  2.2849912e+02 
2.5594785e+00    151321  2.2533850e+02 
2.5758655e+00    153909  2.2329646e+02 
2.5923078e+00    156511  2.2110985e+02 
2.6088067e+00    158709  2.1989075e+02 
2.6252397e+00    159301  2.1495597e+02 
2.6416584e+00    162643  2.1410880e+02 
2.6581561e+00    164613  2.1085255e+02 
2.6745973e+00    165817  2.1008784e+02 
2.6909855e+00    167313  2.0690642e+02 
2.7074110e+00    171067  2.0519671e+02 
2.7238484e+00    171465  2.0250580e+02 
2.7402879e+00    175225  2.0066498e+02 
2.7567697e+00    176743  1.9939728e+02 
2.7731423e+00    176841  1.9647344e+02 
2.7895596e+00    182221  1.9470789e+02 
2.8060814e+00    183117  1.9264274e+02 
2.8224975e+00    184411  1.9036955e+02 
2.8389274e+00    187617  1.8865483e+02 
2.8553653e+00    188905  1.8688240e+02 
2.8717627e+00    191131  1.8509625e+02 
2.8882218e+00    194565  1.8297038e+02 
2.9046964e+00    196141  1.8102618e+02 
2.9211615e+00    198591  1.7923296e+02 
2.9375998e+00    200065  1.7784009e+02 
2.9540649e+00    203797  1.7612127e+02 
2.9705354e+00    204549  1.7469758e+02 
2.9869717e+00    207595  1.7088899e+02 
3.0033875e+00    208581  1.7014683e+02 
3.0197883e+00    211837  1.6868906e+02 
3.0362229e+00    213999  1.6751426e+02 
3.0526866e+00    217057  1.6580510e+02 
3.0691428e+00    218893  1.6356620e+02 
3.0855555e+00    220269  1.6199390e+02 
3.1019930e+00    224323  1.6045302e+02 
3.1184617e+00    225873  1.5953645e+02 
3.1349207e+00    228757  1.5751964e+02 
3.1513532e+00    230283  1.5610333e+02 
3.1677965e+00    233341  1.5452599e+02 
3.1842470e+00    235693  1.5313788e+02 
3.2006723e+00    237399  1.5191453e+02 
3.2171142e+00    241009  1.5042222e+02 
3.2335887e+00    243417  1.4898163e+02 
3.2500136e+00    244129  1.4764330e+02 
3.2664410e+00    248991  1.4629426e+02 
3.2829239e+00    250369  1.4527692e+02 
3.2993618e+00    252829  1.4404238e+02 
3.3157727e+00    254511  1.4233684e+02 
3.3322186e+00    258997  1.4124823e+02 
3.3486800e+00    260157  1.3963798e+02 
3.3650923e+00    262381  1.3861307e+02 
3.3815241e+00    266131  1.3686558e+02 
3.3979483e+00    267117  1.3607430e+02 
3.4143703e+00    271273  1.3499300e+02 
3.4308564e+00    274563  1.3373289e+02 
3.4473137e+00    275473  1.3251872e+02 
3.4637222e+00    278193  1.3143099e+02 
3.4801264e+00    280657  1.2983741e+02 
3.4965868e+00    285319  1.2928547e+02 
3.5130530e+00    286401  1.2803269e+02 
3.5294760e+00    288889  1.2687698e+02 
3.5459357e+00    293391  1.2577967e+02 
3.5624090e+00    294577  1.2455753e+02 
3.5788404e+00    297573  1.2299676e+02 
3.5952642e+00    299563  1.2242422e+02 
3.6117160e+00    303997  1.2105003e+02 
3.6281560e+00    305025  1.2035066e+02 
3.6445790e+00    308533  1.1955030e+02 
3.6610225e+00    311619  1.1870559e+02 
3.6774766e+00    314257  1.1730012e+02 
3.6939086e+00    316617  1.1643381e+02 
3.7103462e+00    320131  1.1509900e+02 
3.7268028e+00    322729  1.1464564e+02 
3.7432601e+00    326289  1.1360023e+02 
3.7596895e+00    326989  1.1267221e+02 
3.7760900e+00    331131  1.1202313e+02 
3.7925450e+00    334801  1.1123164e+02 
3.8089767e+00    335833  1.1034567e+02 
3.8254063e+00    340827  1.0900745e+02 
3.8418656e+00    342721  1.0784538e+02 
3.8583499e+00    347925  1.0758258e+02 
3.8747993e+00    346915  1.0652155e+02 
3.8912071e+00    352221  1.0527488e+02 
3.9076586e+00    354793  1.0480917e+02 
3.9240896e+00    357109  1.0382579e+02 
3.9405276e+00    361299  1.0320832e+02 
3.9569713e+00    363205  1.0247742e+02 
3.9734255e+00    367881  1.0159876e+02 
3.9898789e+00    369439  1.0037580e+02 
4.0063139e+00    372729  1.0025170e+02 
4.0227443e+00    375709  9.9104697e+01 
4.0391807e+00    378925  9.8804676e+01 
4.0556139e+00    381963  9.7644343e+01 
4.0720410e+00    384733  9.7043087e+01 
4.0884797e+00    388377  9.6117649e+01 
4.1049168e+00    391507  9.5233752e+01 
4.1213716e+00    394989  9.4632982e+01 
4.1378384e+00    398773  9.3928803e+01 
4.1542692e+00    399259  9.2939197e+01 
4.1707055e+00    405537  9.2542373e+01 
4.1871461e+00    405997  9.1741492e+01 
4.2035544e+00    409845  9.1090640e+01 
4.2199761e+00    413587  9.0505079e+01 
4.2364682e+00    419449  8.9735012e+01 
4.2529646e+00    420693  8.9218792e+01 
4.2694067e+00    423043  8.8399368e+01 
4.2858500e+00    427017  8.7866739e+01 
4.3022780e+00    429181  8.7111875e+01 
4.3186990e+00    432945  8.6610483e+01 
4.3351542e+00    437731  8.5702315e+01 
4.3516058e+00    439321  8.4874150e+01 
4.3680369e+00    443253  8.4448015e+01 
4.3844739e+00    446419  8.3954138e+01 
4.4009137e+00    449925  8.3365987e+01 
4.4173500e+00    453157  8.2775805e+01 
4.4337621e+00    455217  8.2009413e+01 
4.4502129e+00    461923  8.1373881e+01 
4.4666919e+00    463969  8.1026706e+01 
4.4830981e+00    464349  8.0412350e+01 
4.4995168e+00    471667  7.9534254e+01 
4.5159908e+00    474141  7.8949192e+01 
4.5324513e+00    478093  7.8477706e+01 
4.5488951e+00    480195  7.8027710e+01 
4.5653382e+00    484537  7.7430645e+01 
4.5817810e+00    487537  7.6983145e+01 
4.5981919e+00    489405  7.6354286e+01 
4.6146248e+00    496279  7.5925423e+01 
4.6310751e+00    496965  7.5511630e+01 
4.6475317e+00    503953  7.4889143e+01 
4.6639737e+00    503335  7.4396830e+01 
4.6804197e+00    511209  7.3964552e+01 
4.6968700e+00    510829  7.3497301e+01 
4.7132818e+00    515577  7.3049491e+01 
4.7297165e+00    520003  7.2370465e+01 
4.7461617e+00    523329  7.1904086e+01 
4.7626176e+00    527653  7.1312336e+01 
4.7790675e+00    530551  7.0817499e+01 
4.7955192e+00    534849  7.0408054e+01 
4.8119483e+00    536725  7.0070153e+01 
4.8283904e+00    542703  6.9634747e+01 
4.8448413e+00    544753  6.9129831e+01 
4.8612558e+00    547917  6.8577743e+01 
4.8776855e+00    552805  6.8268282e+01 
4.8941426e+00    557611  6.7805950e+01 
4.9105783e+00    558561  6.7295142e+01 
4.9269930e+00    563689  6.6833932e+01 
4.9434389e+00    568527  6.6382532e+01 
4.9599169e+00    572929  6.5873812e+01 
4.9763535e+00    573841  6.5427414e+01 
4.9927621e+00    578085  6.5107286e+01 
5.0092162e+00    584803  6.4512330e+01 
5.0256809e+00    586701  6.4172330e+01 
5.0420988e+00    588805  6.3849259e+01 
5.0585219e+00    595203  6.3478052e+01 
5.0750102e+00    600577  6.2934024e+01 
5.0914658e+00    601441  6.2534720e+01 
5.1078963e+00    605967  6.2262575e+01 
5.1243245e+00    609169  6.1720661e+01 
5.1407632e+00    614625  6.1417022e+01 
5.1572525e+00    620617  6.1052225e+01 
5.1736802e+00    618447  6.0787828e+01 
5.1900865e+00    626233  6.0302127e+01 
5.2065263e+00    629233  5.9950504e+01 
5.2229477e+00    632739  5.9660425e+01 
5.2394225e+00    641245  5.9180063e+01 
5.2558876e+00    640269  5.8777806e+01 
5.2723274e+00    646813  5.8486350e+01 
5.2887662e+00    648807  5.8129549e+01 
5.3051775e+00    652489  5.7793759e+01 
5.3216250e+00    659569  5.7411544e+01 
5.3380578e+00    659715  5.7168627e+01 
5.3545077e+00    668893  5.6808583e+01 
5.3709724e+00    669441  5.6384203e+01 
5.3874098e+00    674509  5.6020664e+01 
5.4038391e+00    677143  5.5768541e+01 
5.4202707e+00    683109  5.5327300e+01 
5.4367136e+00    685897  5.5042235e+01 
5.4531674e+00    693039  5.4740134e+01 
5.4696047e+00    692185  5.4351356e+01 
5.4860342e+00    701001  5.4001493e+01 
5.5025128e+00    704959  5.3656774e+01 
5.5189514e+00    705505  5.3456337e+01 
5.5353814e+00    713205  5.3082031e+01 
5.5518089e+00    713053  5.2766715e+01 
5.5682266e+00    721599  5.2520513e+01 
5.5846814e+00    724285  5.2198806e+01 
5.6011307e+00    729825  5.1971902e+01 
5.6175533e+00    730555  5.1612642e+01 
5.6339838e+00    738613  5.1240430e+01 
5.6504606e+00    744105  5.0962400e+01 
5.6669328e+00    746233  5.0795261e+01 
5.6833538e+00    748455  5.0472375e+01 
5.6997676e+00    754033  5.0105925e+01 
5.7162136e+00    760233  4.9916895e+01 
5.7326818e+00    764947  4.9505696e+01 
5.7491222e+00    765985  4.9244100e+01 
5.7655481e+00    772869  4.9076503e+01 
5.7819998e+00    777079  4.8735646e+01 
5.7984483e+00    781137  4.8466352e+01 
5.8148836e+00    785101  4.8148746e+01 
5.8313155e+00    789169  4.7860455e+01 
5.8477542e+00    795171  4.7545795e+01 
5.8641874e+00    797281  4.7311822e+01 
5.8806056e+00    802761  4.7082008e+01 
5.8970410e+00    808075  4.6761538e+01 
5.9135163e+00    815109  4.6595123e+01 
5.9299586e+00    814705  4.6375094e+01 
5.9463797e+00    821329  4.5986876e+01 
5.9628322e+00    827415  4.5799092e+01 
5.9792896e+00    830797  4.5535064e+01 
5.9957448e+00    836025  4.5303203e+01 
6.0121876e+00    839431  4.5057989e+01 
6.0286108e+00    842409  4.4856638e+01 
6.0450360e+00    849313  4.4539274e+01 
6.0614598e+00    851143  4.4289814e+01 
6.0778967e+00    860337  4.3997502e+01 
6.0943551e+00    862621  4.3829369e+01 
6.1107986e+00    867453  4.3548584e+01 
6.1272335e+00    871939  4.3329650e+01 
6.1437037e+00    880029  4.3144716e+01 
6.1601638e+00    880549  4.2863815e+01 
6.1765859e+00    885019  4.2721520e+01 
6.1930151e+00    890997  4.2394051e+01 
6.2094533e+00    895573  4.2234944e+01 
6.2259001e+00    901029  4.1997755e+01 
6.2423180e+00    902251  4.1790225e+01 
6.2587679e+00    913789  4.1600553e+01 
6.2752238e+00    912837  4.1340885e+01 
6.2916633e+00    921451  4.1143164e+01 
6.3081060e+00    922473  4.0907640e+01 
6.3245487e+00    931549  4.0617810e+01 
6.3410046e+00    933333  4.0408679e+01 
6.3574714e+00    942631  4.0303227e+01 
6.3739027e+00    939061  4.0026881e+01 
6.3903148e+00    949797  3.9804085e+01 
6.4067751e+00    955099  3.9658702e+01 
6.4232209e+00    956937  3.9481080e+01 
6.4396348e+00    962053  3.9244206e+01 
6.4560791e+00    969963  3.8926003e+01 
6.4725348e+00    972985  3.8807847e+01 
6.4889691e+00    978001  3.8625206e+01 
6.5054175e+00    983793  3.8360134e+01 
6.5218514e+00    987091  3.8182318e+01 
6.5383043e+00    995025  3.8003316e+01 
6.5547504e+00    997033  3.7831706e+01 
6.5711722e+00   1002063  3.7565398e+01 
6.5876093e+00   1008385  3.7353184e+01 
6.6040739e+00   1016053  3.7206542e+01 
6.6205340e+00   1017405  3.7034958e+01 
6.6369452e+00   1020859  3.6877999e+01 
6.6533914e+00   1031313  3.6649238e+01 
6.6698535e+00   1032877  3.6475055e+01 
6.6862930e+00   1039267  3.6314895e+01 
6.7027180e+00   1040901  3.6091492e+01 
6.7191400e+00   1049245  3.5927831e+01 
6.7355887e+00   1054275  3.5715458e+01 
6.7520281e+00   1058473  3.5541494e+01 
6.7684774e+00   1066317  3.5415282e+01 
6.7849380e+00   1069585  3.5147326e+01 
6.8013799e+00   1074787  3.5082084e+01 
6.8178081e+00   1077873  3.4911144e+01 
6.8342439e+00   1086349  3.4745432e+01 
6.8506971e+00   1090743  3.4518611e+01 
6.8671327e+00   1093909  3.4356067e+01 
6.8835509e+00   1099665  3.4230136e+01 
6.8999862e+00   1106005  3.4072135e+01 
6.9164360e+00   1112815  3.3907978e+01 
6.9328703e+00   1114101  3.3711470e+01 
6.9493314e+00   1126789  3.3536790e+01 
6.9657917e+00   1125447  3.3398047e+01 
6.9822190e+00   1131937  3.3214384e+01 
6.9986546e+00   1138165  3.3102124e+01 
7.0150913e+00   1141977  3.2998677e+01 
7.0315386e+00   1150819  3.2780605e+01 
7.0479914e+00   1153413  3.2618226e+01 
7.0644214e+00   1158289  3.2392205e+01 
7.0808622e+00   1166019  3.2241182e+01 
7.0973145e+00   1170133  3.2171751e+01 
7.1137628e+00   1177057  3.1963757e+01 
7.1302069e+00   1180035  3.1836792e+01 
7.1466382e+00   1185973  3.1659736e+01 
7.1630684e+00   1190841  3.1494072e+01 
7.1795007e+00   1197337  3.1409751e+01 
7.1959427e+00   1203399  3.1233276e+01 
7.2123865e+00   1208245  3.1055890e+01 
7.2288154e+00   1212145  3.0910862e+01 
7.2452654e+00   1222887  3.0782328e+01 
7.2617193e+00   1223329  3.0657043e+01 
7.2781551e+00   1231653  3.0496773e+01 
7.2945936e+00   1234441  3.0374537e+01 
7.3110369e+00   1243887  3.0225160e+01 
7.3274937e+00   1247713  3.0090057e+01 
7.3439337e+00   1252081  2.9945890e+01 
7.3603633e+00   1257807  2.9871898e+01 
7.3768275e+00   1268185  2.9680032e+01 
7.3932778e+00   1267569  2.9562649e+01 
7.4097159e+00   1277059  2.9407564e+01 
7.4261689e+00   1281325  2.9276258e+01 
7.4426029e+00   1285809  2.9100519e+01 
7.4590356e+00   1291681  2.9049392e+01 
7.4754791e+00   1299975  2.8908796e+01 
7.4919143e+00   1300825  2.8748281e+01 
7.5083555e+00   1312917  2.8616166e+01 
7.5248185e+00   1315711  2.8468469e+01 
7.5412578e+00   1320385  2.8309534e+01 
7.5576660e+00   1322721  2.8191221e+01 
7.5741030e+00   1335625  2.8057605e+01 
7.5905568e+00   1337991  2.7946674e+01 
7.6070124e+00   1347277  2.7816383e+01 
7.6234686e+00   1349421  2.7722750e+01 
7.6399016e+00   1355407  2.7563244e+01 
7.6563422e+00   1362001  2.7409644e+01 
7.6727822e+00   1367481  2.7315438e+01 
7.6892171e+00   1372735  2.7199260e+01 
7.7056535e+00   1378989  2.7053222e+01 
7.7220826e+00   1383937  2.6891197e+01 
7.7385317e+00   1393737  2.6827159e+01 
7.7549972e+00   1398907  2.6742523e+01 
7.7714359e+00   1400545  2.6578848e+01 
7.7878584e+00   1408305  2.6448933e+01 
7.8043010e+00   1416235  2.6340631e+01 
7.8207494e+00   1420389  2.6255156e+01 
7.8371832e+00   1426477  2.6128140e+01 
7.8536297e+00   1433797  2.6018245e+01 
7.8700776e+00   1439547  2.5911050e+01 
7.8865056e+00   1441777  2.5775108e+01 
7.9029482e+00   1454193  2.5685695e+01 
7.9194041e+00   1456651  2.5566022e+01 
7.9358365e+00   1461357  2.5437544e+01 
7.9522857e+00   1472557  2.5319794e+01 
7.9687278e+00   1471645  2.5231900e+01 
7.9851609e+00   1483635  2.5111144e+01 
8.0016137e+00   1486885  2.4968438e+01 
8.0180685e+00   1496445  2.4937928e+01 
8.0344953e+00   1494487  2.4773467e+01 
8.0509214e+00   1507785  2.4716271e+01 
8.0673762e+00   1512529  2.4579014e+01 
8.0838192e+00   1517707  2.4520970e+01 
8.1002613e+00   1525077  2.4382041e+01 
8.1167081e+00   1530793  2.4255798e+01 
8.1331378e+00   1533885  2.4185290e+01 
8.1495856e+00   1547191  2.4076639e+01 
8.1660353e+00   1546641  2.3983630e+01 
8.1824618e+00   1554709  2.3848936e+01 
8.1989027e+00   1562539  2.3770220e+01 
8.2153437e+00   1566657  2.3656739e+01 
8.2317820e+00   1575301  2.3567515e+01 
8.2482314e+00   1580733  2.3426038e+01 
8.2646698e+00   1585843  2.3368552e+01 
8.2811101e+00   1594153  2.3248089e+01 
8.2975451e+00   1596969  2.3159228e+01 
8.3139975e+00   1610923  2.3057980e+01 
8.3304471e+00   1608045  2.2968675e+01 
8.3468765e+00   1620649  2.2913696e+01 
8.3633076e+00   1620795  2.2811829e+01 
8.3797531e+00   1635949  2.2693778e+01 
8.3962078e+00   1636129  2.2604617e+01 
8.4126442e+00   1644273  2.2488967e+01 
8.4290928e+00   1652407  2.2404023e+01 
8.4455480e+00   1657593  2.2317701e+01 
8.4619847e+00   1662145  2.2253287e+01 
8.4784114e+00   1668411  2.2145718e+01 
8.4948518e+00   1677397  2.2042964e+01 
8.5112976e+00   1683205  2.1934641e+01 
8.5277318e+00   1687497  2.1842627e+01 
8.5441735e+00   1698223  2.1766550e+01 
8.5606239e+00   1701765  2.1662253e+01 
8.5770760e+00   1712041  2.1616346e+01 
8.5935126e+00   1711831  2.1525767e+01 
8.6099490e+00   1724697  2.1433097e+01 
8.6263880e+00   1725685  2.1339093e+01 
8.6428227e+00   1737111  2.1252121e+01 
8.6592728e+00   1741861  2.1160133e+01 
8.6757125e+00   1748793  2.1046297e+01 
8.6921509e+00   1753621  2.0986730e+01 
8.7085953e+00   1764523  2.0922497e+01 
8.7250257e+00   1763601  2.0831204e+01 
8.7414581e+00   1777957  2.0723770e+01 
8.7579031e+00   1780011  2.0658672e+01 
8.7743518e+00   1791409  2.0569018e+01 
8.7907969e+00   1794117  2.0495812e+01 
8.8072524e+00   1805653  2.0390830e+01 
8.8236950e+00   1805623  2.0321427e+01 
8.8401267e+00   1816365  2.0239803e+01 
8.8565793e+00   1823797  2.0147450e+01 
8.8730249e+00   1828611  2.0077216e+01 
8.8894569e+00   1833685  2.0018767e+01 
8.9058937e+00   1844037  1.9919605e+01 
8.9223418e+00   1849177  1.9852076e+01 
8.9387826e+00   1856659  1.9769607e+01 
8.9552239e+00   1862529  1.9646046e+01 
8.9716499e+00   1866697  1.9628036e+01 
8.9880813e+00   1877955  1.9564457e+01 
9.0045361e+00   1885297  1.9452255e+01 
9.0209840e+00   1890565  1.9389018e+01 
9.0374230e+00   1896663  1.9322353e+01 
9.0538584e+00   1903669  1.9230054e+01 
9.0702925e+00   1910349  1.9150341e+01 
9.0867408e+00   1920517  1.9078114e+01 
9.1031903e+00   1925031  1.9017354e+01 
9.1196251e+00   1930333  1.8948636e+01 
9.1360794e+00   1943845  1.8864548e+01 
9.1525332e+00   1944711  1.8808093e+01 
9.1689468e+00   1947193  1.8752338e+01 
9.1853784e+00   1963905  1.8666428e+01 
9.2018301e+00   1965457  1.8570383e+01 
9.2182787e+00   1977807  1.8507292e+01 
9.2347236e+00   1978357  1.8439575e+01 
9.2511658e+00   1990621  1.8389462e+01 
9.2676108e+00   1994679  1.8274769e+01 
9.2840573e+00   2003473  1.8237463e+01 
9.3004966e+00   2008473  1.8167255e+01 
9.3169244e+00   2014027  1.8099269e+01 
9.3333676e+00   2026545  1.8032906e+01 
9.3498165e+00   2030485  1.7957188e+01 
9.3662489e+00   2035537  1.7872402e+01 
9.3826908e+00   2048271  1.7810295e+01 
9.3991456e+00   2052049  1.7774204e+01 
9.4155882e+00   2060529  1.7683920e+01 
9.4320299e+00   2065843  1.7620737e+01 
9.4484538e+00   2070145  1.7563026e+01 
9.4648785e+00   2080941  1.7469326e+01 
9.4813304e+00   2091085  1.7431852e+01 
9.4977771e+00   2094591  1.7370492e+01 
9.5142116e+00   2102233  1.7285267e+01 
9.5306537e+00   2110593  1.7231094e+01 
9.5471004e+00   2118763  1.7175891e+01 
9.5635341e+00   2121313  1.7107178e+01 
9.5799691e+00   2134197  1.7038210e+01 
9.5964092e+00   2136493  1.6972290e+01 
9.6128619e+00   2152539  1.6937547e+01 
9.6293107e+00   2150905  1.6849359e+01 
9.6457461e+00   2162493  1.6789516e+01 
9.6621938e+00   2169811  1.6724869e+01 
9.6786293e+00   2173273  1.6659947e+01 
9.6950643e+00   2185173  1.6591247e+01 
9.7115164e+00   2192431  1.6554244e+01 
9.7279619e+00   2197593  1.6476734e+01 
9.7444015e+00   2206813  1.6406214e+01 
9.7608410e+00   2211561  1.6359600e+01 
9.7772916e+00   2225683  1.6289156e+01 
9.7937329e+00   2222761  1.6241270e+01 
9.8101648e+00   2238657  1.6189364e+01 
9.8266047e+00   2240611  1.6107311e+01 
9.8430453e+00   2252505  1.6064642e+01 
9.8594817e+00   2255845  1.6005859e+01 
9.8759142e+00   2265253  1.5940678e+01 
9.8923583e+00   2275143  1.5871641e+01 
9.9088236e+00   2285713  1.5828638e+01 
9.9252601e+00   2282277  1.5753403e+01 
9.9416778e+00   2296099  1.5724764e+01 
9.9581343e+00   2307645  1.5659261e+01 
9.9745847e+00   2310073  1.5587386e+01 
9.9910298e+00   2321419  1.5537848e+01 
1.0007469e+01   2323209  1.5470055e+01 
1.0023910e+01   2337913  1.5442017e+01 
1.0040365e+01   2341713  1.5378958e+01 
1.0056805e+01   2349763  1.5311908e+01 
1.0073230e+01   2352573  1.5252165e+01 
1.0089673e+01   2369725  1.5202606e+01 
1.0106115e+01   2368519  1.5139789e+01 
1.0122546e+01   2381061  1.5114165e+01 
1.0139000e+01   2391997  1.5049854e+01 
1.0155451e+01   2394081  1.4986151e+01 
1.0171886e+01   2403871  1.4954899e+01 
1.0188319e+01   2409297  1.4912059e+01 
1.0204768e+01   2423149  1.4819729e+01 
1.0221224e+01   2427835  1.4797364e+01 
1.0237669e+01   2434545  1.4739632e+01 
1.0254102e+01   2441149  1.4682198e+01 
1.0270534e+01   2449191  1.4622562e+01 
1.0286983e+01   2461633  1.4590750e+01 
1.0303428e+01   2464441  1.4533003e+01 
1.0319845e+01   2468097  1.4488677e+01 
1.0336277e+01   2485999  1.4426837e+01 
1.0352736e+01   2490381  1.4360516e+01 
1.0369178e+01   2497897  1.4334835e+01 
1.0385609e+01   2502831  1.4285307e+01 
1.0402059e+01   2519065  1.4227137e+01 
1.0418514e+01   2520541  1.4185885e+01 
1.0434952e+01   2529381  1.4138893e+01 
1.0451392e+01   2537851  1.4085058e+01 
1.0467843e+01   2548197  1.4054011e+01 
1.0484287e+01   2551477  1.4001949e+01 
1.0500712e+01   2558919  1.3943986e+01 
1.0517133e+01   2565685  1.3884523e+01 
1.0533574e+01   2581681  1.3848032e+01 
1.0550031e+01   2586609  1.3800894e+01 
1.0566476e+01   2593915  1.3738380e+01 
1.0582911e+01   2599881  1.3690678e+01 
1.0599359e+01   2613469  1.3647000e+01 
1.0615805e+01   2616847  1.3615028e+01 
1.0632237e+01   2623749  1.3549484e+01 
1.0648679e+01   2637157  1.3526293e+01 
1.0665135e+01   2644347  1.3473926e+01 
1.0681573e+01   2647585  1.3427403e+01 
1.0697997e+01   2656581  1.3383018e+01 
1.0714441e+01   2669041  1.3350155e+01 
1.0730887e+01   2675287  1.3302317e+01 
1.0747328e+01   2682609  1.3248472e+01 
1.0763767e+01   2691769  1.3210531e+01 
1.0780201e+01   2697195  1.3157401e+01 
1.0796646e+01   2711077  1.3124575e+01 
1.0813103e+01   2719461  1.3085319e+01 
1.0829552e+01   2723005  1.3028326e+01 
1.0845990e+01   2733835  1.2982586e+01 
1.0862431e+01   2739657  1.2939658e+01 
1.0878864e+01   2748061  1.2913402e+01 
1.0895302e+01   2758371  1.2847620e+01 
1.0911748e+01   2766325  1.2814712e+01 
1.0928188e+01   2774241  1.2779677e+01 
1.0944636e+01   2784979  1.2735627e+01 
1.0961069e+01   2786053  1.2687636e+01 
1.0977513e+01   2805945  1.2650636e+01 
1.0993964e+01   2804113  1.2611700e+01 
1.1010400e+01   2818539  1.2552243e+01 
1.1026845e+01   2823733  1.2523221e+01 
1.1043284e+01   2833081  1.2477435e+01 
1.1059731e+01   2844183  1.2449661e+01 
1.1076175e+01   2847529  1.2412554e+01 
1.1092614e+01   2861157  1.2354364e+01 
1.1109055e+01   2863585  1.2315237e+01 
1.1125498e+01   2879571  1.2289554e+01 
1.1141944e+01   2881657  1.2236516e+01 
1.1158382e+01   2893309  1.2202801e+01 
1.1174827e+01   2902527  1.2155380e+01 
1.1191261e+01   2904373  1.2111034e+01 
1.1207680e+01   2915877  1.2081792e+01 
1.1224111e+01   2925247  1.2055277e+01 
1.1240570e+01   2943069  1.2015924e+01 
1.1257030e+01   2942677  1.1971439e+01 
1.1273468e+01   2952325  1.1924950e+01 
1.1289907e+01   2961027  1.1899703e+01 
1.1306353e+01   2970937  1.1848051e+01 
1.1322798e+01   2978853  1.1804852e+01 
1.1339228e+01   2982199  1.1772199e+01 
1.1355671e+01   3001233  1.1729924e+01 
1.1372129e+01   3005173  1.1687525e+01 
1.1388560e+01   3008233  1.1674134e+01 
1.1404992e+01   3023247  1.1619533e+01 
1.1421430e+01   3027997  1.1590250e+01 
1.1437879e+01   3044301  1.1551796e+01 
1.1454326e+01   3045127  1.1508291e+01 
1.1470769e+01   3060109  1.1473858e+01 
1.1487224e+01   3067401  1.1437211e+01 
1.1503662e+01   3070897  1.1414390e+01 
1.1520101e+01   3085791  1.1376514e+01 
1.1536542e+01   3089425  1.1334895e+01 
1.1552979e+01   3100845  1.1304676e+01 
1.1569428e+01   3112795  1.1272514e+01 
1.1585871e+01   3115357  1.1236170e+01 
1.1602308e+01   3129021  1.1202953e+01 
1.1618736e+01   3129187  1.1166746e+01 
1.1635167e+01   3147525  1.1130972e+01 
1.1651627e+01   3159073  1.1095736e+01 
1.1668079e+01   3161457  1.1057143e+01 
1.1684516e+01   3171499  1.1027653e+01 
1.1700953e+01   3178765  1.0990928e+01 
1.1717383e+01   3187437  1.0951574e+01 
1.1733816e+01   3197371  1.0934651e+01 
1.1750260e+01   3209433  1.0901752e+01 
1.1766700e+01   3214333  1.0865740e+01 
1.1783144e+01   3228441  1.0823831e+01 
1.1799588e+01   3233203  1.0783895e+01 
1.1816033e+01   3245605  1.0762319e+01 
1.1832480e+01   3252789  1.0725530e+01 
1.1848911e+01   3257875  1.0695928e+01 
1.1865350e+01   3272709  1.0653927e+01 
1.1881795e+01   3279373  1.0620804e+01 
1.1898233e+01   3287587  1.0587564e+01 
1.1914675e+01   3299625  1.0550107e+01 
1.1931131e+01   3311521  1.0526499e+01 
1.1947582e+01   3314685  1.0505431e+01 
1.1964016e+01   3324415  1.0461035e+01 
1.1980455e+01   3333945  1.0430328e+01 
1.1996900e+01   3345673  1.0401795e+01 
1.2013335e+01   3348667  1.0371384e+01 
1.2029777e+01   3365553  1.0335311e+01 
1.2046223e+01   3369649  1.0302250e+01 
1.2062665e+01   3381933  1.0268005e+01 
1.2079111e+01   3390139  1.0248270e+01 
1.2095543e+01   3394641  1.0211517e+01 
1.2111983e+01   3410917  1.0190469e+01 
1.2128427e+01   3415939  1.0162357e+01 
1.2144869e+01   3427497  1.0129063e+01 
1.2161310e+01   3435817  1.0093552e+01 
1.2177748e+01   3443223  1.0063337e+01 
1.2194191e+01   3456721  1.0033479e+01 
1.2210641e+01   3465909  1.0002458e+01 
1.2227085e+01   3471721  9.9745366e+00 
1.2243522e+01   3481891  9.9287650e+00 
1.2259959e+01   3490041  9.9178010e+00 
1.2276400e+01   3503713  9.8750029e+00 
1.2292846e+01   3510111  9.8445608e+00 
1.2309288e+01   3520033  9.8115234e+00 
1.2325725e+01   3527569  9.7895186e+00 
1.2342165e+01   3540405  9.7637772e+00 
1.2358615e+01   3550231  9.7354922e+00 
1.2375052e+01   3553917  9.6985248e+00 
1.2391490e+01   3568753  9.6804800e+00 
1.2407934e+01   3576999  9.6498779e+00 
1.2424376e+01   3585421  9.6135143e+00 
1.2440822e+01   3598681  9.5887419e+00 
1.2457270e+01   3604473  9.5595254e+00 
1.2473712e+01   3615655  9.5263175e+00 
1.2490148e+01   3621525  9.4957143e+00 
1.2506592e+01   3636649  9.4688704e+00 
1.2523036e+01   3642387  9.4421956e+00 
1.2539468e+01   3648541  9.4223400e+00 
1.2555912e+01   3668629  9.3888990e+00 
1.2572357e+01   3667707  9.3617442e+00 
1.2588792e+01   3682657  9.3396926e+00 
1.2605229e+01   3688881  9.3090603e+00 
1.2621669e+01   3701749  9.2854439e+00 
1.2638111e+01   3710599  9.2617015e+00 
1.2654551e+01   3719361  9.2223026e+00 
1.2670991e+01   3729961  9.2065082e+00 
1.2687440e+01   3743475  9.1889544e+00 
1.2703881e+01   3744913  9.1501446e+00 
1.2720314e+01   3759513  9.1208981e+00 
1.2736753e+01   3766669  9.1025087e+00 
1.2753193e+01   3779983  9.0729037e+00 
1.2769642e+01   3790461  9.0438037e+00 
1.2786089e+01   3797989  9.0143040e+00 
1.2802526e+01   3805767  9.0003489e+00 
1.2818977e+01   3823429  8.9763422e+00 
1.2835419e+01   3822189  8.9427864e+00 
1.2851855e+01   3839947  8.9141331e+00 
1.2868296e+01   3843517  8.8973913e+00 
1.2884736e+01   3859965  8.8725749e+00 
1.2901193e+01   3870265  8.8417551e+00 
1.2917622e+01   3867603  8.8159725e+00 
1.2934054e+01   3890533  8.7888448e+00 
1.2950499e+01   3893481  8.7573923e+00 
1.2966938e+01   3908431  8.7338389e+00 
1.2983387e+01   3916477  8.7180216e+00 
1.2999830e+01   3927381  8.6843690e+00 
1.3016262e+01   3929269  8.6648193e+00 
1.3032707e+01   3954687  8.6332412e+00 
1.3049152e+01   3948889  8.6221324e+00 
1.3065587e+01   3969133  8.5900637e+00 
1.3082032e+01   3974883  8.5828276e+00 
1.3098476e+01   3987133  8.5529216e+00 
1.3114914e+01   3993957  8.5242026e+00 
1.3131356e+01   4007377  8.5049179e+00 
1.3147808e+01   4019439  8.4767537e+00 
1.3164251e+01   4023241  8.4569567e+00 
1.3180690e+01   4037425  8.4310089e+00 
1.3197128e+01   4043343  8.3978245e+00 
1.3213566e+01   4056925  8.3807822e+00 
1.3230004e+01   4063737  8.3618882e+00 
1.3246441e+01   4076791  8.3399694e+00 
1.3262898e+01   4093677  8.3147292e+00 
1.3279345e+01   4092769  8.2938468e+00 
1.3295783e+01   4108105  8.2686824e+00 
1.3312218e+01   4113075  8.2450075e+00 
1.3328655e+01   4128817  8.2174203e+00 
1.3345096e+01   4134873  8.1954811e+00 
1.3361534e+01   4148731  8.1736536e+00 
1.3377979e+01   4157973  8.1523437e+00 
1.3394430e+01   4172869  8.1296563e+00 
1.3410882e+01   4178353  8.1009487e+00 
1.3427319e+01   4186107  8.0900298e+00 
1.3443756e+01   4199497  8.0609029e+00 
1.3460194e+01   4205565  8.0411233e+00 
1.3476630e+01   4220875  8.0182299e+00 
1.3493070e+01   4225933  7.9965928e+00 
1.3509525e+01   4251717  7.9736447e+00 
1.3525973e+01   4241443  7.9553478e+00 
1.3542408e+01   4265589  7.9401930e+00 
1.3558845e+01   4264249  7.9099354e+00 
1.3575281e+01   4284381  7.8842385e+00 
1.3591733e+01   4294687  7.8552634e+00 
1.3608175e+01   4298641  7.8406288e+00 
1.3624615e+01   4316037  7.8259896e+00 
1.3641058e+01   4319971  7.7987303e+00 
1.3657498e+01   4334721  7.7813959e+00 
1.3673940e+01   4343569  7.7607475e+00 
1.3690384e+01   4355217  7.7446543e+00 
1.3706818e+01   4359871  7.7234084e+00 
1.3723254e+01   4376533  7.7071022e+00 
1.3739697e+01   4384953  7.6728864e+00 
1.3756138e+01   4397167  7.6603065e+00 
1.3772579e+01   4404441  7.6415315e+00 
1.3789025e+01   4422121  7.6177115e+00 
1.3805467e+01   4423419  7.6045076e+00 
1.3821899e+01   4437157  7.5782178e+00 
1.3838348e+01   4454329  7.5528987e+00 
1.3854801e+01   4459389  7.5319879e+00 
1.3871227e+01   4462087  7.5153326e+00 
1.3887666e+01   4487157  7.4981476e+00 
1.3904114e+01   4487845  7.4757770e+00 
1.3920549e+01   4502311  7.4506157e+00 
1.3936998e+01   4515609  7.4328592e+00 
1.3953444e+01   4523293  7.4140065e+00 
1.3969882e+01   4530525  7.3959523e+00 
1.3986314e+01   4543075  7.3810210e+00 
1.4002750e+01   4553601  7.3568394e+00 
1.4019203e+01   4573213  7.3431642e+00 
1.4035643e+01   4569475  7.3248397e+00 
1.4052080e+01   4591089  7.3038387e+00 
1.4068524e+01   4596253  7.2786157e+00 
1.4084960e+01   4606701  7.2572159e+00 
1.4101403e+01   4623319  7.2435075e+00 
1.4117848e+01   4628589  7.2240206e+00 
1.4134293e+01   4644337  7.2031767e+00 
1.4150740e+01   4652227  7.1875275e+00 
1.4167179e+01   4660413  7.1688838e+00 
1.4183624e+01   4678945  7.1534140e+00 
1.4200081e+01   4687191  7.1267910e+00 
1.4216525e+01   4694245  7.1110143e+00 
1.4232950e+01   4698025  7.0900335e+00 
1.4249382e+01   4719597  7.0754018e+00 
1.4265824e+01   4725775  7.0529790e+00 
1.4282265e+01   4739961  7.0387662e+00 
1.4298712e+01   4752325  7.0210827e+00 
1.4315154e+01   4759023  6.9977585e+00 
1.4331599e+01   4774237  6.9863363e+00 
1.4348040e+01   4780405  6.9631345e+00 
1.4364476e+01   4792101  6.9467766e+00 
1.4380920e+01   4807663  6.9235829e+00 
1.4397368e+01   4816401  6.9149849e+00 
1.4413807e+01   4823509  6.8901539e+00 
1.4430248e+01   4840743  6.8720253e+00 
1.4446693e+01   4846849  6.8543471e+00 
1.4463127e+01   4857709  6.8364364e+00 
1.4479568e+01   4871907  6.8160526e+00 
1.4496011e+01   4881601  6.7996960e+00 
1.4512454e+01   4894389  6.7856308e+00 
1.4528896e+01   4901329  6.7662625e+00 
1.4545329e+01   4913583  6.7489693e+00 
1.4561780e+01   4932313  6.7281046e+00 
1.4578221e+01   4931233  6.7132616e+00 
1.4594654e+01   4949439  6.6967365e+00 
1.4611099e+01   4960093  6.6821138e+00 
1.4627549e+01   4975845  6.6626226e+00 
1.4643986e+01   4973809  6.6558956e+00 
1.4660424e+01   4999375  6.6277344e+00 
1.4676868e+01   4999281  6.6110930e+00 
1.4693310e+01   5020633  6.6015919e+00 
1.4709759e+01   5026719  6.5772846e+00 
1.4726199e+01   5036893  6.5626698e+00 
1.4742643e+01   5052285  6.5449135e+00 
1.4759077e+01   5052547  6.5270815e+00 
1.4775512e+01   5075413  6.5101698e+00 
1.4791960e+01   5084049  6.4979768e+00 
1.4808394e+01   5088469  6.4797004e+00 
1.4824829e+01   5108391  6.4609131e+00 
1.4841279e+01   5118805  6.4453398e+00 
1.4857729e+01   5132721  6.4352953e+00 
1.4874168e+01   5134123  6.4075556e+00 
1.4890598e+01   5148289  6.3993820e+00 
1.4907045e+01   5169609  6.3822957e+00 
1.4923494e+01   5170585  6.3621190e+00 
1.4939933e+01   5188107  6.3497246e+00 
1.4956381e+01   5197321  6.3381866e+00 
1.4972817e+01   5204481  6.3248033e+00 
1.4989249e+01   5217199  6.3014744e+00 
1.5005692e+01   5233909  6.2949395e+00 
1.5022139e+01   5244033  6.2684923e+00 
1.5038578e+01   5250349  6.2589490e+00 
1.5055017e+01   5267823  6.2461316e+00 
1.5071468e+01   5280397  6.2316176e+00 
1.5087908e+01   5284129  6.2088558e+00 
1.5104335e+01   5295771  6.1933138e+00 
1.5120780e+01   5317405  6.1758343e+00 
1.5137232e+01   5324901  6.1648882e+00 
1.5153675e+01   5333755  6.1518584e+00 
1.5170115e+01   5345937  6.1378135e+00 
1.5186558e+01   5359657  6.1213554e+00 
1.5202999e+01   5366821  6.1003759e+00 
1.5219436e+01   5382075  6.0843991e+00 
1.5235879e+01   5392261  6.0732213e+00 
1.5252325e+01   5407353  6.0609363e+00 
1.5268764e+01   5412259  6.0403912e+00 
1.5285199e+01   5426973  6.0266355e+00 
1.5301652e+01   5448109  6.0136723e+00 
1.5318098e+01   5444749  5.9949511e+00 
1.5334529e+01   5462499  5.9861682e+00 
1.5350972e+01   5476897  5.9665229e+00 
1.5367421e+01   5487741  5.9503738e+00 
1.5383850e+01   5489011  5.9430834e+00 
1.5400292e+01   5517945  5.9270860e+00 
1.5416747e+01   5523913  5.9118751e+00 
1.5433187e+01   5529295  5.9004713e+00 
1.5449617e+01   5541585  5.8845077e+00 
1.5466049e+01   5554501  5.8633774e+00 
1.5482493e+01   5571717  5.8538469e+00 
1.5498948e+01   5587903  5.8374858e+00 
1.5515389e+01   5584453  5.8231110e+00 
1.5531826e+01   5609505  5.8113812e+00 
1.5548272e+01   5613739  5.7947840e+00 
1.5564703e+01   5622837  5.7807939e+00 
1.5581143e+01   5644501  5.7658697e+00 
1.5597584e+01   5646693  5.7564582e+00 
1.5614024e+01   5668363  5.7388946e+00 
1.5630474e+01   5677237  5.7286470e+00 
1.5646919e+01   5688513  5.7108489e+00 
1.5663358e+01   5696839  5.6961579e+00 
1.5679803e+01   5716845  5.6835968e+00 
1.5696249e+01   5721301  5.6769462e+00 
1.5712684e+01   5733921  5.6586221e+00 
1.5729129e+01   5751391  5.6414988e+00 
1.5745567e+01   5753065  5.6266622e+00 
1.5762010e+01   5778813  5.6190584e+00 
1.5778451e+01   5777623  5.6015408e+00 
1.5794884e+01   5794701  5.5918165e+00 
1.5811332e+01   5813953  5.5807277e+00 
1.5827775e+01   5814963  5.5649004e+00 
1.5844216e+01   5836669  5.5521837e+00 
1.5860663e+01   5843749  5.5372288e+00 
1.5877110e+01   5859633  5.5276378e+00 
1.5893551e+01   5865199  5.5147536e+00 
1.5909984e+01   5877273  5.4998384e+00 
1.5926423e+01   5894521  5.4800807e+00 
1.5942870e+01   5907055  5.4714659e+00 
1.5959317e+01   5918409  5.4591423e+00 
1.5975751e+01   5923525  5.4481156e+00 
1.5992190e+01   5944341  5.4365579e+00 
1.6008634e+01   5952907  5.4237585e+00 
1.6025064e+01   5958177  5.4074330e+00 
1.6041507e+01   5986729  5.3988932e+00 
1.6057961e+01   5991607  5.3844127e+00 
1.6074397e+01   5997009  5.3713381e+00 
1.6090834e+01   6017809  5.3567749e+00 
1.6107287e+01   6032451  5.3435128e+00 
1.6123732e+01   6036661  5.3328493e+00 
1.6140164e+01   6048429  5.3210601e+00 
1.6156608e+01   6069241  5.3070342e+00 
1.6173051e+01   6072799  5.2947785e+00 
1.6189485e+01   6087333  5.2816553e+00 
1.6205923e+01   6100189  5.2715528e+00 
1.6222357e+01   6110199  5.2574929e+00 
1.6238808e+01   6135469  5.2457170e+00 
1.6255257e+01   6135757  5.2316855e+00 
1.6271696e+01   6151389  5.2210863e+00 
1.6288137e+01   6163015  5.2060116e+00 
1.6304574e+01   6172905  5.1982502e+00 
1.6321021e+01   6194425  5.1864617e+00 
1.6337463e+01   6196047  5.1743196e+00 
1.6353903e+01   6216145  5.1614059e+00 
1.6370354e+01   6230473  5.1465656e+00 
1.6386794e+01   6232095  5.1362836e+00 
1.6403226e+01   6249913  5.1248426e+00 
1.6419670e+01   6266493  5.1172128e+00 
1.6436110e+01   6270925  5.1025312e+00 
1.6452549e+01   6292635  5.0908708e+00 
1.6469004e+01   6306181  5.0800072e+00 
1.6485446e+01   6309697  5.0619032e+00 
1.6501881e+01   6324579  5.0551691e+00 
1.6518325e+01   6342217  5.0436738e+00 
1.6534765e+01   6347277  5.0333361e+00 
1.6551201e+01   6364285  5.0217432e+00 
1.6567645e+01   6378303  5.0087880e+00 
1.6584080e+01   6382993  4.9989364e+00 
1.6600517e+01   6404353  4.9879539e+00 
1.6616958e+01   6412287  4.9746249e+00 
1.6633401e+01   6430825  4.9661062e+00 
1.6649852e+01   6444501  4.9530135e+00 
1.6666291e+01   6446653  4.9401819e+00 
1.6682729e+01   6469255  4.9305570e+00 
1.6699173e+01   6477417  4.9241723e+00 
1.6715616e+01   6491929  4.9097057e+00 
1.6732056e+01   6503031  4.8929606e+00 
1.6748502e+01   6521089  4.8865406e+00 
1.6764947e+01   6527925  4.8717956e+00 
1.6781376e+01   6533347  4.8632252e+00 
1.6797810e+01   6557797  4.8497165e+00 
1.6814259e+01   6572589  4.8446725e+00 
1.6830706e+01   6579466  4.8329392e+00 
