# Power spectrum from CO𝘕CEPT job 3337064 at t = 1.1701607 Gyr, a = 0.16666667.
# 
# Below, the following component mapping is used:
#   GADGET halo: 0
# 
#            grid size 2048            
# ╭───────────────────────────────────╮
#                         component 0  
#                        σ₈ = 1.79e-01 
#  k [Mpc⁻¹]     modes    power [Mpc³] 
1.6444274e-02         3  3.4580577e+03 
2.5346356e-02        10  2.5240993e+03 
3.7898992e-02        27  1.8040272e+03 
5.1056691e-02        45  1.3697811e+03 
6.3292620e-02        67  9.8716027e+02 
7.7668197e-02       141  7.4328042e+02 
9.4506018e-02       217  5.5926730e+02 
1.1085512e-01       265  4.0246442e+02 
1.2673551e-01       375  3.2174653e+02 
1.4310520e-01       469  2.7441633e+02 
1.5921320e-01       573  2.1953800e+02 
1.7505023e-01       679  1.8917622e+02 
1.9158744e-01       889  1.5874239e+02 
2.0864874e-01      1053  1.3400225e+02 
2.2492023e-01      1105  1.2009865e+02 
2.4162157e-01      1467  1.0131758e+02 
2.5841415e-01      1501  9.2839402e+01 
2.7456390e-01      1737  8.1233498e+01 
2.9089046e-01      1963  7.3125966e+01 
3.0709736e-01      2125  6.4415243e+01 
3.2358821e-01      2517  5.7945066e+01 
3.3996065e-01      2575  5.2844160e+01 
3.5647498e-01      3081  4.8354940e+01 
3.7295848e-01      3133  4.3293699e+01 
3.8900984e-01      3429  4.0665776e+01 
4.0558736e-01      3991  3.7288262e+01 
4.2213935e-01      4009  3.4752756e+01 
4.3838736e-01      4497  3.2536086e+01 
4.5476989e-01      4747  2.9240993e+01 
4.7136961e-01      5289  2.7324846e+01 
4.8803303e-01      5581  2.6399658e+01 
5.0455551e-01      5901  2.4257936e+01 
5.2095127e-01      6295  2.2231500e+01 
5.3726294e-01      6601  2.1557723e+01 
5.5363157e-01      7161  1.9464840e+01 
5.7007373e-01      7531  1.8826201e+01 
5.8656738e-01      8037  1.8076734e+01 
6.0304067e-01      8437  1.6819872e+01 
6.1937943e-01      8827  1.6208128e+01 
6.3585243e-01      9513  1.4806111e+01 
6.5225570e-01      9709  1.4176273e+01 
6.6876924e-01     10641  1.3892229e+01 
6.8512868e-01     10567  1.3016260e+01 
7.0151250e-01     11685  1.2585468e+01 
7.1826316e-01     12169  1.1971417e+01 
7.3452255e-01     12091  1.1322776e+01 
7.5081025e-01     13257  1.0796147e+01 
7.6730652e-01     13657  1.0303748e+01 
7.8373756e-01     14241  9.8845784e+00 
8.0014453e-01     14851  9.5356393e+00 
8.1663338e-01     15609  9.1482583e+00 
8.3318393e-01     16189  8.7862109e+00 
8.4948675e-01     16471  8.4663244e+00 
8.6584974e-01     17481  8.3000773e+00 
8.8236887e-01     18253  7.8945981e+00 
8.9891593e-01     18801  7.5400924e+00 
9.1537361e-01     19495  7.2965980e+00 
9.3179045e-01     20101  7.0373035e+00 
9.4826074e-01     20985  6.8479519e+00 
9.6466432e-01     21451  6.6255131e+00 
9.8111737e-01     22533  6.3814761e+00 
9.9753917e-01     22945  6.1626839e+00 
1.0139094e+00     23811  5.9415480e+00 
1.0303265e+00     24625  5.7800660e+00 
1.0468144e+00     25705  5.6462302e+00 
1.0633358e+00     26241  5.4800973e+00 
1.0797558e+00     27043  5.3461165e+00 
1.0962211e+00     28029  5.1741199e+00 
1.1126210e+00     28489  4.9907614e+00 
1.1290879e+00     30039  4.9182347e+00 
1.1456116e+00     30301  4.7253192e+00 
1.1619125e+00     31033  4.6221941e+00 
1.1783370e+00     32529  4.5065287e+00 
1.1947869e+00     32935  4.3662310e+00 
1.2112565e+00     34437  4.2655595e+00 
1.2277117e+00     34645  4.1546522e+00 
1.2440502e+00     35979  4.0528296e+00 
1.2605211e+00     36949  3.9214039e+00 
1.2770144e+00     38113  3.8325482e+00 
1.2934226e+00     38475  3.7639517e+00 
1.3097903e+00     39865  3.6458067e+00 
1.3263446e+00     41493  3.5679216e+00 
1.3428874e+00     41665  3.4597397e+00 
1.3592087e+00     42631  3.4045361e+00 
1.3756346e+00     44085  3.3327893e+00 
1.3921820e+00     45505  3.2459757e+00 
1.4086373e+00     45735  3.1948223e+00 
1.4250178e+00     47125  3.1218357e+00 
1.4414920e+00     48585  3.0601561e+00 
1.4579305e+00     48961  2.9701764e+00 
1.4743321e+00     50743  2.9397998e+00 
1.4907389e+00     51165  2.8551093e+00 
1.5071924e+00     53257  2.8265003e+00 
1.5236603e+00     53655  2.7539680e+00 
1.5400190e+00     54793  2.7017074e+00 
1.5565192e+00     57057  2.6457627e+00 
1.5729869e+00     56839  2.5848307e+00 
1.5894023e+00     59101  2.5451354e+00 
1.6058601e+00     59709  2.5000667e+00 
1.6222933e+00     61225  2.4371859e+00 
1.6387728e+00     62607  2.4015205e+00 
1.6551975e+00     63253  2.3604484e+00 
1.6716037e+00     65061  2.3117851e+00 
1.6880337e+00     66031  2.2663243e+00 
1.7044751e+00     67525  2.2324262e+00 
1.7209058e+00     68769  2.1786831e+00 
1.7373469e+00     70105  2.1609626e+00 
1.7538178e+00     71787  2.1207280e+00 
1.7702475e+00     72337  2.0845542e+00 
1.7866732e+00     74401  2.0508253e+00 
1.8031286e+00     75531  2.0152224e+00 
1.8196372e+00     77473  1.9788820e+00 
1.8360112e+00     77193  1.9436796e+00 
1.8523516e+00     79765  1.9239491e+00 
1.8688946e+00     82143  1.8924293e+00 
1.8854177e+00     82393  1.8662574e+00 
1.9018266e+00     83833  1.8411740e+00 
1.9181986e+00     85059  1.7966568e+00 
1.9346415e+00     87253  1.7744377e+00 
1.9511396e+00     88857  1.7495402e+00 
1.9675969e+00     89659  1.7224809e+00 
1.9840224e+00     91533  1.6949327e+00 
2.0004207e+00     92401  1.6599389e+00 
2.0168900e+00     95353  1.6432542e+00 
2.0333318e+00     95271  1.6289798e+00 
2.0497666e+00     98269  1.5992375e+00 
2.0661874e+00     98217  1.5703670e+00 
2.0826377e+00    101899  1.5526346e+00 
2.0991461e+00    102009  1.5309428e+00 
2.1155531e+00    103993  1.5091325e+00 
2.1320003e+00    105553  1.4946925e+00 
2.1484303e+00    107139  1.4727027e+00 
2.1648814e+00    109189  1.4474823e+00 
2.1812685e+00    109341  1.4385245e+00 
2.1976836e+00    113179  1.4129760e+00 
2.2141473e+00    113053  1.3939149e+00 
2.2305825e+00    116517  1.3751644e+00 
2.2471141e+00    117607  1.3561173e+00 
2.2635356e+00    118365  1.3459513e+00 
2.2799533e+00    121189  1.3252224e+00 
2.2964184e+00    122289  1.3075665e+00 
2.3128267e+00    124147  1.2955942e+00 
2.3292896e+00    126385  1.2751817e+00 
2.3457569e+00    127941  1.2627236e+00 
2.3621623e+00    128947  1.2477059e+00 
2.3786241e+00    132393  1.2278591e+00 
2.3950976e+00    132949  1.2156992e+00 
2.4115030e+00    134649  1.2096276e+00 
2.4279489e+00    137623  1.1860174e+00 
2.4443643e+00    137641  1.1799815e+00 
2.4607764e+00    141321  1.1601143e+00 
2.4772237e+00    142087  1.1494335e+00 
2.4936741e+00    144945  1.1350495e+00 
2.5100982e+00    145717  1.1186089e+00 
2.5265007e+00    148251  1.1111593e+00 
2.5430151e+00    151537  1.0988916e+00 
2.5594785e+00    151321  1.0787176e+00 
2.5758655e+00    153909  1.0738277e+00 
2.5923078e+00    156511  1.0630560e+00 
2.6088067e+00    158709  1.0560140e+00 
2.6252397e+00    159301  1.0418966e+00 
2.6416584e+00    162643  1.0304972e+00 
2.6581561e+00    164613  1.0210585e+00 
2.6745973e+00    165817  1.0112412e+00 
2.6909855e+00    167313  9.9677708e-01 
2.7074110e+00    171067  9.8758733e-01 
2.7238484e+00    171465  9.8259844e-01 
2.7402879e+00    175225  9.6539394e-01 
2.7567697e+00    176743  9.5928937e-01 
2.7731423e+00    176841  9.4873267e-01 
2.7895596e+00    182221  9.4202647e-01 
2.8060814e+00    183117  9.2815267e-01 
2.8224975e+00    184411  9.2197570e-01 
2.8389274e+00    187617  9.1194474e-01 
2.8553653e+00    188905  9.0178486e-01 
2.8717627e+00    191131  8.9383135e-01 
2.8882218e+00    194565  8.8722862e-01 
2.9046964e+00    196141  8.7730064e-01 
2.9211615e+00    198591  8.6799276e-01 
2.9375998e+00    200065  8.6156520e-01 
2.9540649e+00    203797  8.5539322e-01 
2.9705354e+00    204549  8.4366589e-01 
2.9869717e+00    207595  8.3867880e-01 
3.0033875e+00    208581  8.3149449e-01 
3.0197883e+00    211837  8.2326551e-01 
3.0362229e+00    213999  8.1661047e-01 
3.0526866e+00    217057  8.0793513e-01 
3.0691428e+00    218893  8.0174008e-01 
3.0855555e+00    220269  7.9468359e-01 
3.1019930e+00    224323  7.8858923e-01 
3.1184617e+00    225873  7.8100005e-01 
3.1349207e+00    228757  7.7522282e-01 
3.1513532e+00    230283  7.6984082e-01 
3.1677965e+00    233341  7.6138659e-01 
3.1842470e+00    235693  7.5408791e-01 
3.2006723e+00    237399  7.4741629e-01 
3.2171142e+00    241009  7.4541935e-01 
3.2335887e+00    243417  7.3534503e-01 
3.2500136e+00    244129  7.2959951e-01 
3.2664410e+00    248991  7.2680413e-01 
3.2829239e+00    250369  7.1735814e-01 
3.2993618e+00    252829  7.1219440e-01 
3.3157727e+00    254511  7.0705435e-01 
3.3322186e+00    258997  7.0012635e-01 
3.3486800e+00    260157  6.9711768e-01 
3.3650923e+00    262381  6.9032694e-01 
3.3815241e+00    266131  6.8444702e-01 
3.3979483e+00    267117  6.8038912e-01 
3.4143703e+00    271273  6.7518952e-01 
3.4308564e+00    274563  6.6944197e-01 
3.4473137e+00    275473  6.6460694e-01 
3.4637222e+00    278193  6.5782207e-01 
3.4801264e+00    280657  6.5471508e-01 
3.4965868e+00    285319  6.5027059e-01 
3.5130530e+00    286401  6.4418952e-01 
3.5294760e+00    288889  6.4039052e-01 
3.5459357e+00    293391  6.3437908e-01 
3.5624090e+00    294577  6.3112838e-01 
3.5788404e+00    297573  6.2405210e-01 
3.5952642e+00    299563  6.2251415e-01 
3.6117160e+00    303997  6.1645283e-01 
3.6281560e+00    305025  6.1364465e-01 
3.6445790e+00    308533  6.0850301e-01 
3.6610225e+00    311619  6.0247268e-01 
3.6774766e+00    314257  6.0077087e-01 
3.6939086e+00    316617  5.9444238e-01 
3.7103462e+00    320131  5.9013753e-01 
3.7268028e+00    322729  5.8737815e-01 
3.7432601e+00    326289  5.8200075e-01 
3.7596895e+00    326989  5.7885482e-01 
3.7760900e+00    331131  5.7615085e-01 
3.7925450e+00    334801  5.7170675e-01 
3.8089767e+00    335833  5.6670396e-01 
3.8254063e+00    340827  5.6103858e-01 
3.8418656e+00    342721  5.5962039e-01 
3.8583499e+00    347925  5.5552078e-01 
3.8747993e+00    346915  5.5147345e-01 
3.8912071e+00    352221  5.4891588e-01 
3.9076586e+00    354793  5.4379038e-01 
3.9240896e+00    357109  5.3963344e-01 
3.9405276e+00    361299  5.3866244e-01 
3.9569713e+00    363205  5.3560265e-01 
3.9734255e+00    367881  5.3116850e-01 
3.9898789e+00    369439  5.2769773e-01 
4.0063139e+00    372729  5.2267478e-01 
4.0227443e+00    375709  5.2026248e-01 
4.0391807e+00    378925  5.1809809e-01 
4.0556139e+00    381963  5.1422947e-01 
4.0720410e+00    384733  5.1192899e-01 
4.0884797e+00    388377  5.0816701e-01 
4.1049168e+00    391507  5.0458927e-01 
4.1213716e+00    394989  5.0080326e-01 
4.1378384e+00    398773  4.9784166e-01 
4.1542692e+00    399259  4.9434264e-01 
4.1707055e+00    405537  4.9099175e-01 
4.1871461e+00    405997  4.8807150e-01 
4.2035544e+00    409845  4.8584474e-01 
4.2199761e+00    413587  4.8232205e-01 
4.2364682e+00    419449  4.7992507e-01 
4.2529646e+00    420693  4.7649914e-01 
4.2694067e+00    423043  4.7494217e-01 
4.2858500e+00    427017  4.7106606e-01 
4.3022780e+00    429181  4.6892884e-01 
4.3186990e+00    432945  4.6571634e-01 
4.3351542e+00    437731  4.6269227e-01 
4.3516058e+00    439321  4.6105304e-01 
4.3680369e+00    443253  4.5692087e-01 
4.3844739e+00    446419  4.5574384e-01 
4.4009137e+00    449925  4.5300485e-01 
4.4173500e+00    453157  4.5014920e-01 
4.4337621e+00    455217  4.4708778e-01 
4.4502129e+00    461923  4.4454749e-01 
4.4666919e+00    463969  4.4324664e-01 
4.4830981e+00    464349  4.4035972e-01 
4.4995168e+00    471667  4.3822573e-01 
4.5159908e+00    474141  4.3440679e-01 
4.5324513e+00    478093  4.3372177e-01 
4.5488951e+00    480195  4.2996640e-01 
4.5653382e+00    484537  4.2746078e-01 
4.5817810e+00    487537  4.2690089e-01 
4.5981919e+00    489405  4.2261727e-01 
4.6146248e+00    496279  4.2196581e-01 
4.6310751e+00    496965  4.1959229e-01 
4.6475317e+00    503953  4.1711482e-01 
4.6639737e+00    503335  4.1340610e-01 
4.6804197e+00    511209  4.1101839e-01 
4.6968700e+00    510829  4.1072859e-01 
4.7132818e+00    515577  4.0776888e-01 
4.7297165e+00    520003  4.0468337e-01 
4.7461617e+00    523329  4.0378439e-01 
4.7626176e+00    527653  4.0196737e-01 
4.7790675e+00    530551  3.9815921e-01 
4.7955192e+00    534849  3.9755821e-01 
4.8119483e+00    536725  3.9485966e-01 
4.8283904e+00    542703  3.9306735e-01 
4.8448413e+00    544753  3.9063394e-01 
4.8612558e+00    547917  3.8908206e-01 
4.8776855e+00    552805  3.8683807e-01 
4.8941426e+00    557611  3.8583071e-01 
4.9105783e+00    558561  3.8299260e-01 
4.9269930e+00    563689  3.8197493e-01 
4.9434389e+00    568527  3.7947905e-01 
4.9599169e+00    572929  3.7734475e-01 
4.9763535e+00    573841  3.7511153e-01 
4.9927621e+00    578085  3.7314251e-01 
5.0092162e+00    584803  3.7161417e-01 
5.0256809e+00    586701  3.7019956e-01 
5.0420988e+00    588805  3.6772475e-01 
5.0585219e+00    595203  3.6722204e-01 
5.0750102e+00    600577  3.6491061e-01 
5.0914658e+00    601441  3.6266211e-01 
5.1078963e+00    605967  3.6121030e-01 
5.1243245e+00    609169  3.5981345e-01 
5.1407632e+00    614625  3.5693578e-01 
5.1572525e+00    620617  3.5531916e-01 
5.1736802e+00    618447  3.5341859e-01 
5.1900865e+00    626233  3.5258095e-01 
5.2065263e+00    629233  3.5099512e-01 
5.2229477e+00    632739  3.4947990e-01 
5.2394225e+00    641245  3.4746223e-01 
5.2558876e+00    640269  3.4551664e-01 
5.2723274e+00    646813  3.4414305e-01 
5.2887662e+00    648807  3.4275239e-01 
5.3051775e+00    652489  3.4191139e-01 
5.3216250e+00    659569  3.3945038e-01 
5.3380578e+00    659715  3.3751984e-01 
5.3545077e+00    668893  3.3714524e-01 
5.3709724e+00    669441  3.3560487e-01 
5.3874098e+00    674509  3.3307346e-01 
5.4038391e+00    677143  3.3199465e-01 
5.4202707e+00    683109  3.3090952e-01 
5.4367136e+00    685897  3.2872814e-01 
5.4531674e+00    693039  3.2673757e-01 
5.4696047e+00    692185  3.2603049e-01 
5.4860342e+00    701001  3.2455365e-01 
5.5025128e+00    704959  3.2234983e-01 
5.5189514e+00    705505  3.2148798e-01 
5.5353814e+00    713205  3.1951445e-01 
5.5518089e+00    713053  3.1888430e-01 
5.5682266e+00    721599  3.1678297e-01 
5.5846814e+00    724285  3.1603114e-01 
5.6011307e+00    729825  3.1430569e-01 
5.6175533e+00    730555  3.1321931e-01 
5.6339838e+00    738613  3.1226911e-01 
5.6504606e+00    744105  3.1016935e-01 
5.6669328e+00    746233  3.0900637e-01 
5.6833538e+00    748455  3.0772356e-01 
5.6997676e+00    754033  3.0694465e-01 
5.7162136e+00    760233  3.0509578e-01 
5.7326818e+00    764947  3.0320707e-01 
5.7491222e+00    765985  3.0158225e-01 
5.7655481e+00    772869  3.0109332e-01 
5.7819998e+00    777079  2.9986629e-01 
5.7984483e+00    781137  2.9874836e-01 
5.8148836e+00    785101  2.9749527e-01 
5.8313155e+00    789169  2.9637638e-01 
5.8477542e+00    795171  2.9446662e-01 
5.8641874e+00    797281  2.9333572e-01 
5.8806056e+00    802761  2.9251313e-01 
5.8970410e+00    808075  2.9132907e-01 
5.9135163e+00    815109  2.8956471e-01 
5.9299586e+00    814705  2.8859614e-01 
5.9463797e+00    821329  2.8757403e-01 
5.9628322e+00    827415  2.8644934e-01 
5.9792896e+00    830797  2.8518136e-01 
5.9957448e+00    836025  2.8421674e-01 
6.0121876e+00    839431  2.8266594e-01 
6.0286108e+00    842409  2.8238863e-01 
6.0450360e+00    849313  2.8068506e-01 
6.0614598e+00    851143  2.7930075e-01 
6.0778967e+00    860337  2.7830543e-01 
6.0943551e+00    862621  2.7753129e-01 
6.1107986e+00    867453  2.7642771e-01 
6.1272335e+00    871939  2.7522378e-01 
6.1437037e+00    880029  2.7434959e-01 
6.1601638e+00    880549  2.7260336e-01 
6.1765859e+00    885019  2.7138641e-01 
6.1930151e+00    890997  2.7109538e-01 
6.2094533e+00    895573  2.6951831e-01 
6.2259001e+00    901029  2.6848301e-01 
6.2423180e+00    902251  2.6760259e-01 
6.2587679e+00    913789  2.6681574e-01 
6.2752238e+00    912837  2.6569097e-01 
6.2916633e+00    921451  2.6420127e-01 
6.3081060e+00    922473  2.6312887e-01 
6.3245487e+00    931549  2.6232568e-01 
6.3410046e+00    933333  2.6143678e-01 
6.3574714e+00    942631  2.5983061e-01 
6.3739027e+00    939061  2.5962635e-01 
6.3903148e+00    949797  2.5822326e-01 
6.4067751e+00    955099  2.5726350e-01 
6.4232209e+00    956937  2.5697734e-01 
6.4396348e+00    962053  2.5543553e-01 
6.4560791e+00    969963  2.5448004e-01 
6.4725348e+00    972985  2.5349771e-01 
6.4889691e+00    978001  2.5261934e-01 
6.5054175e+00    983793  2.5137013e-01 
6.5218514e+00    987091  2.5115500e-01 
6.5383043e+00    995025  2.4984397e-01 
6.5547504e+00    997033  2.4838782e-01 
6.5711722e+00   1002063  2.4801327e-01 
6.5876093e+00   1008385  2.4717550e-01 
6.6040739e+00   1016053  2.4576756e-01 
6.6205340e+00   1017405  2.4500334e-01 
6.6369452e+00   1020859  2.4426693e-01 
6.6533914e+00   1031313  2.4367107e-01 
6.6698535e+00   1032877  2.4259792e-01 
6.6862930e+00   1039267  2.4172469e-01 
6.7027180e+00   1040901  2.4100777e-01 
6.7191400e+00   1049245  2.4035910e-01 
6.7355887e+00   1054275  2.3926162e-01 
6.7520281e+00   1058473  2.3837121e-01 
6.7684774e+00   1066317  2.3787265e-01 
6.7849380e+00   1069585  2.3654894e-01 
6.8013799e+00   1074787  2.3562350e-01 
6.8178081e+00   1077873  2.3450419e-01 
6.8342439e+00   1086349  2.3417239e-01 
6.8506971e+00   1090743  2.3309606e-01 
6.8671327e+00   1093909  2.3253232e-01 
6.8835509e+00   1099665  2.3187629e-01 
6.8999862e+00   1106005  2.3099014e-01 
6.9164360e+00   1112815  2.3010487e-01 
6.9328703e+00   1114101  2.2911249e-01 
6.9493314e+00   1126789  2.2831767e-01 
6.9657917e+00   1125447  2.2770383e-01 
6.9822190e+00   1131937  2.2669142e-01 
6.9986546e+00   1138165  2.2631326e-01 
7.0150913e+00   1141977  2.2546326e-01 
7.0315386e+00   1150819  2.2425263e-01 
7.0479914e+00   1153413  2.2387230e-01 
7.0644214e+00   1158289  2.2290847e-01 
7.0808622e+00   1166019  2.2178542e-01 
7.0973145e+00   1170133  2.2134926e-01 
7.1137628e+00   1177057  2.2048532e-01 
7.1302069e+00   1180035  2.1971668e-01 
7.1466382e+00   1185973  2.1931405e-01 
7.1630684e+00   1190841  2.1840546e-01 
7.1795007e+00   1197337  2.1761250e-01 
7.1959427e+00   1203399  2.1725911e-01 
7.2123865e+00   1208245  2.1600292e-01 
7.2288154e+00   1212145  2.1557412e-01 
7.2452654e+00   1222887  2.1454629e-01 
7.2617193e+00   1223329  2.1411585e-01 
7.2781551e+00   1231653  2.1317449e-01 
7.2945936e+00   1234441  2.1251047e-01 
7.3110369e+00   1243887  2.1192235e-01 
7.3274937e+00   1247713  2.1154679e-01 
7.3439337e+00   1252081  2.1039528e-01 
7.3603633e+00   1257807  2.0972628e-01 
7.3768275e+00   1268185  2.0906649e-01 
7.3932778e+00   1267569  2.0857702e-01 
7.4097159e+00   1277059  2.0779709e-01 
7.4261689e+00   1281325  2.0731504e-01 
7.4426029e+00   1285809  2.0670629e-01 
7.4590356e+00   1291681  2.0577680e-01 
7.4754791e+00   1299975  2.0526761e-01 
7.4919143e+00   1300825  2.0471747e-01 
7.5083555e+00   1312917  2.0407067e-01 
7.5248185e+00   1315711  2.0304306e-01 
7.5412578e+00   1320385  2.0301692e-01 
7.5576660e+00   1322721  2.0245278e-01 
7.5741030e+00   1335625  2.0184816e-01 
7.5905568e+00   1337991  2.0070258e-01 
7.6070124e+00   1347277  2.0034911e-01 
7.6234686e+00   1349421  1.9950858e-01 
7.6399016e+00   1355407  1.9925659e-01 
7.6563422e+00   1362001  1.9859316e-01 
7.6727822e+00   1367481  1.9782600e-01 
7.6892171e+00   1372735  1.9734288e-01 
7.7056535e+00   1378989  1.9664731e-01 
7.7220826e+00   1383937  1.9617831e-01 
7.7385317e+00   1393737  1.9547119e-01 
7.7549972e+00   1398907  1.9491418e-01 
7.7714359e+00   1400545  1.9435645e-01 
7.7878584e+00   1408305  1.9404827e-01 
7.8043010e+00   1416235  1.9330373e-01 
7.8207494e+00   1420389  1.9276357e-01 
7.8371832e+00   1426477  1.9214070e-01 
7.8536297e+00   1433797  1.9120668e-01 
7.8700776e+00   1439547  1.9091914e-01 
7.8865056e+00   1441777  1.9033666e-01 
7.9029482e+00   1454193  1.8987809e-01 
7.9194041e+00   1456651  1.8927952e-01 
7.9358365e+00   1461357  1.8845347e-01 
7.9522857e+00   1472557  1.8839237e-01 
7.9687278e+00   1471645  1.8760177e-01 
7.9851609e+00   1483635  1.8681980e-01 
8.0016137e+00   1486885  1.8658073e-01 
8.0180685e+00   1496445  1.8596389e-01 
8.0344953e+00   1494487  1.8537575e-01 
8.0509214e+00   1507785  1.8489714e-01 
8.0673762e+00   1512529  1.8417746e-01 
8.0838192e+00   1517707  1.8373435e-01 
8.1002613e+00   1525077  1.8331649e-01 
8.1167081e+00   1530793  1.8287392e-01 
8.1331378e+00   1533885  1.8239051e-01 
8.1495856e+00   1547191  1.8172117e-01 
8.1660353e+00   1546641  1.8141628e-01 
8.1824618e+00   1554709  1.8061743e-01 
8.1989027e+00   1562539  1.8048109e-01 
8.2153437e+00   1566657  1.7969125e-01 
8.2317820e+00   1575301  1.7951920e-01 
8.2482314e+00   1580733  1.7875838e-01 
8.2646698e+00   1585843  1.7816399e-01 
8.2811101e+00   1594153  1.7788735e-01 
8.2975451e+00   1596969  1.7744743e-01 
8.3139975e+00   1610923  1.7700959e-01 
8.3304471e+00   1608045  1.7625306e-01 
8.3468765e+00   1620649  1.7616716e-01 
8.3633076e+00   1620795  1.7569715e-01 
8.3797531e+00   1635949  1.7499576e-01 
8.3962078e+00   1636129  1.7453739e-01 
8.4126442e+00   1644273  1.7417074e-01 
8.4290928e+00   1652407  1.7391985e-01 
8.4455480e+00   1657593  1.7308945e-01 
8.4619847e+00   1662145  1.7281537e-01 
8.4784114e+00   1668411  1.7254937e-01 
8.4948518e+00   1677397  1.7193225e-01 
8.5112976e+00   1683205  1.7158497e-01 
8.5277318e+00   1687497  1.7132090e-01 
8.5441735e+00   1698223  1.7063688e-01 
8.5606239e+00   1701765  1.7041729e-01 
8.5770760e+00   1712041  1.6990262e-01 
8.5935126e+00   1711831  1.6970102e-01 
8.6099490e+00   1724697  1.6922574e-01 
8.6263880e+00   1725685  1.6868529e-01 
8.6428227e+00   1737111  1.6825143e-01 
8.6592728e+00   1741861  1.6797742e-01 
8.6757125e+00   1748793  1.6756962e-01 
8.6921509e+00   1753621  1.6721038e-01 
8.7085953e+00   1764523  1.6657487e-01 
8.7250257e+00   1763601  1.6613284e-01 
8.7414581e+00   1777957  1.6579623e-01 
8.7579031e+00   1780011  1.6535259e-01 
8.7743518e+00   1791409  1.6503738e-01 
8.7907969e+00   1794117  1.6467333e-01 
8.8072524e+00   1805653  1.6435486e-01 
8.8236950e+00   1805623  1.6400788e-01 
8.8401267e+00   1816365  1.6354491e-01 
8.8565793e+00   1823797  1.6343014e-01 
8.8730249e+00   1828611  1.6284442e-01 
8.8894569e+00   1833685  1.6249353e-01 
8.9058937e+00   1844037  1.6221031e-01 
8.9223418e+00   1849177  1.6192717e-01 
8.9387826e+00   1856659  1.6143278e-01 
8.9552239e+00   1862529  1.6098950e-01 
8.9716499e+00   1866697  1.6064552e-01 
8.9880813e+00   1877955  1.6040934e-01 
9.0045361e+00   1885297  1.6016834e-01 
9.0209840e+00   1890565  1.5984201e-01 
9.0374230e+00   1896663  1.5931976e-01 
9.0538584e+00   1903669  1.5914963e-01 
9.0702925e+00   1910349  1.5871074e-01 
9.0867408e+00   1920517  1.5838181e-01 
9.1031903e+00   1925031  1.5808052e-01 
9.1196251e+00   1930333  1.5795982e-01 
9.1360794e+00   1943845  1.5742151e-01 
9.1525332e+00   1944711  1.5717108e-01 
9.1689468e+00   1947193  1.5688710e-01 
9.1853784e+00   1963905  1.5648566e-01 
9.2018301e+00   1965457  1.5631978e-01 
9.2182787e+00   1977807  1.5591507e-01 
9.2347236e+00   1978357  1.5559783e-01 
9.2511658e+00   1990621  1.5533684e-01 
9.2676108e+00   1994679  1.5497433e-01 
9.2840573e+00   2003473  1.5476177e-01 
9.3004966e+00   2008473  1.5436777e-01 
9.3169244e+00   2014027  1.5428832e-01 
9.3333676e+00   2026545  1.5370548e-01 
9.3498165e+00   2030485  1.5352130e-01 
9.3662489e+00   2035537  1.5330849e-01 
9.3826908e+00   2048271  1.5296543e-01 
9.3991456e+00   2052049  1.5254403e-01 
9.4155882e+00   2060529  1.5234800e-01 
9.4320299e+00   2065843  1.5209830e-01 
9.4484538e+00   2070145  1.5163327e-01 
9.4648785e+00   2080941  1.5149145e-01 
9.4813304e+00   2091085  1.5105904e-01 
9.4977771e+00   2094591  1.5112769e-01 
9.5142116e+00   2102233  1.5057998e-01 
9.5306537e+00   2110593  1.5029768e-01 
9.5471004e+00   2118763  1.5036044e-01 
9.5635341e+00   2121313  1.5009262e-01 
9.5799691e+00   2134197  1.4967117e-01 
9.5964092e+00   2136493  1.4942453e-01 
9.6128619e+00   2152539  1.4933779e-01 
9.6293107e+00   2150905  1.4888809e-01 
9.6457461e+00   2162493  1.4872504e-01 
9.6621938e+00   2169811  1.4837577e-01 
9.6786293e+00   2173273  1.4821797e-01 
9.6950643e+00   2185173  1.4780407e-01 
9.7115164e+00   2192431  1.4772406e-01 
9.7279619e+00   2197593  1.4741985e-01 
9.7444015e+00   2206813  1.4715783e-01 
9.7608410e+00   2211561  1.4702955e-01 
9.7772916e+00   2225683  1.4656444e-01 
9.7937329e+00   2222761  1.4633711e-01 
9.8101648e+00   2238657  1.4618651e-01 
9.8266047e+00   2240611  1.4599555e-01 
9.8430453e+00   2252505  1.4591240e-01 
9.8594817e+00   2255845  1.4557322e-01 
9.8759142e+00   2265253  1.4537601e-01 
9.8923583e+00   2275143  1.4508617e-01 
9.9088236e+00   2285713  1.4498980e-01 
9.9252601e+00   2282277  1.4471648e-01 
9.9416778e+00   2296099  1.4444556e-01 
9.9581343e+00   2307645  1.4426948e-01 
9.9745847e+00   2310073  1.4428447e-01 
9.9910298e+00   2321419  1.4385704e-01 
1.0007469e+01   2323209  1.4372770e-01 
1.0023910e+01   2337913  1.4330390e-01 
1.0040365e+01   2341713  1.4331790e-01 
1.0056805e+01   2349763  1.4290589e-01 
1.0073230e+01   2352573  1.4292965e-01 
1.0089673e+01   2369725  1.4264361e-01 
1.0106115e+01   2368519  1.4247191e-01 
1.0122546e+01   2381061  1.4225406e-01 
1.0139000e+01   2391997  1.4206779e-01 
1.0155451e+01   2394081  1.4187438e-01 
1.0171886e+01   2403871  1.4152596e-01 
1.0188319e+01   2409297  1.4155005e-01 
1.0204768e+01   2423149  1.4133958e-01 
1.0221224e+01   2427835  1.4105869e-01 
1.0237669e+01   2434545  1.4084949e-01 
1.0254102e+01   2441149  1.4061833e-01 
1.0270534e+01   2449191  1.4059911e-01 
1.0286983e+01   2461633  1.4043039e-01 
1.0303428e+01   2464441  1.4028929e-01 
1.0319845e+01   2468097  1.4010046e-01 
1.0336277e+01   2485999  1.3979797e-01 
1.0352736e+01   2490381  1.3955770e-01 
1.0369178e+01   2497897  1.3945453e-01 
1.0385609e+01   2502831  1.3940762e-01 
1.0402059e+01   2519065  1.3912830e-01 
1.0418514e+01   2520541  1.3911988e-01 
1.0434952e+01   2529381  1.3889165e-01 
1.0451392e+01   2537851  1.3882111e-01 
1.0467843e+01   2548197  1.3869728e-01 
1.0484287e+01   2551477  1.3841004e-01 
1.0500712e+01   2558919  1.3832027e-01 
1.0517133e+01   2565685  1.3782977e-01 
1.0533574e+01   2581681  1.3763566e-01 
1.0550031e+01   2586609  1.3774354e-01 
1.0566476e+01   2593915  1.3753344e-01 
1.0582911e+01   2599881  1.3748044e-01 
1.0599359e+01   2613469  1.3726497e-01 
1.0615805e+01   2616847  1.3708585e-01 
1.0632237e+01   2623749  1.3710138e-01 
1.0648679e+01   2637157  1.3689056e-01 
1.0665135e+01   2644347  1.3677162e-01 
1.0681573e+01   2647585  1.3663719e-01 
1.0697997e+01   2656581  1.3626647e-01 
1.0714441e+01   2669041  1.3621947e-01 
1.0730887e+01   2675287  1.3611871e-01 
1.0747328e+01   2682609  1.3603919e-01 
1.0763767e+01   2691769  1.3573427e-01 
1.0780201e+01   2697195  1.3587677e-01 
1.0796646e+01   2711077  1.3558283e-01 
1.0813103e+01   2719461  1.3556399e-01 
1.0829552e+01   2723005  1.3525637e-01 
1.0845990e+01   2733835  1.3514208e-01 
1.0862431e+01   2739657  1.3519081e-01 
1.0878864e+01   2748061  1.3487867e-01 
1.0895302e+01   2758371  1.3487931e-01 
1.0911748e+01   2766325  1.3459928e-01 
1.0928188e+01   2774241  1.3461804e-01 
1.0944636e+01   2784979  1.3422542e-01 
1.0961069e+01   2786053  1.3418722e-01 
1.0977513e+01   2805945  1.3402533e-01 
1.0993964e+01   2804113  1.3401309e-01 
1.1010400e+01   2818539  1.3377572e-01 
1.1026845e+01   2823733  1.3385766e-01 
1.1043284e+01   2833081  1.3362061e-01 
1.1059731e+01   2844183  1.3364382e-01 
1.1076175e+01   2847529  1.3347173e-01 
1.1092614e+01   2861157  1.3307810e-01 
1.1109055e+01   2863585  1.3304200e-01 
1.1125498e+01   2879571  1.3295915e-01 
1.1141944e+01   2881657  1.3293008e-01 
1.1158382e+01   2893309  1.3273201e-01 
1.1174827e+01   2902527  1.3254919e-01 
1.1191261e+01   2904373  1.3251410e-01 
1.1207680e+01   2915877  1.3245507e-01 
1.1224111e+01   2925247  1.3225116e-01 
1.1240570e+01   2943069  1.3210206e-01 
1.1257030e+01   2942677  1.3216900e-01 
1.1273468e+01   2952325  1.3189802e-01 
1.1289907e+01   2961027  1.3184779e-01 
1.1306353e+01   2970937  1.3148380e-01 
1.1322798e+01   2978853  1.3154956e-01 
1.1339228e+01   2982199  1.3168139e-01 
1.1355671e+01   3001233  1.3137538e-01 
1.1372129e+01   3005173  1.3118137e-01 
1.1388560e+01   3008233  1.3119903e-01 
1.1404992e+01   3023247  1.3105787e-01 
1.1421430e+01   3027997  1.3100015e-01 
1.1437879e+01   3044301  1.3074703e-01 
1.1454326e+01   3045127  1.3074975e-01 
1.1470769e+01   3060109  1.3058230e-01 
1.1487224e+01   3067401  1.3053966e-01 
1.1503662e+01   3070897  1.3027378e-01 
1.1520101e+01   3085791  1.3024742e-01 
1.1536542e+01   3089425  1.3015435e-01 
1.1552979e+01   3100845  1.2991020e-01 
1.1569428e+01   3112795  1.2988439e-01 
1.1585871e+01   3115357  1.2987037e-01 
1.1602308e+01   3129021  1.2953804e-01 
1.1618736e+01   3129187  1.2955283e-01 
1.1635167e+01   3147525  1.2939196e-01 
1.1651627e+01   3159073  1.2957218e-01 
1.1668079e+01   3161457  1.2933706e-01 
1.1684516e+01   3171499  1.2925514e-01 
1.1700953e+01   3178765  1.2910258e-01 
1.1717383e+01   3187437  1.2901344e-01 
1.1733816e+01   3197371  1.2884244e-01 
1.1750260e+01   3209433  1.2865526e-01 
1.1766700e+01   3214333  1.2863333e-01 
1.1783144e+01   3228441  1.2852752e-01 
1.1799588e+01   3233203  1.2847000e-01 
1.1816033e+01   3245605  1.2827462e-01 
1.1832480e+01   3252789  1.2795718e-01 
1.1848911e+01   3257875  1.2813497e-01 
1.1865350e+01   3272709  1.2796147e-01 
1.1881795e+01   3279373  1.2793924e-01 
1.1898233e+01   3287587  1.2771750e-01 
1.1914675e+01   3299625  1.2759795e-01 
1.1931131e+01   3311521  1.2764702e-01 
1.1947582e+01   3314685  1.2730833e-01 
1.1964016e+01   3324415  1.2731831e-01 
1.1980455e+01   3333945  1.2709638e-01 
1.1996900e+01   3345673  1.2702034e-01 
1.2013335e+01   3348667  1.2697855e-01 
1.2029777e+01   3365553  1.2691913e-01 
1.2046223e+01   3369649  1.2680747e-01 
1.2062665e+01   3381933  1.2674054e-01 
1.2079111e+01   3390139  1.2661228e-01 
1.2095543e+01   3394641  1.2660613e-01 
1.2111983e+01   3410917  1.2623301e-01 
1.2128427e+01   3415939  1.2632691e-01 
1.2144869e+01   3427497  1.2622632e-01 
1.2161310e+01   3435817  1.2612479e-01 
1.2177748e+01   3443223  1.2592604e-01 
1.2194191e+01   3456721  1.2598021e-01 
1.2210641e+01   3465909  1.2594878e-01 
1.2227085e+01   3471721  1.2570358e-01 
1.2243522e+01   3481891  1.2551982e-01 
1.2259959e+01   3490041  1.2552297e-01 
1.2276400e+01   3503713  1.2548658e-01 
1.2292846e+01   3510111  1.2522459e-01 
1.2309288e+01   3520033  1.2517814e-01 
1.2325725e+01   3527569  1.2522358e-01 
1.2342165e+01   3540405  1.2508340e-01 
1.2358615e+01   3550231  1.2500672e-01 
1.2375052e+01   3553917  1.2471034e-01 
1.2391490e+01   3568753  1.2480281e-01 
1.2407934e+01   3576999  1.2464910e-01 
1.2424376e+01   3585421  1.2444309e-01 
1.2440822e+01   3598681  1.2439402e-01 
1.2457270e+01   3604473  1.2436823e-01 
1.2473712e+01   3615655  1.2415011e-01 
1.2490148e+01   3621525  1.2418970e-01 
1.2506592e+01   3636649  1.2383166e-01 
1.2523036e+01   3642387  1.2398730e-01 
1.2539468e+01   3648541  1.2367649e-01 
1.2555912e+01   3668629  1.2362703e-01 
1.2572357e+01   3667707  1.2359215e-01 
1.2588792e+01   3682657  1.2340235e-01 
1.2605229e+01   3688881  1.2339794e-01 
1.2621669e+01   3701749  1.2336352e-01 
1.2638111e+01   3710599  1.2316882e-01 
1.2654551e+01   3719361  1.2314299e-01 
1.2670991e+01   3729961  1.2317895e-01 
1.2687440e+01   3743475  1.2289888e-01 
1.2703881e+01   3744913  1.2285803e-01 
1.2720314e+01   3759513  1.2276436e-01 
1.2736753e+01   3766669  1.2263036e-01 
1.2753193e+01   3779983  1.2247528e-01 
1.2769642e+01   3790461  1.2234619e-01 
1.2786089e+01   3797989  1.2236419e-01 
1.2802526e+01   3805767  1.2213808e-01 
1.2818977e+01   3823429  1.2211632e-01 
1.2835419e+01   3822189  1.2204949e-01 
1.2851855e+01   3839947  1.2184650e-01 
1.2868296e+01   3843517  1.2182958e-01 
1.2884736e+01   3859965  1.2173429e-01 
1.2901193e+01   3870265  1.2168179e-01 
1.2917622e+01   3867603  1.2156439e-01 
1.2934054e+01   3890533  1.2136232e-01 
1.2950499e+01   3893481  1.2126968e-01 
1.2966938e+01   3908431  1.2121356e-01 
1.2983387e+01   3916477  1.2107813e-01 
1.2999830e+01   3927381  1.2107520e-01 
1.3016262e+01   3929269  1.2082187e-01 
1.3032707e+01   3954687  1.2075095e-01 
1.3049152e+01   3948889  1.2083385e-01 
1.3065587e+01   3969133  1.2076386e-01 
1.3082032e+01   3974883  1.2050889e-01 
1.3098476e+01   3987133  1.2035978e-01 
1.3114914e+01   3993957  1.2033664e-01 
1.3131356e+01   4007377  1.2016695e-01 
1.3147808e+01   4019439  1.2030915e-01 
1.3164251e+01   4023241  1.2005162e-01 
1.3180690e+01   4037425  1.2000275e-01 
1.3197128e+01   4043343  1.2005012e-01 
1.3213566e+01   4056925  1.1980292e-01 
1.3230004e+01   4063737  1.1959035e-01 
1.3246441e+01   4076791  1.1954059e-01 
1.3262898e+01   4093677  1.1950140e-01 
1.3279345e+01   4092769  1.1930186e-01 
1.3295783e+01   4108105  1.1908827e-01 
1.3312218e+01   4113075  1.1923822e-01 
1.3328655e+01   4128817  1.1897832e-01 
1.3345096e+01   4134873  1.1898264e-01 
1.3361534e+01   4148731  1.1883661e-01 
1.3377979e+01   4157973  1.1885407e-01 
1.3394430e+01   4172869  1.1871290e-01 
1.3410882e+01   4178353  1.1852174e-01 
1.3427319e+01   4186107  1.1851985e-01 
1.3443756e+01   4199497  1.1828370e-01 
1.3460194e+01   4205565  1.1832596e-01 
1.3476630e+01   4220875  1.1821011e-01 
1.3493070e+01   4225933  1.1805346e-01 
1.3509525e+01   4251717  1.1797504e-01 
1.3525973e+01   4241443  1.1790728e-01 
1.3542408e+01   4265589  1.1781629e-01 
1.3558845e+01   4264249  1.1765919e-01 
1.3575281e+01   4284381  1.1756711e-01 
1.3591733e+01   4294687  1.1747665e-01 
1.3608175e+01   4298641  1.1751827e-01 
1.3624615e+01   4316037  1.1729795e-01 
1.3641058e+01   4319971  1.1731395e-01 
1.3657498e+01   4334721  1.1706000e-01 
1.3673940e+01   4343569  1.1692601e-01 
1.3690384e+01   4355217  1.1690946e-01 
1.3706818e+01   4359871  1.1680771e-01 
1.3723254e+01   4376533  1.1672536e-01 
1.3739697e+01   4384953  1.1661057e-01 
1.3756138e+01   4397167  1.1656712e-01 
1.3772579e+01   4404441  1.1649832e-01 
1.3789025e+01   4422121  1.1631619e-01 
1.3805467e+01   4423419  1.1621962e-01 
1.3821899e+01   4437157  1.1615336e-01 
1.3838348e+01   4454329  1.1596832e-01 
1.3854801e+01   4459389  1.1596950e-01 
1.3871227e+01   4462087  1.1587419e-01 
1.3887666e+01   4487157  1.1576967e-01 
1.3904114e+01   4487845  1.1565231e-01 
1.3920549e+01   4502311  1.1552266e-01 
1.3936998e+01   4515609  1.1557489e-01 
1.3953444e+01   4523293  1.1528318e-01 
1.3969882e+01   4530525  1.1520748e-01 
1.3986314e+01   4543075  1.1520260e-01 
1.4002750e+01   4553601  1.1518514e-01 
1.4019203e+01   4573213  1.1503249e-01 
1.4035643e+01   4569475  1.1486380e-01 
1.4052080e+01   4591089  1.1468286e-01 
1.4068524e+01   4596253  1.1467712e-01 
1.4084960e+01   4606701  1.1460233e-01 
1.4101403e+01   4623319  1.1449044e-01 
1.4117848e+01   4628589  1.1444221e-01 
1.4134293e+01   4644337  1.1426871e-01 
1.4150740e+01   4652227  1.1428987e-01 
1.4167179e+01   4660413  1.1408125e-01 
1.4183624e+01   4678945  1.1403234e-01 
1.4200081e+01   4687191  1.1382785e-01 
1.4216525e+01   4694245  1.1385932e-01 
1.4232950e+01   4698025  1.1365857e-01 
1.4249382e+01   4719597  1.1359913e-01 
1.4265824e+01   4725775  1.1353464e-01 
1.4282265e+01   4739961  1.1338123e-01 
1.4298712e+01   4752325  1.1335932e-01 
1.4315154e+01   4759023  1.1325897e-01 
1.4331599e+01   4774237  1.1326149e-01 
1.4348040e+01   4780405  1.1316032e-01 
1.4364476e+01   4792101  1.1299252e-01 
1.4380920e+01   4807663  1.1298170e-01 
1.4397368e+01   4816401  1.1273413e-01 
1.4413807e+01   4823509  1.1264924e-01 
1.4430248e+01   4840743  1.1268385e-01 
1.4446693e+01   4846849  1.1257173e-01 
1.4463127e+01   4857709  1.1255899e-01 
1.4479568e+01   4871907  1.1236849e-01 
1.4496011e+01   4881601  1.1232122e-01 
1.4512454e+01   4894389  1.1214955e-01 
1.4528896e+01   4901329  1.1198996e-01 
1.4545329e+01   4913583  1.1205580e-01 
1.4561780e+01   4932313  1.1181671e-01 
1.4578221e+01   4931233  1.1172784e-01 
1.4594654e+01   4949439  1.1162523e-01 
1.4611099e+01   4960093  1.1168376e-01 
1.4627549e+01   4975845  1.1158397e-01 
1.4643986e+01   4973809  1.1136054e-01 
1.4660424e+01   4999375  1.1136122e-01 
1.4676868e+01   4999281  1.1118456e-01 
1.4693310e+01   5020633  1.1122905e-01 
1.4709759e+01   5026719  1.1095967e-01 
1.4726199e+01   5036893  1.1085583e-01 
1.4742643e+01   5052285  1.1082373e-01 
1.4759077e+01   5052547  1.1087627e-01 
1.4775512e+01   5075413  1.1072560e-01 
1.4791960e+01   5084049  1.1054639e-01 
1.4808394e+01   5088469  1.1047033e-01 
1.4824829e+01   5108391  1.1037570e-01 
1.4841279e+01   5118805  1.1027636e-01 
1.4857729e+01   5132721  1.1027935e-01 
1.4874168e+01   5134123  1.1006879e-01 
1.4890598e+01   5148289  1.1003945e-01 
1.4907045e+01   5169609  1.1002064e-01 
1.4923494e+01   5170585  1.0987453e-01 
1.4939933e+01   5188107  1.0979026e-01 
1.4956381e+01   5197321  1.0966586e-01 
1.4972817e+01   5204481  1.0958794e-01 
1.4989249e+01   5217199  1.0951854e-01 
1.5005692e+01   5233909  1.0937739e-01 
1.5022139e+01   5244033  1.0929765e-01 
1.5038578e+01   5250349  1.0923921e-01 
1.5055017e+01   5267823  1.0912961e-01 
1.5071468e+01   5280397  1.0908420e-01 
1.5087908e+01   5284129  1.0900587e-01 
1.5104335e+01   5295771  1.0876524e-01 
1.5120780e+01   5317405  1.0872340e-01 
1.5137232e+01   5324901  1.0864426e-01 
1.5153675e+01   5333755  1.0855127e-01 
1.5170115e+01   5345937  1.0848253e-01 
1.5186558e+01   5359657  1.0846539e-01 
1.5202999e+01   5366821  1.0835531e-01 
1.5219436e+01   5382075  1.0825327e-01 
1.5235879e+01   5392261  1.0810023e-01 
1.5252325e+01   5407353  1.0815574e-01 
1.5268764e+01   5412259  1.0801064e-01 
1.5285199e+01   5426973  1.0779734e-01 
1.5301652e+01   5448109  1.0781617e-01 
1.5318098e+01   5444749  1.0762811e-01 
1.5334529e+01   5462499  1.0756619e-01 
1.5350972e+01   5476897  1.0750476e-01 
1.5367421e+01   5487741  1.0740354e-01 
1.5383850e+01   5489011  1.0734153e-01 
1.5400292e+01   5517945  1.0723904e-01 
1.5416747e+01   5523913  1.0714325e-01 
1.5433187e+01   5529295  1.0717804e-01 
1.5449617e+01   5541585  1.0696934e-01 
1.5466049e+01   5554501  1.0692289e-01 
1.5482493e+01   5571717  1.0682237e-01 
1.5498948e+01   5587903  1.0668764e-01 
1.5515389e+01   5584453  1.0659865e-01 
1.5531826e+01   5609505  1.0657950e-01 
1.5548272e+01   5613739  1.0648122e-01 
1.5564703e+01   5622837  1.0644769e-01 
1.5581143e+01   5644501  1.0637751e-01 
1.5597584e+01   5646693  1.0618765e-01 
1.5614024e+01   5668363  1.0607971e-01 
1.5630474e+01   5677237  1.0605749e-01 
1.5646919e+01   5688513  1.0589946e-01 
1.5663358e+01   5696839  1.0590371e-01 
1.5679803e+01   5716845  1.0571013e-01 
1.5696249e+01   5721301  1.0572698e-01 
1.5712684e+01   5733921  1.0558548e-01 
1.5729129e+01   5751391  1.0545612e-01 
1.5745567e+01   5753065  1.0539982e-01 
1.5762010e+01   5778813  1.0532254e-01 
1.5778451e+01   5777623  1.0528489e-01 
1.5794884e+01   5794701  1.0515619e-01 
1.5811332e+01   5813953  1.0505162e-01 
1.5827775e+01   5814963  1.0495596e-01 
1.5844216e+01   5836669  1.0497819e-01 
1.5860663e+01   5843749  1.0479482e-01 
1.5877110e+01   5859633  1.0473996e-01 
1.5893551e+01   5865199  1.0468093e-01 
1.5909984e+01   5877273  1.0450590e-01 
1.5926423e+01   5894521  1.0443595e-01 
1.5942870e+01   5907055  1.0436071e-01 
1.5959317e+01   5918409  1.0428201e-01 
1.5975751e+01   5923525  1.0424103e-01 
1.5992190e+01   5944341  1.0410765e-01 
1.6008634e+01   5952907  1.0399865e-01 
1.6025064e+01   5958177  1.0399535e-01 
1.6041507e+01   5986729  1.0391436e-01 
1.6057961e+01   5991607  1.0381263e-01 
1.6074397e+01   5997009  1.0365568e-01 
1.6090834e+01   6017809  1.0361043e-01 
1.6107287e+01   6032451  1.0352950e-01 
1.6123732e+01   6036661  1.0340788e-01 
1.6140164e+01   6048429  1.0334680e-01 
1.6156608e+01   6069241  1.0317487e-01 
1.6173051e+01   6072799  1.0319740e-01 
1.6189485e+01   6087333  1.0312153e-01 
1.6205923e+01   6100189  1.0294824e-01 
1.6222357e+01   6110199  1.0295055e-01 
1.6238808e+01   6135469  1.0291633e-01 
1.6255257e+01   6135757  1.0275100e-01 
1.6271696e+01   6151389  1.0271944e-01 
1.6288137e+01   6163015  1.0266416e-01 
1.6304574e+01   6172905  1.0251016e-01 
1.6321021e+01   6194425  1.0242714e-01 
1.6337463e+01   6196047  1.0247219e-01 
1.6353903e+01   6216145  1.0217124e-01 
1.6370354e+01   6230473  1.0228204e-01 
1.6386794e+01   6232095  1.0215073e-01 
1.6403226e+01   6249913  1.0204610e-01 
1.6419670e+01   6266493  1.0197211e-01 
1.6436110e+01   6270925  1.0185389e-01 
1.6452549e+01   6292635  1.0184614e-01 
1.6469004e+01   6306181  1.0168345e-01 
1.6485446e+01   6309697  1.0168099e-01 
1.6501881e+01   6324579  1.0147605e-01 
1.6518325e+01   6342217  1.0140759e-01 
1.6534765e+01   6347277  1.0142293e-01 
1.6551201e+01   6364285  1.0127605e-01 
1.6567645e+01   6378303  1.0122178e-01 
1.6584080e+01   6382993  1.0106210e-01 
1.6600517e+01   6404353  1.0104996e-01 
1.6616958e+01   6412287  1.0093142e-01 
1.6633401e+01   6430825  1.0082543e-01 
1.6649852e+01   6444501  1.0079797e-01 
1.6666291e+01   6446653  1.0063151e-01 
1.6682729e+01   6469255  1.0065647e-01 
1.6699173e+01   6477417  1.0047816e-01 
1.6715616e+01   6491929  1.0042007e-01 
1.6732056e+01   6503031  1.0039584e-01 
1.6748502e+01   6521089  1.0022117e-01 
1.6764947e+01   6527925  1.0016406e-01 
1.6781376e+01   6533347  1.0014809e-01 
1.6797810e+01   6557797  1.0004950e-01 
1.6814259e+01   6572589  9.9959763e-02 
1.6830706e+01   6579466  9.9867957e-02 
