# Power spectrum from CO𝘕CEPT job 3337064 at t = 2.1414591 Gyr, a = 0.25.
# 
# Below, the following component mapping is used:
#   GADGET halo: 0
# 
#            grid size 2048            
# ╭───────────────────────────────────╮
#                         component 0  
#                        σ₈ = 2.69e-01 
#  k [Mpc⁻¹]     modes    power [Mpc³] 
1.6444274e-02         3  7.7163329e+03 
2.5346356e-02        10  5.6417981e+03 
3.7898992e-02        27  4.0678042e+03 
5.1056691e-02        45  3.0524310e+03 
6.3292620e-02        67  2.2215151e+03 
7.7668197e-02       141  1.6876706e+03 
9.4506018e-02       217  1.2496340e+03 
1.1085512e-01       265  8.9781337e+02 
1.2673551e-01       375  7.1087578e+02 
1.4310520e-01       469  6.1691626e+02 
1.5921320e-01       573  4.9952334e+02 
1.7505023e-01       679  4.3410840e+02 
1.9158744e-01       889  3.6408002e+02 
2.0864874e-01      1053  3.1006101e+02 
2.2492023e-01      1105  2.8010413e+02 
2.4162157e-01      1467  2.3728167e+02 
2.5841415e-01      1501  2.2029132e+02 
2.7456390e-01      1737  1.9373456e+02 
2.9089046e-01      1963  1.7673493e+02 
3.0709736e-01      2125  1.5468233e+02 
3.2358821e-01      2517  1.4124476e+02 
3.3996065e-01      2575  1.3088893e+02 
3.5647498e-01      3081  1.2168471e+02 
3.7295848e-01      3133  1.0623364e+02 
3.8900984e-01      3429  1.0108834e+02 
4.0558736e-01      3991  9.4272075e+01 
4.2213935e-01      4009  8.8270153e+01 
4.3838736e-01      4497  8.3189234e+01 
4.5476989e-01      4747  7.6587995e+01 
4.7136961e-01      5289  7.0926419e+01 
4.8803303e-01      5581  6.9242528e+01 
5.0455551e-01      5901  6.4453274e+01 
5.2095127e-01      6295  5.9252362e+01 
5.3726294e-01      6601  5.7200454e+01 
5.5363157e-01      7161  5.3436072e+01 
5.7007373e-01      7531  5.1188586e+01 
5.8656738e-01      8037  4.8714420e+01 
6.0304067e-01      8437  4.6649826e+01 
6.1937943e-01      8827  4.4812249e+01 
6.3585243e-01      9513  4.1792942e+01 
6.5225570e-01      9709  4.0218036e+01 
6.6876924e-01     10641  3.9173498e+01 
6.8512868e-01     10567  3.7411408e+01 
7.0151250e-01     11685  3.5970419e+01 
7.1826316e-01     12169  3.4625668e+01 
7.3452255e-01     12091  3.3451208e+01 
7.5081025e-01     13257  3.2232537e+01 
7.6730652e-01     13657  3.0751931e+01 
7.8373756e-01     14241  2.9394859e+01 
8.0014453e-01     14851  2.8800383e+01 
8.1663338e-01     15609  2.7595164e+01 
8.3318393e-01     16189  2.6885580e+01 
8.4948675e-01     16471  2.5798600e+01 
8.6584974e-01     17481  2.5069540e+01 
8.8236887e-01     18253  2.4528454e+01 
8.9891593e-01     18801  2.3496570e+01 
9.1537361e-01     19495  2.3011649e+01 
9.3179045e-01     20101  2.2271462e+01 
9.4826074e-01     20985  2.1708278e+01 
9.6466432e-01     21451  2.0999102e+01 
9.8111737e-01     22533  2.0655393e+01 
9.9753917e-01     22945  1.9894108e+01 
1.0139094e+00     23811  1.9412453e+01 
1.0303265e+00     24625  1.9106437e+01 
1.0468144e+00     25705  1.8535107e+01 
1.0633358e+00     26241  1.8193387e+01 
1.0797558e+00     27043  1.7666718e+01 
1.0962211e+00     28029  1.7455531e+01 
1.1126210e+00     28489  1.6741792e+01 
1.1290879e+00     30039  1.6588566e+01 
1.1456116e+00     30301  1.6194350e+01 
1.1619125e+00     31033  1.5903473e+01 
1.1783370e+00     32529  1.5525005e+01 
1.1947869e+00     32935  1.5197873e+01 
1.2112565e+00     34437  1.4828130e+01 
1.2277117e+00     34645  1.4590905e+01 
1.2440502e+00     35979  1.4336360e+01 
1.2605211e+00     36949  1.3968962e+01 
1.2770144e+00     38113  1.3648290e+01 
1.2934226e+00     38475  1.3590513e+01 
1.3097903e+00     39865  1.3341213e+01 
1.3263446e+00     41493  1.2831589e+01 
1.3428874e+00     41665  1.2682350e+01 
1.3592087e+00     42631  1.2558299e+01 
1.3756346e+00     44085  1.2336341e+01 
1.3921820e+00     45505  1.2046736e+01 
1.4086373e+00     45735  1.1854594e+01 
1.4250178e+00     47125  1.1652772e+01 
1.4414920e+00     48585  1.1541098e+01 
1.4579305e+00     48961  1.1256459e+01 
1.4743321e+00     50743  1.1125842e+01 
1.4907389e+00     51165  1.0855777e+01 
1.5071924e+00     53257  1.0751265e+01 
1.5236603e+00     53655  1.0538620e+01 
1.5400190e+00     54793  1.0479316e+01 
1.5565192e+00     57057  1.0279357e+01 
1.5729869e+00     56839  1.0168435e+01 
1.5894023e+00     59101  9.9945075e+00 
1.6058601e+00     59709  9.8535123e+00 
1.6222933e+00     61225  9.6995448e+00 
1.6387728e+00     62607  9.5572096e+00 
1.6551975e+00     63253  9.3916876e+00 
1.6716037e+00     65061  9.2448501e+00 
1.6880337e+00     66031  9.1598204e+00 
1.7044751e+00     67525  9.1168983e+00 
1.7209058e+00     68769  8.9575433e+00 
1.7373469e+00     70105  8.8436923e+00 
1.7538178e+00     71787  8.7014853e+00 
1.7702475e+00     72337  8.5779513e+00 
1.7866732e+00     74401  8.5002430e+00 
1.8031286e+00     75531  8.3981295e+00 
1.8196372e+00     77473  8.3031423e+00 
1.8360112e+00     77193  8.1813217e+00 
1.8523516e+00     79765  8.0913226e+00 
1.8688946e+00     82143  8.0161609e+00 
1.8854177e+00     82393  7.8839087e+00 
1.9018266e+00     83833  7.8478592e+00 
1.9181986e+00     85059  7.7316077e+00 
1.9346415e+00     87253  7.5829864e+00 
1.9511396e+00     88857  7.5284934e+00 
1.9675969e+00     89659  7.4162427e+00 
1.9840224e+00     91533  7.3971858e+00 
2.0004207e+00     92401  7.2693813e+00 
2.0168900e+00     95353  7.2095231e+00 
2.0333318e+00     95271  7.1737505e+00 
2.0497666e+00     98269  7.0336804e+00 
2.0661874e+00     98217  6.9711832e+00 
2.0826377e+00    101899  6.8850152e+00 
2.0991461e+00    102009  6.8334723e+00 
2.1155531e+00    103993  6.7620434e+00 
2.1320003e+00    105553  6.6726392e+00 
2.1484303e+00    107139  6.6491201e+00 
2.1648814e+00    109189  6.5408943e+00 
2.1812685e+00    109341  6.4934473e+00 
2.1976836e+00    113179  6.4182704e+00 
2.2141473e+00    113053  6.3860937e+00 
2.2305825e+00    116517  6.3198447e+00 
2.2471141e+00    117607  6.2376105e+00 
2.2635356e+00    118365  6.1723171e+00 
2.2799533e+00    121189  6.1219958e+00 
2.2964184e+00    122289  6.0696746e+00 
2.3128267e+00    124147  6.0075775e+00 
2.3292896e+00    126385  5.9543575e+00 
2.3457569e+00    127941  5.8837763e+00 
2.3621623e+00    128947  5.8284691e+00 
2.3786241e+00    132393  5.8139459e+00 
2.3950976e+00    132949  5.7533589e+00 
2.4115030e+00    134649  5.6757760e+00 
2.4279489e+00    137623  5.6283467e+00 
2.4443643e+00    137641  5.5815353e+00 
2.4607764e+00    141321  5.5461069e+00 
2.4772237e+00    142087  5.4947731e+00 
2.4936741e+00    144945  5.4644651e+00 
2.5100982e+00    145717  5.3645314e+00 
2.5265007e+00    148251  5.3490386e+00 
2.5430151e+00    151537  5.3121495e+00 
2.5594785e+00    151321  5.2611580e+00 
2.5758655e+00    153909  5.2190255e+00 
2.5923078e+00    156511  5.1622644e+00 
2.6088067e+00    158709  5.1272762e+00 
2.6252397e+00    159301  5.0972714e+00 
2.6416584e+00    162643  5.0686385e+00 
2.6581561e+00    164613  5.0119847e+00 
2.6745973e+00    165817  4.9679587e+00 
2.6909855e+00    167313  4.9273660e+00 
2.7074110e+00    171067  4.8967509e+00 
2.7238484e+00    171465  4.8680540e+00 
2.7402879e+00    175225  4.8132889e+00 
2.7567697e+00    176743  4.7597944e+00 
2.7731423e+00    176841  4.7238986e+00 
2.7895596e+00    182221  4.7220316e+00 
2.8060814e+00    183117  4.6663338e+00 
2.8224975e+00    184411  4.6416141e+00 
2.8389274e+00    187617  4.6056665e+00 
2.8553653e+00    188905  4.5819571e+00 
2.8717627e+00    191131  4.5244610e+00 
2.8882218e+00    194565  4.4891255e+00 
2.9046964e+00    196141  4.4640828e+00 
2.9211615e+00    198591  4.4448823e+00 
2.9375998e+00    200065  4.3878458e+00 
2.9540649e+00    203797  4.3837797e+00 
2.9705354e+00    204549  4.3188847e+00 
2.9869717e+00    207595  4.3251693e+00 
3.0033875e+00    208581  4.2781193e+00 
3.0197883e+00    211837  4.2579231e+00 
3.0362229e+00    213999  4.2185526e+00 
3.0526866e+00    217057  4.1962851e+00 
3.0691428e+00    218893  4.1593523e+00 
3.0855555e+00    220269  4.1179861e+00 
3.1019930e+00    224323  4.0871810e+00 
3.1184617e+00    225873  4.0821703e+00 
3.1349207e+00    228757  4.0402434e+00 
3.1513532e+00    230283  4.0321346e+00 
3.1677965e+00    233341  3.9937973e+00 
3.1842470e+00    235693  3.9584686e+00 
3.2006723e+00    237399  3.9416941e+00 
3.2171142e+00    241009  3.9170694e+00 
3.2335887e+00    243417  3.8828590e+00 
3.2500136e+00    244129  3.8518300e+00 
3.2664410e+00    248991  3.8371031e+00 
3.2829239e+00    250369  3.8095282e+00 
3.2993618e+00    252829  3.7878926e+00 
3.3157727e+00    254511  3.7603660e+00 
3.3322186e+00    258997  3.7472101e+00 
3.3486800e+00    260157  3.7133107e+00 
3.3650923e+00    262381  3.6711409e+00 
3.3815241e+00    266131  3.6639339e+00 
3.3979483e+00    267117  3.6437015e+00 
3.4143703e+00    271273  3.6120214e+00 
3.4308564e+00    274563  3.5906333e+00 
3.4473137e+00    275473  3.5783476e+00 
3.4637222e+00    278193  3.5584411e+00 
3.4801264e+00    280657  3.5402071e+00 
3.4965868e+00    285319  3.4966005e+00 
3.5130530e+00    286401  3.4843043e+00 
3.5294760e+00    288889  3.4527111e+00 
3.5459357e+00    293391  3.4291175e+00 
3.5624090e+00    294577  3.4242733e+00 
3.5788404e+00    297573  3.4028300e+00 
3.5952642e+00    299563  3.3773455e+00 
3.6117160e+00    303997  3.3643414e+00 
3.6281560e+00    305025  3.3441426e+00 
3.6445790e+00    308533  3.3164234e+00 
3.6610225e+00    311619  3.2921305e+00 
3.6774766e+00    314257  3.2743304e+00 
3.6939086e+00    316617  3.2535792e+00 
3.7103462e+00    320131  3.2405308e+00 
3.7268028e+00    322729  3.2084980e+00 
3.7432601e+00    326289  3.1981719e+00 
3.7596895e+00    326989  3.1813780e+00 
3.7760900e+00    331131  3.1558059e+00 
3.7925450e+00    334801  3.1426421e+00 
3.8089767e+00    335833  3.1212491e+00 
3.8254063e+00    340827  3.1125379e+00 
3.8418656e+00    342721  3.0925680e+00 
3.8583499e+00    347925  3.0772170e+00 
3.8747993e+00    346915  3.0492876e+00 
3.8912071e+00    352221  3.0355016e+00 
3.9076586e+00    354793  3.0153195e+00 
3.9240896e+00    357109  3.0026939e+00 
3.9405276e+00    361299  2.9845307e+00 
3.9569713e+00    363205  2.9703406e+00 
3.9734255e+00    367881  2.9535001e+00 
3.9898789e+00    369439  2.9226767e+00 
4.0063139e+00    372729  2.9099468e+00 
4.0227443e+00    375709  2.9012489e+00 
4.0391807e+00    378925  2.8838805e+00 
4.0556139e+00    381963  2.8591202e+00 
4.0720410e+00    384733  2.8580220e+00 
4.0884797e+00    388377  2.8328055e+00 
4.1049168e+00    391507  2.8181789e+00 
4.1213716e+00    394989  2.8059862e+00 
4.1378384e+00    398773  2.7888945e+00 
4.1542692e+00    399259  2.7765349e+00 
4.1707055e+00    405537  2.7539365e+00 
4.1871461e+00    405997  2.7414417e+00 
4.2035544e+00    409845  2.7270073e+00 
4.2199761e+00    413587  2.7126891e+00 
4.2364682e+00    419449  2.6998730e+00 
4.2529646e+00    420693  2.6856423e+00 
4.2694067e+00    423043  2.6669304e+00 
4.2858500e+00    427017  2.6509457e+00 
4.3022780e+00    429181  2.6396268e+00 
4.3186990e+00    432945  2.6242468e+00 
4.3351542e+00    437731  2.6074753e+00 
4.3516058e+00    439321  2.5937982e+00 
4.3680369e+00    443253  2.5849856e+00 
4.3844739e+00    446419  2.5669425e+00 
4.4009137e+00    449925  2.5576575e+00 
4.4173500e+00    453157  2.5392739e+00 
4.4337621e+00    455217  2.5248264e+00 
4.4502129e+00    461923  2.5167955e+00 
4.4666919e+00    463969  2.4993071e+00 
4.4830981e+00    464349  2.4836156e+00 
4.4995168e+00    471667  2.4755063e+00 
4.5159908e+00    474141  2.4580580e+00 
4.5324513e+00    478093  2.4485033e+00 
4.5488951e+00    480195  2.4293458e+00 
4.5653382e+00    484537  2.4247521e+00 
4.5817810e+00    487537  2.4075613e+00 
4.5981919e+00    489405  2.4013907e+00 
4.6146248e+00    496279  2.3862375e+00 
4.6310751e+00    496965  2.3724082e+00 
4.6475317e+00    503953  2.3653550e+00 
4.6639737e+00    503335  2.3518319e+00 
4.6804197e+00    511209  2.3386479e+00 
4.6968700e+00    510829  2.3255012e+00 
4.7132818e+00    515577  2.3126638e+00 
4.7297165e+00    520003  2.2970436e+00 
4.7461617e+00    523329  2.2904855e+00 
4.7626176e+00    527653  2.2744892e+00 
4.7790675e+00    530551  2.2626735e+00 
4.7955192e+00    534849  2.2526414e+00 
4.8119483e+00    536725  2.2379413e+00 
4.8283904e+00    542703  2.2291690e+00 
4.8448413e+00    544753  2.2159301e+00 
4.8612558e+00    547917  2.2104155e+00 
4.8776855e+00    552805  2.1996650e+00 
4.8941426e+00    557611  2.1828580e+00 
4.9105783e+00    558561  2.1751099e+00 
4.9269930e+00    563689  2.1582767e+00 
4.9434389e+00    568527  2.1552099e+00 
4.9599169e+00    572929  2.1409645e+00 
4.9763535e+00    573841  2.1283688e+00 
4.9927621e+00    578085  2.1215435e+00 
5.0092162e+00    584803  2.1125763e+00 
5.0256809e+00    586701  2.1012702e+00 
5.0420988e+00    588805  2.0924436e+00 
5.0585219e+00    595203  2.0790280e+00 
5.0750102e+00    600577  2.0716975e+00 
5.0914658e+00    601441  2.0593476e+00 
5.1078963e+00    605967  2.0503523e+00 
5.1243245e+00    609169  2.0386764e+00 
5.1407632e+00    614625  2.0340991e+00 
5.1572525e+00    620617  2.0255632e+00 
5.1736802e+00    618447  2.0102192e+00 
5.1900865e+00    626233  2.0035509e+00 
5.2065263e+00    629233  1.9949712e+00 
5.2229477e+00    632739  1.9761745e+00 
5.2394225e+00    641245  1.9709618e+00 
5.2558876e+00    640269  1.9672437e+00 
5.2723274e+00    646813  1.9511406e+00 
5.2887662e+00    648807  1.9412855e+00 
5.3051775e+00    652489  1.9371639e+00 
5.3216250e+00    659569  1.9277327e+00 
5.3380578e+00    659715  1.9179668e+00 
5.3545077e+00    668893  1.9065443e+00 
5.3709724e+00    669441  1.9027902e+00 
5.3874098e+00    674509  1.8902205e+00 
5.4038391e+00    677143  1.8808833e+00 
5.4202707e+00    683109  1.8727141e+00 
5.4367136e+00    685897  1.8661028e+00 
5.4531674e+00    693039  1.8546914e+00 
5.4696047e+00    692185  1.8437608e+00 
5.4860342e+00    701001  1.8413761e+00 
5.5025128e+00    704959  1.8280006e+00 
5.5189514e+00    705505  1.8200978e+00 
5.5353814e+00    713205  1.8152365e+00 
5.5518089e+00    713053  1.8049095e+00 
5.5682266e+00    721599  1.7978630e+00 
5.5846814e+00    724285  1.7886462e+00 
5.6011307e+00    729825  1.7744872e+00 
5.6175533e+00    730555  1.7691065e+00 
5.6339838e+00    738613  1.7612840e+00 
5.6504606e+00    744105  1.7511348e+00 
5.6669328e+00    746233  1.7465586e+00 
5.6833538e+00    748455  1.7394364e+00 
5.6997676e+00    754033  1.7325665e+00 
5.7162136e+00    760233  1.7215938e+00 
5.7326818e+00    764947  1.7142120e+00 
5.7491222e+00    765985  1.7076955e+00 
5.7655481e+00    772869  1.6998129e+00 
5.7819998e+00    777079  1.6907105e+00 
5.7984483e+00    781137  1.6841248e+00 
5.8148836e+00    785101  1.6762520e+00 
5.8313155e+00    789169  1.6676170e+00 
5.8477542e+00    795171  1.6632804e+00 
5.8641874e+00    797281  1.6536354e+00 
5.8806056e+00    802761  1.6474188e+00 
5.8970410e+00    808075  1.6432353e+00 
5.9135163e+00    815109  1.6295942e+00 
5.9299586e+00    814705  1.6289862e+00 
5.9463797e+00    821329  1.6161488e+00 
5.9628322e+00    827415  1.6094380e+00 
5.9792896e+00    830797  1.5995974e+00 
5.9957448e+00    836025  1.5946964e+00 
6.0121876e+00    839431  1.5868292e+00 
6.0286108e+00    842409  1.5798060e+00 
6.0450360e+00    849313  1.5748981e+00 
6.0614598e+00    851143  1.5660372e+00 
6.0778967e+00    860337  1.5638998e+00 
6.0943551e+00    862621  1.5582973e+00 
6.1107986e+00    867453  1.5432343e+00 
6.1272335e+00    871939  1.5426801e+00 
6.1437037e+00    880029  1.5358353e+00 
6.1601638e+00    880549  1.5282390e+00 
6.1765859e+00    885019  1.5195216e+00 
6.1930151e+00    890997  1.5116936e+00 
6.2094533e+00    895573  1.5063400e+00 
6.2259001e+00    901029  1.5019324e+00 
6.2423180e+00    902251  1.4952951e+00 
6.2587679e+00    913789  1.4874584e+00 
6.2752238e+00    912837  1.4806964e+00 
6.2916633e+00    921451  1.4748086e+00 
6.3081060e+00    922473  1.4662337e+00 
6.3245487e+00    931549  1.4628218e+00 
6.3410046e+00    933333  1.4536538e+00 
6.3574714e+00    942631  1.4462507e+00 
6.3739027e+00    939061  1.4420826e+00 
6.3903148e+00    949797  1.4378876e+00 
6.4067751e+00    955099  1.4317962e+00 
6.4232209e+00    956937  1.4269714e+00 
6.4396348e+00    962053  1.4169845e+00 
6.4560791e+00    969963  1.4132464e+00 
6.4725348e+00    972985  1.4046546e+00 
6.4889691e+00    978001  1.4002048e+00 
6.5054175e+00    983793  1.3947663e+00 
6.5218514e+00    987091  1.3883257e+00 
6.5383043e+00    995025  1.3829700e+00 
6.5547504e+00    997033  1.3771633e+00 
6.5711722e+00   1002063  1.3709591e+00 
6.5876093e+00   1008385  1.3645715e+00 
6.6040739e+00   1016053  1.3608936e+00 
6.6205340e+00   1017405  1.3539095e+00 
6.6369452e+00   1020859  1.3495396e+00 
6.6533914e+00   1031313  1.3432218e+00 
6.6698535e+00   1032877  1.3372601e+00 
6.6862930e+00   1039267  1.3311795e+00 
6.7027180e+00   1040901  1.3264511e+00 
6.7191400e+00   1049245  1.3213101e+00 
6.7355887e+00   1054275  1.3163581e+00 
6.7520281e+00   1058473  1.3102164e+00 
6.7684774e+00   1066317  1.3049830e+00 
6.7849380e+00   1069585  1.2988674e+00 
6.8013799e+00   1074787  1.2951852e+00 
6.8178081e+00   1077873  1.2908695e+00 
6.8342439e+00   1086349  1.2820055e+00 
6.8506971e+00   1090743  1.2784065e+00 
6.8671327e+00   1093909  1.2760360e+00 
6.8835509e+00   1099665  1.2693065e+00 
6.8999862e+00   1106005  1.2638823e+00 
6.9164360e+00   1112815  1.2603418e+00 
6.9328703e+00   1114101  1.2545893e+00 
6.9493314e+00   1126789  1.2462333e+00 
6.9657917e+00   1125447  1.2428604e+00 
6.9822190e+00   1131937  1.2372846e+00 
6.9986546e+00   1138165  1.2338490e+00 
7.0150913e+00   1141977  1.2273551e+00 
7.0315386e+00   1150819  1.2233378e+00 
7.0479914e+00   1153413  1.2186725e+00 
7.0644214e+00   1158289  1.2110851e+00 
7.0808622e+00   1166019  1.2107804e+00 
7.0973145e+00   1170133  1.2048532e+00 
7.1137628e+00   1177057  1.1961800e+00 
7.1302069e+00   1180035  1.1938874e+00 
7.1466382e+00   1185973  1.1882239e+00 
7.1630684e+00   1190841  1.1845329e+00 
7.1795007e+00   1197337  1.1799186e+00 
7.1959427e+00   1203399  1.1760691e+00 
7.2123865e+00   1208245  1.1695847e+00 
7.2288154e+00   1212145  1.1662554e+00 
7.2452654e+00   1222887  1.1636008e+00 
7.2617193e+00   1223329  1.1570636e+00 
7.2781551e+00   1231653  1.1511196e+00 
7.2945936e+00   1234441  1.1479673e+00 
7.3110369e+00   1243887  1.1451784e+00 
7.3274937e+00   1247713  1.1387838e+00 
7.3439337e+00   1252081  1.1344105e+00 
7.3603633e+00   1257807  1.1305634e+00 
7.3768275e+00   1268185  1.1266927e+00 
7.3932778e+00   1267569  1.1216580e+00 
7.4097159e+00   1277059  1.1169732e+00 
7.4261689e+00   1281325  1.1124479e+00 
7.4426029e+00   1285809  1.1084038e+00 
7.4590356e+00   1291681  1.1041307e+00 
7.4754791e+00   1299975  1.1020329e+00 
7.4919143e+00   1300825  1.0966264e+00 
7.5083555e+00   1312917  1.0919710e+00 
7.5248185e+00   1315711  1.0874508e+00 
7.5412578e+00   1320385  1.0821346e+00 
7.5576660e+00   1322721  1.0789892e+00 
7.5741030e+00   1335625  1.0759038e+00 
7.5905568e+00   1337991  1.0731914e+00 
7.6070124e+00   1347277  1.0689210e+00 
7.6234686e+00   1349421  1.0637701e+00 
7.6399016e+00   1355407  1.0587747e+00 
7.6563422e+00   1362001  1.0563957e+00 
7.6727822e+00   1367481  1.0527306e+00 
7.6892171e+00   1372735  1.0489431e+00 
7.7056535e+00   1378989  1.0449691e+00 
7.7220826e+00   1383937  1.0402276e+00 
7.7385317e+00   1393737  1.0371297e+00 
7.7549972e+00   1398907  1.0312702e+00 
7.7714359e+00   1400545  1.0297729e+00 
7.7878584e+00   1408305  1.0261833e+00 
7.8043010e+00   1416235  1.0225320e+00 
7.8207494e+00   1420389  1.0171583e+00 
7.8371832e+00   1426477  1.0145039e+00 
7.8536297e+00   1433797  1.0087552e+00 
7.8700776e+00   1439547  1.0061659e+00 
7.8865056e+00   1441777  1.0018407e+00 
7.9029482e+00   1454193  9.9945916e-01 
7.9194041e+00   1456651  9.9526550e-01 
7.9358365e+00   1461357  9.9121728e-01 
7.9522857e+00   1472557  9.8793471e-01 
7.9687278e+00   1471645  9.8421299e-01 
7.9851609e+00   1483635  9.8038212e-01 
8.0016137e+00   1486885  9.7671455e-01 
8.0180685e+00   1496445  9.7315843e-01 
8.0344953e+00   1494487  9.7030803e-01 
8.0509214e+00   1507785  9.6590430e-01 
8.0673762e+00   1512529  9.6390889e-01 
8.0838192e+00   1517707  9.6062219e-01 
8.1002613e+00   1525077  9.5685759e-01 
8.1167081e+00   1530793  9.5238953e-01 
8.1331378e+00   1533885  9.4889845e-01 
8.1495856e+00   1547191  9.4509139e-01 
8.1660353e+00   1546641  9.4364234e-01 
8.1824618e+00   1554709  9.3838451e-01 
8.1989027e+00   1562539  9.3583712e-01 
8.2153437e+00   1566657  9.3309393e-01 
8.2317820e+00   1575301  9.2960281e-01 
8.2482314e+00   1580733  9.2860700e-01 
8.2646698e+00   1585843  9.2255137e-01 
8.2811101e+00   1594153  9.2010306e-01 
8.2975451e+00   1596969  9.1698486e-01 
8.3139975e+00   1610923  9.1264298e-01 
8.3304471e+00   1608045  9.1004294e-01 
8.3468765e+00   1620649  9.0653252e-01 
8.3633076e+00   1620795  9.0387180e-01 
8.3797531e+00   1635949  9.0096437e-01 
8.3962078e+00   1636129  8.9790016e-01 
8.4126442e+00   1644273  8.9374184e-01 
8.4290928e+00   1652407  8.9104092e-01 
8.4455480e+00   1657593  8.8861115e-01 
8.4619847e+00   1662145  8.8535236e-01 
8.4784114e+00   1668411  8.8270733e-01 
8.4948518e+00   1677397  8.7857666e-01 
8.5112976e+00   1683205  8.7561431e-01 
8.5277318e+00   1687497  8.7310017e-01 
8.5441735e+00   1698223  8.6962590e-01 
8.5606239e+00   1701765  8.6667921e-01 
8.5770760e+00   1712041  8.6341748e-01 
8.5935126e+00   1711831  8.6156887e-01 
8.6099490e+00   1724697  8.5839079e-01 
8.6263880e+00   1725685  8.5545804e-01 
8.6428227e+00   1737111  8.5273266e-01 
8.6592728e+00   1741861  8.4868114e-01 
8.6757125e+00   1748793  8.4687481e-01 
8.6921509e+00   1753621  8.4218658e-01 
8.7085953e+00   1764523  8.4146952e-01 
8.7250257e+00   1763601  8.3744857e-01 
8.7414581e+00   1777957  8.3489231e-01 
8.7579031e+00   1780011  8.3272348e-01 
8.7743518e+00   1791409  8.2990400e-01 
8.7907969e+00   1794117  8.2701627e-01 
8.8072524e+00   1805653  8.2322197e-01 
8.8236950e+00   1805623  8.2110181e-01 
8.8401267e+00   1816365  8.1819389e-01 
8.8565793e+00   1823797  8.1557054e-01 
8.8730249e+00   1828611  8.1342823e-01 
8.8894569e+00   1833685  8.1066682e-01 
8.9058937e+00   1844037  8.0824180e-01 
8.9223418e+00   1849177  8.0509480e-01 
8.9387826e+00   1856659  8.0222571e-01 
8.9552239e+00   1862529  7.9997856e-01 
8.9716499e+00   1866697  7.9809510e-01 
8.9880813e+00   1877955  7.9436263e-01 
9.0045361e+00   1885297  7.9234212e-01 
9.0209840e+00   1890565  7.8939900e-01 
9.0374230e+00   1896663  7.8746576e-01 
9.0538584e+00   1903669  7.8469726e-01 
9.0702925e+00   1910349  7.8146796e-01 
9.0867408e+00   1920517  7.7969542e-01 
9.1031903e+00   1925031  7.7546505e-01 
9.1196251e+00   1930333  7.7535776e-01 
9.1360794e+00   1943845  7.7194202e-01 
9.1525332e+00   1944711  7.6848282e-01 
9.1689468e+00   1947193  7.6714551e-01 
9.1853784e+00   1963905  7.6390865e-01 
9.2018301e+00   1965457  7.6163452e-01 
9.2182787e+00   1977807  7.6020644e-01 
9.2347236e+00   1978357  7.5747133e-01 
9.2511658e+00   1990621  7.5412059e-01 
9.2676108e+00   1994679  7.5266708e-01 
9.2840573e+00   2003473  7.5041110e-01 
9.3004966e+00   2008473  7.4674980e-01 
9.3169244e+00   2014027  7.4553906e-01 
9.3333676e+00   2026545  7.4363987e-01 
9.3498165e+00   2030485  7.4073272e-01 
9.3662489e+00   2035537  7.3907707e-01 
9.3826908e+00   2048271  7.3585914e-01 
9.3991456e+00   2052049  7.3373451e-01 
9.4155882e+00   2060529  7.3061323e-01 
9.4320299e+00   2065843  7.2825055e-01 
9.4484538e+00   2070145  7.2620025e-01 
9.4648785e+00   2080941  7.2447657e-01 
9.4813304e+00   2091085  7.2178202e-01 
9.4977771e+00   2094591  7.1977625e-01 
9.5142116e+00   2102233  7.1777078e-01 
9.5306537e+00   2110593  7.1512042e-01 
9.5471004e+00   2118763  7.1311864e-01 
9.5635341e+00   2121313  7.1105173e-01 
9.5799691e+00   2134197  7.0928747e-01 
9.5964092e+00   2136493  7.0632457e-01 
9.6128619e+00   2152539  7.0462835e-01 
9.6293107e+00   2150905  7.0230132e-01 
9.6457461e+00   2162493  6.9921943e-01 
9.6621938e+00   2169811  6.9734064e-01 
9.6786293e+00   2173273  6.9543551e-01 
9.6950643e+00   2185173  6.9299176e-01 
9.7115164e+00   2192431  6.9116925e-01 
9.7279619e+00   2197593  6.8917194e-01 
9.7444015e+00   2206813  6.8718088e-01 
9.7608410e+00   2211561  6.8493214e-01 
9.7772916e+00   2225683  6.8274700e-01 
9.7937329e+00   2222761  6.8010915e-01 
9.8101648e+00   2238657  6.7907901e-01 
9.8266047e+00   2240611  6.7651880e-01 
9.8430453e+00   2252505  6.7450688e-01 
9.8594817e+00   2255845  6.7315889e-01 
9.8759142e+00   2265253  6.7100800e-01 
9.8923583e+00   2275143  6.6887655e-01 
9.9088236e+00   2285713  6.6740558e-01 
9.9252601e+00   2282277  6.6421785e-01 
9.9416778e+00   2296099  6.6311718e-01 
9.9581343e+00   2307645  6.6057302e-01 
9.9745847e+00   2310073  6.5910462e-01 
9.9910298e+00   2321419  6.5679738e-01 
1.0007469e+01   2323209  6.5597344e-01 
1.0023910e+01   2337913  6.5363700e-01 
1.0040365e+01   2341713  6.5139187e-01 
1.0056805e+01   2349763  6.4929842e-01 
1.0073230e+01   2352573  6.4744100e-01 
1.0089673e+01   2369725  6.4527451e-01 
1.0106115e+01   2368519  6.4341036e-01 
1.0122546e+01   2381061  6.4184656e-01 
1.0139000e+01   2391997  6.3948671e-01 
1.0155451e+01   2394081  6.3725416e-01 
1.0171886e+01   2403871  6.3683987e-01 
1.0188319e+01   2409297  6.3462978e-01 
1.0204768e+01   2423149  6.3195879e-01 
1.0221224e+01   2427835  6.2990458e-01 
1.0237669e+01   2434545  6.2884436e-01 
1.0254102e+01   2441149  6.2696085e-01 
1.0270534e+01   2449191  6.2603419e-01 
1.0286983e+01   2461633  6.2293036e-01 
1.0303428e+01   2464441  6.2075161e-01 
1.0319845e+01   2468097  6.2017820e-01 
1.0336277e+01   2485999  6.1762289e-01 
1.0352736e+01   2490381  6.1605521e-01 
1.0369178e+01   2497897  6.1441963e-01 
1.0385609e+01   2502831  6.1277074e-01 
1.0402059e+01   2519065  6.1097087e-01 
1.0418514e+01   2520541  6.0946847e-01 
1.0434952e+01   2529381  6.0734918e-01 
1.0451392e+01   2537851  6.0546315e-01 
1.0467843e+01   2548197  6.0306949e-01 
1.0484287e+01   2551477  6.0251280e-01 
1.0500712e+01   2558919  6.0073812e-01 
1.0517133e+01   2565685  5.9858706e-01 
1.0533574e+01   2581681  5.9684088e-01 
1.0550031e+01   2586609  5.9523773e-01 
1.0566476e+01   2593915  5.9283600e-01 
1.0582911e+01   2599881  5.9220767e-01 
1.0599359e+01   2613469  5.9064158e-01 
1.0615805e+01   2616847  5.8877327e-01 
1.0632237e+01   2623749  5.8743049e-01 
1.0648679e+01   2637157  5.8508848e-01 
1.0665135e+01   2644347  5.8369061e-01 
1.0681573e+01   2647585  5.8166779e-01 
1.0697997e+01   2656581  5.8023938e-01 
1.0714441e+01   2669041  5.7855359e-01 
1.0730887e+01   2675287  5.7763984e-01 
1.0747328e+01   2682609  5.7572558e-01 
1.0763767e+01   2691769  5.7430490e-01 
1.0780201e+01   2697195  5.7301822e-01 
1.0796646e+01   2711077  5.7128718e-01 
1.0813103e+01   2719461  5.6983615e-01 
1.0829552e+01   2723005  5.6807705e-01 
1.0845990e+01   2733835  5.6643662e-01 
1.0862431e+01   2739657  5.6476626e-01 
1.0878864e+01   2748061  5.6328536e-01 
1.0895302e+01   2758371  5.6178843e-01 
1.0911748e+01   2766325  5.5977230e-01 
1.0928188e+01   2774241  5.5825648e-01 
1.0944636e+01   2784979  5.5740079e-01 
1.0961069e+01   2786053  5.5507789e-01 
1.0977513e+01   2805945  5.5388623e-01 
1.0993964e+01   2804113  5.5253852e-01 
1.1010400e+01   2818539  5.5109390e-01 
1.1026845e+01   2823733  5.4954755e-01 
1.1043284e+01   2833081  5.4777967e-01 
1.1059731e+01   2844183  5.4676477e-01 
1.1076175e+01   2847529  5.4475716e-01 
1.1092614e+01   2861157  5.4329972e-01 
1.1109055e+01   2863585  5.4189317e-01 
1.1125498e+01   2879571  5.3999158e-01 
1.1141944e+01   2881657  5.3940761e-01 
1.1158382e+01   2893309  5.3759195e-01 
1.1174827e+01   2902527  5.3715901e-01 
1.1191261e+01   2904373  5.3507508e-01 
1.1207680e+01   2915877  5.3347475e-01 
1.1224111e+01   2925247  5.3278085e-01 
1.1240570e+01   2943069  5.3046822e-01 
1.1257030e+01   2942677  5.2951759e-01 
1.1273468e+01   2952325  5.2769648e-01 
1.1289907e+01   2961027  5.2633227e-01 
1.1306353e+01   2970937  5.2508202e-01 
1.1322798e+01   2978853  5.2334887e-01 
1.1339228e+01   2982199  5.2183087e-01 
1.1355671e+01   3001233  5.2069063e-01 
1.1372129e+01   3005173  5.1930072e-01 
1.1388560e+01   3008233  5.1818506e-01 
1.1404992e+01   3023247  5.1666867e-01 
1.1421430e+01   3027997  5.1523051e-01 
1.1437879e+01   3044301  5.1408523e-01 
1.1454326e+01   3045127  5.1247951e-01 
1.1470769e+01   3060109  5.1082996e-01 
1.1487224e+01   3067401  5.0981407e-01 
1.1503662e+01   3070897  5.0886310e-01 
1.1520101e+01   3085791  5.0748664e-01 
1.1536542e+01   3089425  5.0613692e-01 
1.1552979e+01   3100845  5.0449507e-01 
1.1569428e+01   3112795  5.0356179e-01 
1.1585871e+01   3115357  5.0168592e-01 
1.1602308e+01   3129021  5.0087991e-01 
1.1618736e+01   3129187  4.9957559e-01 
1.1635167e+01   3147525  4.9832941e-01 
1.1651627e+01   3159073  4.9690335e-01 
1.1668079e+01   3161457  4.9599984e-01 
1.1684516e+01   3171499  4.9487541e-01 
1.1700953e+01   3178765  4.9314289e-01 
1.1717383e+01   3187437  4.9208256e-01 
1.1733816e+01   3197371  4.9008285e-01 
1.1750260e+01   3209433  4.8866032e-01 
1.1766700e+01   3214333  4.8788191e-01 
1.1783144e+01   3228441  4.8667719e-01 
1.1799588e+01   3233203  4.8591493e-01 
1.1816033e+01   3245605  4.8465430e-01 
1.1832480e+01   3252789  4.8298344e-01 
1.1848911e+01   3257875  4.8171613e-01 
1.1865350e+01   3272709  4.8052482e-01 
1.1881795e+01   3279373  4.7922222e-01 
1.1898233e+01   3287587  4.7791237e-01 
1.1914675e+01   3299625  4.7746453e-01 
1.1931131e+01   3311521  4.7627164e-01 
1.1947582e+01   3314685  4.7481689e-01 
1.1964016e+01   3324415  4.7287478e-01 
1.1980455e+01   3333945  4.7245105e-01 
1.1996900e+01   3345673  4.7134561e-01 
1.2013335e+01   3348667  4.7020727e-01 
1.2029777e+01   3365553  4.6899255e-01 
1.2046223e+01   3369649  4.6728238e-01 
1.2062665e+01   3381933  4.6662877e-01 
1.2079111e+01   3390139  4.6534131e-01 
1.2095543e+01   3394641  4.6380624e-01 
1.2111983e+01   3410917  4.6266782e-01 
1.2128427e+01   3415939  4.6208922e-01 
1.2144869e+01   3427497  4.6080543e-01 
1.2161310e+01   3435817  4.5958201e-01 
1.2177748e+01   3443223  4.5799987e-01 
1.2194191e+01   3456721  4.5711097e-01 
1.2210641e+01   3465909  4.5583150e-01 
1.2227085e+01   3471721  4.5485482e-01 
1.2243522e+01   3481891  4.5364577e-01 
1.2259959e+01   3490041  4.5245866e-01 
1.2276400e+01   3503713  4.5174370e-01 
1.2292846e+01   3510111  4.5049678e-01 
1.2309288e+01   3520033  4.4900937e-01 
1.2325725e+01   3527569  4.4834386e-01 
1.2342165e+01   3540405  4.4720650e-01 
1.2358615e+01   3550231  4.4598536e-01 
1.2375052e+01   3553917  4.4478451e-01 
1.2391490e+01   3568753  4.4399578e-01 
1.2407934e+01   3576999  4.4310081e-01 
1.2424376e+01   3585421  4.4201212e-01 
1.2440822e+01   3598681  4.4056803e-01 
1.2457270e+01   3604473  4.3971038e-01 
1.2473712e+01   3615655  4.3835321e-01 
1.2490148e+01   3621525  4.3741373e-01 
1.2506592e+01   3636649  4.3590504e-01 
1.2523036e+01   3642387  4.3540022e-01 
1.2539468e+01   3648541  4.3363965e-01 
1.2555912e+01   3668629  4.3309886e-01 
1.2572357e+01   3667707  4.3234922e-01 
1.2588792e+01   3682657  4.3109823e-01 
1.2605229e+01   3688881  4.3005541e-01 
1.2621669e+01   3701749  4.2948112e-01 
1.2638111e+01   3710599  4.2764967e-01 
1.2654551e+01   3719361  4.2698568e-01 
1.2670991e+01   3729961  4.2562733e-01 
1.2687440e+01   3743475  4.2445022e-01 
1.2703881e+01   3744913  4.2351491e-01 
1.2720314e+01   3759513  4.2316116e-01 
1.2736753e+01   3766669  4.2193593e-01 
1.2753193e+01   3779983  4.2092948e-01 
1.2769642e+01   3790461  4.1967709e-01 
1.2786089e+01   3797989  4.1854036e-01 
1.2802526e+01   3805767  4.1766047e-01 
1.2818977e+01   3823429  4.1706051e-01 
1.2835419e+01   3822189  4.1552925e-01 
1.2851855e+01   3839947  4.1505490e-01 
1.2868296e+01   3843517  4.1393451e-01 
1.2884736e+01   3859965  4.1254798e-01 
1.2901193e+01   3870265  4.1169074e-01 
1.2917622e+01   3867603  4.1067180e-01 
1.2934054e+01   3890533  4.0993216e-01 
1.2950499e+01   3893481  4.0908812e-01 
1.2966938e+01   3908431  4.0798398e-01 
1.2983387e+01   3916477  4.0714413e-01 
1.2999830e+01   3927381  4.0612759e-01 
1.3016262e+01   3929269  4.0497354e-01 
1.3032707e+01   3954687  4.0416514e-01 
1.3049152e+01   3948889  4.0306355e-01 
1.3065587e+01   3969133  4.0248999e-01 
1.3082032e+01   3974883  4.0162245e-01 
1.3098476e+01   3987133  4.0059264e-01 
1.3114914e+01   3993957  3.9927707e-01 
1.3131356e+01   4007377  3.9868510e-01 
1.3147808e+01   4019439  3.9768832e-01 
1.3164251e+01   4023241  3.9691863e-01 
1.3180690e+01   4037425  3.9578215e-01 
1.3197128e+01   4043343  3.9483870e-01 
1.3213566e+01   4056925  3.9377780e-01 
1.3230004e+01   4063737  3.9330484e-01 
1.3246441e+01   4076791  3.9224266e-01 
1.3262898e+01   4093677  3.9155839e-01 
1.3279345e+01   4092769  3.9037298e-01 
1.3295783e+01   4108105  3.8921011e-01 
1.3312218e+01   4113075  3.8865887e-01 
1.3328655e+01   4128817  3.8757810e-01 
1.3345096e+01   4134873  3.8707273e-01 
1.3361534e+01   4148731  3.8588784e-01 
1.3377979e+01   4157973  3.8516307e-01 
1.3394430e+01   4172869  3.8384460e-01 
1.3410882e+01   4178353  3.8328343e-01 
1.3427319e+01   4186107  3.8239773e-01 
1.3443756e+01   4199497  3.8167995e-01 
1.3460194e+01   4205565  3.8059668e-01 
1.3476630e+01   4220875  3.7971917e-01 
1.3493070e+01   4225933  3.7906626e-01 
1.3509525e+01   4251717  3.7812999e-01 
1.3525973e+01   4241443  3.7729581e-01 
1.3542408e+01   4265589  3.7650243e-01 
1.3558845e+01   4264249  3.7555929e-01 
1.3575281e+01   4284381  3.7491180e-01 
1.3591733e+01   4294687  3.7373236e-01 
1.3608175e+01   4298641  3.7283997e-01 
1.3624615e+01   4316037  3.7185712e-01 
1.3641058e+01   4319971  3.7092317e-01 
1.3657498e+01   4334721  3.7046758e-01 
1.3673940e+01   4343569  3.6941198e-01 
1.3690384e+01   4355217  3.6877171e-01 
1.3706818e+01   4359871  3.6798224e-01 
1.3723254e+01   4376533  3.6693350e-01 
1.3739697e+01   4384953  3.6627200e-01 
1.3756138e+01   4397167  3.6550009e-01 
1.3772579e+01   4404441  3.6467337e-01 
1.3789025e+01   4422121  3.6379918e-01 
1.3805467e+01   4423419  3.6324553e-01 
1.3821899e+01   4437157  3.6218101e-01 
1.3838348e+01   4454329  3.6168366e-01 
1.3854801e+01   4459389  3.6049520e-01 
1.3871227e+01   4462087  3.5974510e-01 
1.3887666e+01   4487157  3.5915516e-01 
1.3904114e+01   4487845  3.5827760e-01 
1.3920549e+01   4502311  3.5757141e-01 
1.3936998e+01   4515609  3.5676996e-01 
1.3953444e+01   4523293  3.5616285e-01 
1.3969882e+01   4530525  3.5554554e-01 
1.3986314e+01   4543075  3.5437474e-01 
1.4002750e+01   4553601  3.5388345e-01 
1.4019203e+01   4573213  3.5272725e-01 
1.4035643e+01   4569475  3.5245134e-01 
1.4052080e+01   4591089  3.5131497e-01 
1.4068524e+01   4596253  3.5057822e-01 
1.4084960e+01   4606701  3.4970487e-01 
1.4101403e+01   4623319  3.4908559e-01 
1.4117848e+01   4628589  3.4836295e-01 
1.4134293e+01   4644337  3.4749409e-01 
1.4150740e+01   4652227  3.4657779e-01 
1.4167179e+01   4660413  3.4591072e-01 
1.4183624e+01   4678945  3.4520472e-01 
1.4200081e+01   4687191  3.4479970e-01 
1.4216525e+01   4694245  3.4392893e-01 
1.4232950e+01   4698025  3.4278155e-01 
1.4249382e+01   4719597  3.4233663e-01 
1.4265824e+01   4725775  3.4166310e-01 
1.4282265e+01   4739961  3.4095262e-01 
1.4298712e+01   4752325  3.4018847e-01 
1.4315154e+01   4759023  3.3935348e-01 
1.4331599e+01   4774237  3.3864235e-01 
1.4348040e+01   4780405  3.3814703e-01 
1.4364476e+01   4792101  3.3733248e-01 
1.4380920e+01   4807663  3.3637232e-01 
1.4397368e+01   4816401  3.3589390e-01 
1.4413807e+01   4823509  3.3508603e-01 
1.4430248e+01   4840743  3.3420936e-01 
1.4446693e+01   4846849  3.3374744e-01 
1.4463127e+01   4857709  3.3304888e-01 
1.4479568e+01   4871907  3.3230835e-01 
1.4496011e+01   4881601  3.3140000e-01 
1.4512454e+01   4894389  3.3093647e-01 
1.4528896e+01   4901329  3.3024423e-01 
1.4545329e+01   4913583  3.2935739e-01 
1.4561780e+01   4932313  3.2859984e-01 
1.4578221e+01   4931233  3.2798399e-01 
1.4594654e+01   4949439  3.2764000e-01 
1.4611099e+01   4960093  3.2670704e-01 
1.4627549e+01   4975845  3.2628963e-01 
1.4643986e+01   4973809  3.2552008e-01 
1.4660424e+01   4999375  3.2450096e-01 
1.4676868e+01   4999281  3.2378984e-01 
1.4693310e+01   5020633  3.2332084e-01 
1.4709759e+01   5026719  3.2283263e-01 
1.4726199e+01   5036893  3.2203904e-01 
1.4742643e+01   5052285  3.2103966e-01 
1.4759077e+01   5052547  3.2093450e-01 
1.4775512e+01   5075413  3.2002267e-01 
1.4791960e+01   5084049  3.1952527e-01 
1.4808394e+01   5088469  3.1868565e-01 
1.4824829e+01   5108391  3.1804414e-01 
1.4841279e+01   5118805  3.1721037e-01 
1.4857729e+01   5132721  3.1643507e-01 
1.4874168e+01   5134123  3.1624955e-01 
1.4890598e+01   5148289  3.1559712e-01 
1.4907045e+01   5169609  3.1459739e-01 
1.4923494e+01   5170585  3.1422384e-01 
1.4939933e+01   5188107  3.1321216e-01 
1.4956381e+01   5197321  3.1276856e-01 
1.4972817e+01   5204481  3.1191183e-01 
1.4989249e+01   5217199  3.1167184e-01 
1.5005692e+01   5233909  3.1096549e-01 
1.5022139e+01   5244033  3.1034140e-01 
1.5038578e+01   5250349  3.0963633e-01 
1.5055017e+01   5267823  3.0879018e-01 
1.5071468e+01   5280397  3.0858780e-01 
1.5087908e+01   5284129  3.0812226e-01 
1.5104335e+01   5295771  3.0716518e-01 
1.5120780e+01   5317405  3.0641442e-01 
1.5137232e+01   5324901  3.0608749e-01 
1.5153675e+01   5333755  3.0532662e-01 
1.5170115e+01   5345937  3.0464980e-01 
1.5186558e+01   5359657  3.0396804e-01 
1.5202999e+01   5366821  3.0354941e-01 
1.5219436e+01   5382075  3.0310803e-01 
1.5235879e+01   5392261  3.0242763e-01 
1.5252325e+01   5407353  3.0159091e-01 
1.5268764e+01   5412259  3.0088670e-01 
1.5285199e+01   5426973  3.0030373e-01 
1.5301652e+01   5448109  2.9993467e-01 
1.5318098e+01   5444749  2.9916139e-01 
1.5334529e+01   5462499  2.9856706e-01 
1.5350972e+01   5476897  2.9796327e-01 
1.5367421e+01   5487741  2.9746300e-01 
1.5383850e+01   5489011  2.9696713e-01 
1.5400292e+01   5517945  2.9624555e-01 
1.5416747e+01   5523913  2.9561617e-01 
1.5433187e+01   5529295  2.9507302e-01 
1.5449617e+01   5541585  2.9450885e-01 
1.5466049e+01   5554501  2.9404370e-01 
1.5482493e+01   5571717  2.9349208e-01 
1.5498948e+01   5587903  2.9286012e-01 
1.5515389e+01   5584453  2.9242118e-01 
1.5531826e+01   5609505  2.9169367e-01 
1.5548272e+01   5613739  2.9128258e-01 
1.5564703e+01   5622837  2.9055524e-01 
1.5581143e+01   5644501  2.9018209e-01 
1.5597584e+01   5646693  2.8905710e-01 
1.5614024e+01   5668363  2.8874653e-01 
1.5630474e+01   5677237  2.8811196e-01 
1.5646919e+01   5688513  2.8773061e-01 
1.5663358e+01   5696839  2.8712684e-01 
1.5679803e+01   5716845  2.8657364e-01 
1.5696249e+01   5721301  2.8583882e-01 
1.5712684e+01   5733921  2.8552635e-01 
1.5729129e+01   5751391  2.8502425e-01 
1.5745567e+01   5753065  2.8447875e-01 
1.5762010e+01   5778813  2.8389266e-01 
1.5778451e+01   5777623  2.8322628e-01 
1.5794884e+01   5794701  2.8275289e-01 
1.5811332e+01   5813953  2.8233450e-01 
1.5827775e+01   5814963  2.8160693e-01 
1.5844216e+01   5836669  2.8099605e-01 
1.5860663e+01   5843749  2.8033390e-01 
1.5877110e+01   5859633  2.7990376e-01 
1.5893551e+01   5865199  2.7960399e-01 
1.5909984e+01   5877273  2.7915562e-01 
1.5926423e+01   5894521  2.7851128e-01 
1.5942870e+01   5907055  2.7781626e-01 
1.5959317e+01   5918409  2.7744470e-01 
1.5975751e+01   5923525  2.7678462e-01 
1.5992190e+01   5944341  2.7635604e-01 
1.6008634e+01   5952907  2.7576263e-01 
1.6025064e+01   5958177  2.7514302e-01 
1.6041507e+01   5986729  2.7455705e-01 
1.6057961e+01   5991607  2.7414063e-01 
1.6074397e+01   5997009  2.7369556e-01 
1.6090834e+01   6017809  2.7320141e-01 
1.6107287e+01   6032451  2.7270124e-01 
1.6123732e+01   6036661  2.7213681e-01 
1.6140164e+01   6048429  2.7160367e-01 
1.6156608e+01   6069241  2.7097801e-01 
1.6173051e+01   6072799  2.7066748e-01 
1.6189485e+01   6087333  2.7010450e-01 
1.6205923e+01   6100189  2.6964025e-01 
1.6222357e+01   6110199  2.6909287e-01 
1.6238808e+01   6135469  2.6878751e-01 
1.6255257e+01   6135757  2.6794414e-01 
1.6271696e+01   6151389  2.6765535e-01 
1.6288137e+01   6163015  2.6719454e-01 
1.6304574e+01   6172905  2.6649976e-01 
1.6321021e+01   6194425  2.6614551e-01 
1.6337463e+01   6196047  2.6558993e-01 
1.6353903e+01   6216145  2.6499768e-01 
1.6370354e+01   6230473  2.6436473e-01 
1.6386794e+01   6232095  2.6417124e-01 
1.6403226e+01   6249913  2.6367069e-01 
1.6419670e+01   6266493  2.6333060e-01 
1.6436110e+01   6270925  2.6245675e-01 
1.6452549e+01   6292635  2.6221718e-01 
1.6469004e+01   6306181  2.6194969e-01 
1.6485446e+01   6309697  2.6128691e-01 
1.6501881e+01   6324579  2.6067183e-01 
1.6518325e+01   6342217  2.6025781e-01 
1.6534765e+01   6347277  2.5990553e-01 
1.6551201e+01   6364285  2.5928772e-01 
1.6567645e+01   6378303  2.5883815e-01 
1.6584080e+01   6382993  2.5830959e-01 
1.6600517e+01   6404353  2.5795075e-01 
1.6616958e+01   6412287  2.5736597e-01 
1.6633401e+01   6430825  2.5695805e-01 
1.6649852e+01   6444501  2.5664539e-01 
1.6666291e+01   6446653  2.5611628e-01 
1.6682729e+01   6469255  2.5547161e-01 
1.6699173e+01   6477417  2.5527972e-01 
1.6715616e+01   6491929  2.5443943e-01 
1.6732056e+01   6503031  2.5423443e-01 
1.6748502e+01   6521089  2.5358838e-01 
1.6764947e+01   6527925  2.5329236e-01 
1.6781376e+01   6533347  2.5299314e-01 
1.6797810e+01   6557797  2.5234150e-01 
1.6814259e+01   6572589  2.5202267e-01 
1.6830706e+01   6579466  2.5155233e-01 
