# Power spectrum from CO𝘕CEPT job 2442552 at t = 13.829303 Gyr, a = 1.
# 
# Below, the following component mapping is used:
#   GADGET halo: 0
# 
#             grid size 4096            
# ╭────────────────────────────────────╮
#                          component 0  
#                         σ₈ = 9.34e-01 
#  k [Mpc⁻¹]     modes     power [Mpc³] 
1.0277671e-03          3  1.9220973e+04 
1.5841473e-03         10  2.8136574e+04 
2.3686870e-03         27  3.9480979e+04 
3.1910432e-03         45  4.9314062e+04 
3.9557888e-03         67  5.6823113e+04 
4.8542623e-03        141  6.4341733e+04 
5.9066261e-03        217  7.1310719e+04 
6.9284453e-03        265  7.6576456e+04 
7.9209695e-03        375  8.0151598e+04 
8.9440751e-03        469  8.2560258e+04 
9.9508253e-03        573  8.3624603e+04 
1.0940639e-02        679  8.4539697e+04 
1.1974215e-02        889  8.4267466e+04 
1.3040546e-02       1053  8.3276345e+04 
1.4057514e-02       1105  8.1897255e+04 
1.5101348e-02       1467  7.9899199e+04 
1.6150884e-02       1501  7.7808021e+04 
1.7160244e-02       1737  7.5625330e+04 
1.8192342e-02       2011  7.2903906e+04 
1.9205678e-02       2077  7.0370424e+04 
2.0224263e-02       2517  6.7353210e+04 
2.1247541e-02       2575  6.4861788e+04 
2.2279686e-02       3081  6.2345335e+04 
2.3309905e-02       3133  5.9843006e+04 
2.4327386e-02       3525  5.7571612e+04 
2.5361832e-02       3895  5.5414301e+04 
2.6383710e-02       4009  5.3334100e+04 
2.7412758e-02       4617  5.1534282e+04 
2.8436154e-02       4627  4.9580078e+04 
2.9460600e-02       5289  4.7918874e+04 
3.0502064e-02       5581  4.6170606e+04 
3.1534719e-02       5901  4.4837497e+04 
3.2559454e-02       6295  4.3593554e+04 
3.3578933e-02       6601  4.2577057e+04 
3.4601973e-02       7161  4.1387662e+04 
3.5629608e-02       7531  4.0605617e+04 
3.6660461e-02       8037  3.9662863e+04 
3.7690042e-02       8437  3.9020607e+04 
3.8711215e-02       8827  3.8269884e+04 
3.9740777e-02       9513  3.7441771e+04 
4.0778918e-02       9961  3.6781267e+04 
4.1810708e-02      10389  3.6052203e+04 
4.2820542e-02      10567  3.5660447e+04 
4.3844531e-02      11685  3.4860795e+04 
4.4891448e-02      12169  3.4153102e+04 
4.5907660e-02      12091  3.3815426e+04 
4.6931676e-02      13413  3.2966712e+04 
4.7962575e-02      13501  3.2208811e+04 
4.8983598e-02      14241  3.1460765e+04 
5.0016474e-02      15067  3.0950732e+04 
5.1046764e-02      15393  3.0368743e+04 
5.2073996e-02      16189  2.9465801e+04 
5.3102565e-02      16783  2.8630389e+04 
5.4138339e-02      17637  2.7904539e+04 
5.5161522e-02      17785  2.6899076e+04 
5.6186144e-02      18945  2.6264014e+04 
5.7219652e-02      19543  2.5542299e+04 
5.8241889e-02      19909  2.4780708e+04 
5.9266296e-02      20985  2.4116384e+04 
6.0294934e-02      21595  2.3458983e+04 
6.1323156e-02      22389  2.2875339e+04 
6.2346198e-02      22945  2.2466316e+04 
6.3372449e-02      23955  2.1427378e+04 
6.4410448e-02      25069  2.0919530e+04 
6.5437924e-02      25117  2.0443588e+04 
6.6462671e-02      26457  1.9803450e+04 
6.7493819e-02      27091  1.9438597e+04 
6.8518744e-02      27765  1.8897238e+04 
6.9548194e-02      29017  1.8613029e+04 
7.0577185e-02      29511  1.8329220e+04 
7.1600725e-02      30301  1.7931767e+04 
7.2622717e-02      31225  1.7726408e+04 
7.3649080e-02      32337  1.7355055e+04 
7.4676050e-02      33055  1.7091758e+04 
7.5705333e-02      34317  1.6855257e+04 
7.6736929e-02      34981  1.6572293e+04 
7.7759118e-02      35727  1.6364721e+04 
7.8790757e-02      37369  1.6064633e+04 
7.9825056e-02      37969  1.5841056e+04 
8.0850401e-02      38619  1.5756909e+04 
8.1876986e-02      40033  1.5597325e+04 
8.2908874e-02      41133  1.5390734e+04 
8.3941302e-02      41929  1.5156418e+04 
8.4961569e-02      42391  1.4974840e+04 
8.5984606e-02      44049  1.4705529e+04 
8.7015996e-02      45313  1.4700775e+04 
8.8041055e-02      45627  1.4484803e+04 
8.9067640e-02      47497  1.4219313e+04 
9.0097226e-02      48213  1.3994425e+04 
9.1126490e-02      49525  1.3822005e+04 
9.2157580e-02      50779  1.3569457e+04 
9.3184817e-02      51333  1.3365521e+04 
9.4209806e-02      52777  1.3166481e+04 
9.5237325e-02      53979  1.3015259e+04 
9.6266749e-02      55237  1.2727249e+04 
9.7292107e-02      56001  1.2479510e+04 
9.8318116e-02      57559  1.2304395e+04 
9.9345005e-02      58501  1.2157301e+04 
1.0037463e-01      60453  1.1875039e+04 
1.0140156e-01      60469  1.1697542e+04 
1.0242458e-01      62547  1.1456125e+04 
1.0345717e-01      64069  1.1308774e+04 
1.0448812e-01      64965  1.1129899e+04 
1.0551205e-01      65767  1.0963707e+04 
1.0653682e-01      67453  1.0782180e+04 
1.0756589e-01      69153  1.0644047e+04 
1.0859336e-01      69721  1.0468309e+04 
1.0962169e-01      72051  1.0270350e+04 
1.1064898e-01      72145  1.0184537e+04 
1.1167568e-01      74641  9.9657947e+03 
1.1270655e-01      75663  9.9490452e+03 
1.1373637e-01      77077  9.8286630e+03 
1.1476117e-01      77817  9.6952794e+03 
1.1578498e-01      79573  9.6124892e+03 
1.1681368e-01      81555  9.4736299e+03 
1.1784493e-01      82765  9.3436006e+03 
1.1887223e-01      83761  9.2484120e+03 
1.1989950e-01      85815  9.1570376e+03 
1.2093158e-01      87289  9.0697177e+03 
1.2195964e-01      88341  9.0051310e+03 
1.2298655e-01      89911  8.9217779e+03 
1.2401153e-01      91029  8.8485015e+03 
1.2503766e-01      93157  8.7484078e+03 
1.2606570e-01      94405  8.6299970e+03 
1.2709179e-01      95955  8.5595091e+03 
1.2811693e-01      97225  8.4638332e+03 
1.2914494e-01      99609  8.4291587e+03 
1.3018006e-01     101923  8.3489406e+03 
1.3120842e-01     101325  8.2200398e+03 
1.3222973e-01     103885  8.1696827e+03 
1.3325935e-01     106033  8.0740884e+03 
1.3429016e-01     107511  7.9762755e+03 
1.3531783e-01     108745  7.9184091e+03 
1.3634539e-01     110541  7.8638186e+03 
1.3737047e-01     111859  7.7773912e+03 
1.3839761e-01     114001  7.6819950e+03 
1.3942557e-01     115809  7.5919372e+03 
1.4045513e-01     117511  7.5461695e+03 
1.4148169e-01     118533  7.4283013e+03 
1.4250743e-01     120985  7.3848797e+03 
1.4353754e-01     122781  7.3024873e+03 
1.4456540e-01     124231  7.2056642e+03 
1.4558933e-01     125149  7.1360622e+03 
1.4661568e-01     128493  7.1006442e+03 
1.4764768e-01     130087  6.9809463e+03 
1.4867848e-01     131817  6.9061232e+03 
1.4970158e-01     131857  6.8488620e+03 
1.5072881e-01     136293  6.8161974e+03 
1.5176157e-01     137323  6.7300309e+03 
1.5278681e-01     137773  6.6966890e+03 
1.5381284e-01     141333  6.6385501e+03 
1.5483828e-01     141415  6.5568045e+03 
1.5586590e-01     145533  6.4982938e+03 
1.5689538e-01     146005  6.4512490e+03 
1.5792086e-01     148093  6.3771435e+03 
1.5894856e-01     150483  6.3061721e+03 
1.5997478e-01     151585  6.2981721e+03 
1.6100109e-01     154305  6.2324526e+03 
1.6203281e-01     157411  6.2063298e+03 
1.6306386e-01     157797  6.1437308e+03 
1.6409063e-01     160189  6.0811159e+03 
1.6511851e-01     162331  6.0590014e+03 
1.6614821e-01     164565  5.9969733e+03 
1.6717524e-01     165709  5.9593494e+03 
1.6820125e-01     168033  5.9259353e+03 
1.6922867e-01     170731  5.8848539e+03 
1.7025496e-01     171465  5.8353977e+03 
1.7128065e-01     174709  5.7762090e+03 
1.7231023e-01     177115  5.7574978e+03 
1.7333872e-01     178305  5.7079597e+03 
1.7436667e-01     181561  5.6431687e+03 
1.7539504e-01     182277  5.6193507e+03 
1.7642275e-01     185947  5.5576151e+03 
1.7745279e-01     187317  5.5284521e+03 
1.7847978e-01     189121  5.4871997e+03 
1.7950520e-01     191239  5.4404915e+03 
1.8053287e-01     194145  5.4002332e+03 
1.8156040e-01     195853  5.3783474e+03 
1.8258956e-01     198987  5.3564095e+03 
1.8361831e-01     200233  5.3085093e+03 
1.8464460e-01     202645  5.2516889e+03 
1.8567017e-01     204213  5.2363621e+03 
1.8669799e-01     208231  5.1801788e+03 
1.8772675e-01     209097  5.1488188e+03 
1.8875115e-01     211153  5.1043767e+03 
1.8977849e-01     214803  5.0968398e+03 
1.9081123e-01     217957  5.0508633e+03 
1.9184158e-01     218809  5.0223524e+03 
1.9286460e-01     219213  4.9950166e+03 
1.9388844e-01     223987  4.9360296e+03 
1.9491979e-01     227181  4.9078920e+03 
1.9595044e-01     228373  4.8765096e+03 
1.9697614e-01     230163  4.8374826e+03 
1.9800300e-01     233149  4.8286626e+03 
1.9903198e-01     236353  4.7786130e+03 
2.0005804e-01     236523  4.7555501e+03 
2.0108473e-01     241597  4.7499088e+03 
2.0211550e-01     243405  4.7078932e+03 
2.0314127e-01     243829  4.6845677e+03 
2.0416693e-01     248871  4.6583134e+03 
2.0519561e-01     249817  4.6015281e+03 
2.0622389e-01     253921  4.5867793e+03 
2.0725259e-01     254943  4.5589020e+03 
2.0828027e-01     258601  4.5194642e+03 
2.0930812e-01     260097  4.5191031e+03 
2.1033575e-01     263485  4.4803989e+03 
2.1136202e-01     264715  4.4492602e+03 
2.1238709e-01     267897  4.4428296e+03 
2.1341738e-01     272641  4.4103294e+03 
2.1444675e-01     272763  4.3816635e+03 
2.1547221e-01     275641  4.3405316e+03 
2.1649860e-01     278613  4.3375084e+03 
2.1752638e-01     281677  4.3021876e+03 
2.1855577e-01     284779  4.2844433e+03 
2.1958308e-01     285945  4.2491601e+03 
2.2060976e-01     289597  4.2366447e+03 
2.2163897e-01     293091  4.2178684e+03 
2.2266963e-01     295573  4.1938353e+03 
2.2369746e-01     297165  4.1618767e+03 
2.2472390e-01     300007  4.1290670e+03 
2.2575270e-01     304081  4.1253338e+03 
2.2678091e-01     305409  4.1054578e+03 
2.2780787e-01     308569  4.0852201e+03 
2.2883517e-01     311487  4.0483448e+03 
2.2985995e-01     312265  4.0428776e+03 
2.3088549e-01     317853  4.0167924e+03 
2.3191393e-01     319639  3.9910045e+03 
2.3294470e-01     324745  3.9908444e+03 
2.3397524e-01     325617  3.9545066e+03 
2.3500175e-01     327517  3.9403297e+03 
2.3602755e-01     331287  3.9144940e+03 
2.3705605e-01     334717  3.8942487e+03 
2.3808291e-01     336025  3.8765186e+03 
2.3911016e-01     341055  3.8612019e+03 
2.4013815e-01     342073  3.8348394e+03 
2.4116469e-01     346245  3.8227495e+03 
2.4219409e-01     349531  3.8010661e+03 
2.4322156e-01     351117  3.7673901e+03 
2.4424833e-01     355009  3.7591277e+03 
2.4527632e-01     357733  3.7434216e+03 
2.4630355e-01     360723  3.7151060e+03 
2.4733037e-01     363193  3.7068098e+03 
2.4835830e-01     367737  3.6807727e+03 
2.4938795e-01     370639  3.6864796e+03 
2.5041572e-01     372045  3.6576236e+03 
2.5144071e-01     375157  3.6439732e+03 
2.5246858e-01     379981  3.6250717e+03 
2.5349808e-01     382887  3.6087444e+03 
2.5452526e-01     384229  3.5918769e+03 
2.5555286e-01     389241  3.5733372e+03 
2.5658200e-01     392131  3.5544241e+03 
2.5760985e-01     394093  3.5409700e+03 
2.5863678e-01     398097  3.5301812e+03 
2.5966277e-01     399241  3.5155300e+03 
2.6068958e-01     405435  3.4982908e+03 
2.6171812e-01     406945  3.4804324e+03 
2.6274798e-01     412569  3.4728158e+03 
2.6377508e-01     411559  3.4527394e+03 
2.6479972e-01     416701  3.4325369e+03 
2.6583141e-01     424197  3.4213979e+03 
2.6686058e-01     420823  3.4134518e+03 
2.6788530e-01     426933  3.3886530e+03 
2.6891259e-01     429841  3.3881837e+03 
2.6994051e-01     433773  3.3641547e+03 
2.7096837e-01     436555  3.3591023e+03 
2.7199612e-01     440221  3.3297135e+03 
2.7302394e-01     443265  3.3218599e+03 
2.7405194e-01     447115  3.2997840e+03 
2.7507948e-01     449457  3.2999722e+03 
2.7610481e-01     451981  3.2879320e+03 
2.7713141e-01     457305  3.2617856e+03 
2.7816019e-01     460615  3.2536629e+03 
2.7918885e-01     464221  3.2413651e+03 
2.8021482e-01     464661  3.2318860e+03 
2.8124268e-01     473167  3.2211203e+03 
2.8227376e-01     474093  3.2049853e+03 
2.8330106e-01     476953  3.1901974e+03 
2.8432662e-01     479359  3.1884649e+03 
2.8535442e-01     485745  3.1716574e+03 
2.8638510e-01     489289  3.1524546e+03 
2.8741162e-01     488529  3.1484591e+03 
2.8843641e-01     495211  3.1226655e+03 
2.8946599e-01     499569  3.1255095e+03 
2.9049513e-01     502105  3.1146779e+03 
2.9152215e-01     504775  3.0984157e+03 
2.9254951e-01     509433  3.0800987e+03 
2.9357721e-01     512269  3.0758463e+03 
2.9460546e-01     516801  3.0601035e+03 
2.9563409e-01     520531  3.0508678e+03 
2.9666007e-01     521037  3.0411969e+03 
2.9768703e-01     528625  3.0332982e+03 
2.9871654e-01     531115  3.0167743e+03 
2.9974299e-01     532593  3.0120767e+03 
3.0076950e-01     538861  2.9911432e+03 
3.0179682e-01     540411  2.9833367e+03 
3.0282534e-01     547549  2.9732762e+03 
3.0385425e-01     548445  2.9695877e+03 
3.0488264e-01     554257  2.9461008e+03 
3.0591138e-01     556435  2.9447440e+03 
3.0693768e-01     558897  2.9311347e+03 
3.0796566e-01     565861  2.9231414e+03 
3.0899343e-01     566487  2.9167606e+03 
3.1002163e-01     573277  2.9014908e+03 
3.1104876e-01     573493  2.8885189e+03 
3.1207447e-01     578769  2.8803623e+03 
3.1310221e-01     583735  2.8663539e+03 
3.1412984e-01     586221  2.8657578e+03 
3.1515807e-01     591961  2.8529657e+03 
3.1618564e-01     593547  2.8417561e+03 
3.1721317e-01     599041  2.8359627e+03 
3.1824158e-01     603025  2.8251141e+03 
3.1926929e-01     605421  2.8123404e+03 
3.2029663e-01     610711  2.8001739e+03 
3.2132432e-01     613533  2.8000346e+03 
3.2235281e-01     619525  2.7840248e+03 
3.2338032e-01     620523  2.7726787e+03 
3.2440823e-01     627457  2.7608441e+03 
3.2543584e-01     628417  2.7561197e+03 
3.2646280e-01     634467  2.7506382e+03 
3.2749211e-01     639445  2.7362168e+03 
3.2852003e-01     640677  2.7359953e+03 
3.2954708e-01     646189  2.7203946e+03 
3.3057424e-01     649251  2.7102090e+03 
3.3160112e-01     653713  2.7073457e+03 
3.3262868e-01     658129  2.6948879e+03 
3.3365723e-01     663243  2.6871782e+03 
3.3468425e-01     664201  2.6816587e+03 
3.3571188e-01     672465  2.6697334e+03 
3.3674026e-01     673069  2.6588001e+03 
3.3776781e-01     679759  2.6536278e+03 
3.3879511e-01     681129  2.6427374e+03 
3.3982252e-01     687793  2.6392651e+03 
3.4085065e-01     691071  2.6313872e+03 
3.4187792e-01     694177  2.6235898e+03 
3.4290619e-01     701373  2.6140249e+03 
3.4393273e-01     700027  2.6111460e+03 
3.4495940e-01     709645  2.5957801e+03 
3.4598799e-01     711729  2.5859388e+03 
3.4701584e-01     716233  2.5873826e+03 
3.4804400e-01     721635  2.5692261e+03 
3.4907215e-01     723985  2.5668982e+03 
3.5009927e-01     729141  2.5571412e+03 
3.5112675e-01     732823  2.5551482e+03 
3.5215368e-01     736801  2.5438269e+03 
3.5318105e-01     742629  2.5415188e+03 
3.5420962e-01     746533  2.5320255e+03 
3.5523645e-01     749115  2.5256049e+03 
3.5626546e-01     758233  2.5081061e+03 
3.5729404e-01     757365  2.5067655e+03 
3.5832105e-01     764695  2.5040515e+03 
3.5934923e-01     767461  2.4946982e+03 
3.6037655e-01     772701  2.4870825e+03 
3.6140412e-01     776497  2.4823976e+03 
3.6243144e-01     780903  2.4731753e+03 
3.6345896e-01     786025  2.4622554e+03 
3.6448587e-01     788341  2.4584804e+03 
3.6551352e-01     796755  2.4521822e+03 
3.6654296e-01     799537  2.4434834e+03 
3.6757047e-01     802917  2.4401622e+03 
3.6859613e-01     805699  2.4289631e+03 
3.6962392e-01     814881  2.4284634e+03 
3.7065320e-01     817705  2.4168130e+03 
3.7168142e-01     821557  2.4133617e+03 
3.7270859e-01     825831  2.4029854e+03 
3.7373574e-01     830233  2.3971875e+03 
3.7476494e-01     838161  2.3923693e+03 
3.7579291e-01     838003  2.3846501e+03 
3.7681900e-01     843489  2.3834324e+03 
3.7784601e-01     849265  2.3700402e+03 
3.7887411e-01     854149  2.3665899e+03 
3.7990266e-01     859779  2.3572194e+03 
3.8093005e-01     861253  2.3538347e+03 
3.8195791e-01     869469  2.3493672e+03 
3.8298651e-01     872539  2.3409534e+03 
3.8401398e-01     876517  2.3313616e+03 
3.8504095e-01     881277  2.3276660e+03 
3.8606845e-01     886507  2.3267754e+03 
3.8709662e-01     892125  2.3179674e+03 
3.8812391e-01     894589  2.3107223e+03 
3.8915117e-01     901173  2.3040604e+03 
3.9017840e-01     904243  2.2929838e+03 
3.9120629e-01     911869  2.2928171e+03 
3.9223502e-01     915465  2.2860062e+03 
3.9326298e-01     920047  2.2835952e+03 
3.9429036e-01     923529  2.2741228e+03 
3.9531763e-01     930085  2.2670034e+03 
3.9634567e-01     934401  2.2615951e+03 
3.9737332e-01     939091  2.2556413e+03 
3.9840124e-01     944593  2.2523222e+03 
3.9942857e-01     947517  2.2447263e+03 
4.0045574e-01     954763  2.2392735e+03 
4.0148474e-01     959709  2.2348772e+03 
4.0251244e-01     963037  2.2279510e+03 
4.0353862e-01     966171  2.2220289e+03 
4.0456605e-01     975253  2.2138407e+03 
4.0559450e-01     978505  2.2113623e+03 
4.0662219e-01     982989  2.2076306e+03 
4.0764903e-01     987583  2.1996201e+03 
4.0867686e-01     994041  2.1961105e+03 
4.0970676e-01    1002325  2.1887433e+03 
4.1073406e-01     998731  2.1841120e+03 
4.1175981e-01    1009137  2.1813420e+03 
4.1278702e-01    1012057  2.1747282e+03 
4.1381582e-01    1021761  2.1712927e+03 
4.1484433e-01    1022395  2.1630722e+03 
4.1587132e-01    1028349  2.1555272e+03 
4.1689914e-01    1034089  2.1520731e+03 
4.1792694e-01    1039087  2.1522295e+03 
4.1895531e-01    1044957  2.1399526e+03 
4.1998287e-01    1048021  2.1405369e+03 
4.2101074e-01    1055397  2.1346810e+03 
4.2203740e-01    1056223  2.1261217e+03 
4.2306446e-01    1066821  2.1260534e+03 
4.2409285e-01    1068577  2.1160144e+03 
4.2512006e-01    1075231  2.1116445e+03 
4.2614751e-01    1079181  2.1090546e+03 
4.2717500e-01    1086061  2.1040207e+03 
4.2820157e-01    1087503  2.1002959e+03 
4.2922975e-01    1099573  2.0919887e+03 
4.3025924e-01    1101597  2.0890835e+03 
4.3128642e-01    1104385  2.0837924e+03 
4.3231430e-01    1114399  2.0795360e+03 
4.3334202e-01    1113849  2.0776989e+03 
4.3436844e-01    1122529  2.0676907e+03 
4.3539686e-01    1129107  2.0651914e+03 
4.3642555e-01    1133065  2.0616284e+03 
4.3745233e-01    1136425  2.0555940e+03 
4.3847947e-01    1143657  2.0526908e+03 
4.3950714e-01    1149091  2.0453758e+03 
4.4053588e-01    1156413  2.0443142e+03 
4.4156464e-01    1159945  2.0349776e+03 
4.4259143e-01    1162947  2.0294051e+03 
4.4361832e-01    1170589  2.0300236e+03 
4.4464627e-01    1176829  2.0207600e+03 
4.4567386e-01    1180107  2.0218463e+03 
4.4669977e-01    1183801  2.0137975e+03 
4.4772797e-01    1196757  2.0109302e+03 
4.4875728e-01    1196905  2.0027378e+03 
4.4978504e-01    1204683  2.0016300e+03 
4.5081294e-01    1207633  1.9954619e+03 
4.5184052e-01    1215073  1.9920625e+03 
4.5286795e-01    1218783  1.9899676e+03 
4.5389451e-01    1223437  1.9823181e+03 
4.5492332e-01    1235853  1.9803224e+03 
4.5595291e-01    1235701  1.9739728e+03 
4.5697944e-01    1240467  1.9690306e+03 
4.5800572e-01    1245961  1.9687255e+03 
4.5903365e-01    1255105  1.9622829e+03 
4.6006193e-01    1258911  1.9555630e+03 
4.6108925e-01    1263289  1.9514458e+03 
4.6211621e-01    1269981  1.9509233e+03 
4.6314277e-01    1272943  1.9437844e+03 
4.6417014e-01    1283485  1.9385148e+03 
4.6519918e-01    1288809  1.9381693e+03 
4.6622888e-01    1295893  1.9344585e+03 
4.6725661e-01    1296243  1.9275355e+03 
4.6828380e-01    1304809  1.9236938e+03 
4.6931069e-01    1307721  1.9224075e+03 
4.7033716e-01    1314907  1.9152897e+03 
4.7136562e-01    1324345  1.9141289e+03 
4.7239289e-01    1323453  1.9077539e+03 
4.7341950e-01    1333813  1.9015331e+03 
4.7444847e-01    1341771  1.9006937e+03 
4.7547633e-01    1342141  1.8952744e+03 
4.7650487e-01    1355253  1.8930373e+03 
4.7753391e-01    1355071  1.8891761e+03 
4.7856040e-01    1360057  1.8831510e+03 
4.7958725e-01    1368189  1.8818834e+03 
4.8061419e-01    1371697  1.8791811e+03 
4.8164097e-01    1379319  1.8746548e+03 
4.8267055e-01    1391353  1.8689202e+03 
4.8369932e-01    1388725  1.8666795e+03 
4.8472651e-01    1399335  1.8626613e+03 
4.8575470e-01    1402429  1.8588208e+03 
4.8678162e-01    1408557  1.8546020e+03 
4.8780882e-01    1414891  1.8518323e+03 
4.8883683e-01    1422369  1.8478767e+03 
4.8986450e-01    1426417  1.8456884e+03 
4.9089129e-01    1431229  1.8432843e+03 
4.9191867e-01    1440939  1.8372105e+03 
4.9294678e-01    1444489  1.8305461e+03 
4.9397469e-01    1452909  1.8278814e+03 
4.9500152e-01    1453327  1.8250595e+03 
4.9602897e-01    1466637  1.8216275e+03 
4.9705838e-01    1471633  1.8178628e+03 
4.9808611e-01    1473013  1.8149753e+03 
4.9911169e-01    1478679  1.8119399e+03 
5.0014116e-01    1495717  1.8062960e+03 
5.0117087e-01    1491861  1.8044933e+03 
5.0219729e-01    1498459  1.8007287e+03 
5.0322412e-01    1505241  1.7962726e+03 
5.0425155e-01    1512637  1.7919211e+03 
5.0528125e-01    1523899  1.7895470e+03 
5.0630895e-01    1519641  1.7874967e+03 
5.0733432e-01    1529257  1.7832644e+03 
5.0836247e-01    1539549  1.7794457e+03 
5.0939068e-01    1542907  1.7744941e+03 
5.1041750e-01    1547161  1.7731424e+03 
5.1144557e-01    1559457  1.7678801e+03 
5.1247291e-01    1557427  1.7633280e+03 
5.1349928e-01    1568469  1.7617899e+03 
5.1452772e-01    1577533  1.7580817e+03 
5.1555689e-01    1582017  1.7539505e+03 
5.1658463e-01    1586455  1.7520483e+03 
5.1761193e-01    1593145  1.7492544e+03 
5.1864041e-01    1602621  1.7461547e+03 
5.1966794e-01    1603495  1.7404155e+03 
5.2069507e-01    1612833  1.7389107e+03 
5.2172114e-01    1614037  1.7338512e+03 
5.2274794e-01    1627401  1.7346036e+03 
5.2377763e-01    1636039  1.7290600e+03 
5.2480561e-01    1634785  1.7247474e+03 
5.2583205e-01    1643625  1.7227779e+03 
5.2686009e-01    1653703  1.7201095e+03 
5.2788789e-01    1654509  1.7150359e+03 
5.2891533e-01    1666345  1.7136422e+03 
5.2994383e-01    1670535  1.7110042e+03 
5.3097230e-01    1679161  1.7055076e+03 
5.3200090e-01    1684285  1.7034249e+03 
5.3302832e-01    1687857  1.7024265e+03 
5.3405447e-01    1693567  1.6961779e+03 
5.3508187e-01    1704753  1.6938516e+03 
5.3611070e-01    1711405  1.6915220e+03 
5.3713861e-01    1714963  1.6869060e+03 
5.3816580e-01    1721937  1.6854944e+03 
5.3919304e-01    1728445  1.6811393e+03 
5.4022013e-01    1734405  1.6771753e+03 
5.4124802e-01    1744627  1.6741018e+03 
5.4227634e-01    1749153  1.6725223e+03 
5.4330395e-01    1754713  1.6704480e+03 
5.4433131e-01    1762639  1.6668223e+03 
5.4535902e-01    1768533  1.6631738e+03 
5.4638657e-01    1775797  1.6600359e+03 
5.4741371e-01    1780035  1.6577491e+03 
5.4844219e-01    1793953  1.6541841e+03 
5.4947114e-01    1795845  1.6514705e+03 
5.5049830e-01    1799905  1.6489423e+03 
5.5152536e-01    1809955  1.6429249e+03 
5.5255291e-01    1814385  1.6410141e+03 
5.5358063e-01    1824721  1.6368174e+03 
5.5460897e-01    1829751  1.6374144e+03 
5.5563613e-01    1833769  1.6345180e+03 
5.5666335e-01    1844337  1.6304813e+03 
5.5769081e-01    1847521  1.6250765e+03 
5.5871865e-01    1860007  1.6237961e+03 
5.5974676e-01    1861473  1.6191564e+03 
5.6077461e-01    1872889  1.6194950e+03 
5.6180265e-01    1876383  1.6186162e+03 
5.6282914e-01    1880401  1.6127398e+03 
5.6385580e-01    1891117  1.6099252e+03 
5.6488468e-01    1902039  1.6077833e+03 
5.6591277e-01    1902217  1.6032982e+03 
5.6693984e-01    1912269  1.6023317e+03 
5.6796882e-01    1922749  1.5990889e+03 
5.6899668e-01    1922343  1.5958746e+03 
5.7002294e-01    1930453  1.5937618e+03 
5.7105089e-01    1942825  1.5908227e+03 
5.7207870e-01    1943991  1.5892950e+03 
5.7310590e-01    1953649  1.5831806e+03 
5.7413381e-01    1961793  1.5823855e+03 
5.7516183e-01    1967425  1.5782404e+03 
5.7618948e-01    1975035  1.5795740e+03 
5.7721763e-01    1982869  1.5750120e+03 
5.7824640e-01    1991389  1.5700721e+03 
5.7927365e-01    1992207  1.5710510e+03 
5.8030044e-01    2002429  1.5651802e+03 
5.8132857e-01    2012757  1.5626239e+03 
5.8235642e-01    2014453  1.5621295e+03 
5.8338375e-01    2025943  1.5571093e+03 
5.8441123e-01    2029041  1.5545604e+03 
5.8543914e-01    2041309  1.5548196e+03 
5.8646640e-01    2041503  1.5507676e+03 
5.8749319e-01    2053309  1.5495187e+03 
5.8852163e-01    2062905  1.5445200e+03 
5.8954937e-01    2064523  1.5415341e+03 
5.9057697e-01    2076757  1.5400192e+03 
5.9160532e-01    2082393  1.5357442e+03 
5.9263289e-01    2087485  1.5334213e+03 
5.9365942e-01    2093139  1.5317274e+03 
5.9468630e-01    2103229  1.5294023e+03 
5.9571439e-01    2112429  1.5267654e+03 
5.9674308e-01    2120551  1.5246402e+03 
5.9777146e-01    2125609  1.5222215e+03 
5.9879848e-01    2129865  1.5187642e+03 
5.9982610e-01    2142061  1.5172300e+03 
6.0085427e-01    2147439  1.5138584e+03 
6.0188105e-01    2150953  1.5111511e+03 
6.0290887e-01    2166033  1.5099544e+03 
6.0393733e-01    2168791  1.5046625e+03 
6.0496488e-01    2176333  1.5040685e+03 
6.0599174e-01    2181657  1.4998439e+03 
6.0701945e-01    2194363  1.4959220e+03 
6.0804732e-01    2196405  1.4946223e+03 
6.0907504e-01    2209825  1.4934355e+03 
6.1010319e-01    2212081  1.4914437e+03 
6.1113025e-01    2221275  1.4902366e+03 
6.1215803e-01    2228521  1.4864976e+03 
6.1318600e-01    2238249  1.4819767e+03 
6.1421319e-01    2240011  1.4818163e+03 
6.1524075e-01    2254377  1.4784178e+03 
6.1626878e-01    2257669  1.4758777e+03 
6.1729605e-01    2265289  1.4750469e+03 
6.1832413e-01    2277663  1.4727422e+03 
6.1935241e-01    2280157  1.4687902e+03 
6.2037979e-01    2288853  1.4669581e+03 
6.2140704e-01    2295451  1.4636733e+03 
6.2243475e-01    2305509  1.4637605e+03 
6.2346268e-01    2312089  1.4578922e+03 
6.2448980e-01    2316685  1.4553547e+03 
6.2551744e-01    2329599  1.4549418e+03 
6.2654511e-01    2333089  1.4535155e+03 
6.2757253e-01    2342421  1.4500895e+03 
6.2860013e-01    2350291  1.4486769e+03 
6.2962792e-01    2358153  1.4455133e+03 
6.3065527e-01    2363641  1.4420322e+03 
6.3168404e-01    2380603  1.4401646e+03 
6.3271320e-01    2380149  1.4385129e+03 
6.3374033e-01    2387797  1.4367626e+03 
6.3476748e-01    2394321  1.4327242e+03 
6.3579539e-01    2407999  1.4312052e+03 
6.3682310e-01    2408533  1.4294780e+03 
6.3784945e-01    2416869  1.4251827e+03 
6.3887806e-01    2435323  1.4254275e+03 
6.3990759e-01    2436021  1.4222074e+03 
6.4093394e-01    2437357  1.4195036e+03 
6.4196132e-01    2455161  1.4187512e+03 
6.4298976e-01    2458771  1.4149140e+03 
6.4401765e-01    2468113  1.4137957e+03 
6.4504503e-01    2472069  1.4107562e+03 
6.4607172e-01    2480875  1.4074994e+03 
6.4709969e-01    2493165  1.4047109e+03 
6.4812748e-01    2496661  1.4044334e+03 
6.4915529e-01    2508963  1.4013799e+03 
6.5018306e-01    2512189  1.3989490e+03 
6.5121038e-01    2522629  1.3981242e+03 
6.5223783e-01    2528541  1.3960375e+03 
6.5326509e-01    2538391  1.3930303e+03 
6.5429251e-01    2544597  1.3899984e+03 
6.5532081e-01    2558785  1.3882885e+03 
6.5634871e-01    2559051  1.3877846e+03 
6.5737614e-01    2571781  1.3843865e+03 
6.5840475e-01    2582101  1.3821396e+03 
6.5943226e-01    2581461  1.3805965e+03 
6.6045933e-01    2596267  1.3781802e+03 
6.6148735e-01    2602677  1.3765264e+03 
6.6251492e-01    2609485  1.3738267e+03 
6.6354291e-01    2622055  1.3716827e+03 
6.6457051e-01    2622357  1.3696757e+03 
6.6559744e-01    2636281  1.3681522e+03 
6.6662555e-01    2643915  1.3649378e+03 
6.6765359e-01    2652217  1.3625327e+03 
6.6868122e-01    2658549  1.3611537e+03 
6.6970934e-01    2670133  1.3572896e+03 
6.7073678e-01    2672791  1.3575131e+03 
6.7176459e-01    2687289  1.3541902e+03 
6.7279248e-01    2690509  1.3516751e+03 
6.7382002e-01    2701107  1.3512669e+03 
6.7484759e-01    2707465  1.3481313e+03 
6.7587476e-01    2716125  1.3458042e+03 
6.7690275e-01    2727013  1.3446284e+03 
6.7793076e-01    2733919  1.3414903e+03 
6.7895805e-01    2739357  1.3412745e+03 
6.7998603e-01    2754157  1.3382606e+03 
6.8101316e-01    2751567  1.3354805e+03 
6.8204035e-01    2770633  1.3325212e+03 
6.8306840e-01    2773693  1.3325697e+03 
6.8409625e-01    2785641  1.3299411e+03 
6.8512404e-01    2790379  1.3274073e+03 
6.8615088e-01    2797353  1.3260797e+03 
6.8717841e-01    2810005  1.3240001e+03 
6.8820708e-01    2821635  1.3223946e+03 
6.8923512e-01    2822437  1.3171211e+03 
6.9026237e-01    2834713  1.3171929e+03 
6.9129024e-01    2842755  1.3148503e+03 
6.9231851e-01    2853145  1.3141939e+03 
6.9334579e-01    2855397  1.3109641e+03 
6.9437250e-01    2865385  1.3091877e+03 
6.9540007e-01    2878623  1.3093942e+03 
6.9642781e-01    2882197  1.3049894e+03 
6.9745547e-01    2895757  1.3029709e+03 
6.9848331e-01    2900775  1.3014390e+03 
6.9951200e-01    2916133  1.2988718e+03 
7.0053973e-01    2913957  1.2973197e+03 
7.0156672e-01    2928169  1.2947044e+03 
7.0259428e-01    2935215  1.2940897e+03 
7.0362210e-01    2945917  1.2925999e+03 
7.0464984e-01    2951989  1.2913287e+03 
7.0567749e-01    2963559  1.2884526e+03 
7.0670561e-01    2970937  1.2867956e+03 
7.0773335e-01    2979453  1.2841277e+03 
7.0876120e-01    2988007  1.2828038e+03 
7.0978884e-01    2996305  1.2810790e+03 
7.1081632e-01    3004569  1.2781172e+03 
7.1184404e-01    3013981  1.2759886e+03 
7.1287151e-01    3021519  1.2742616e+03 
7.1389832e-01    3027109  1.2719132e+03 
7.1492563e-01    3042189  1.2717735e+03 
7.1595421e-01    3052039  1.2687245e+03 
7.1698226e-01    3055873  1.2665530e+03 
7.1801029e-01    3070929  1.2642315e+03 
7.1903841e-01    3072433  1.2627432e+03 
7.2006560e-01    3083703  1.2613390e+03 
7.2109246e-01    3088141  1.2612409e+03 
7.2211989e-01    3104061  1.2578049e+03 
7.2314825e-01    3112627  1.2554500e+03 
7.2417602e-01    3116521  1.2528022e+03 
7.2520269e-01    3125565  1.2512838e+03 
7.2623031e-01    3138325  1.2503033e+03 
7.2725898e-01    3150555  1.2488545e+03 
7.2828697e-01    3152317  1.2463496e+03 
7.2931365e-01    3159165  1.2441395e+03 
7.3034127e-01    3177271  1.2429780e+03 
7.3136921e-01    3177577  1.2432787e+03 
7.3239706e-01    3195849  1.2395253e+03 
7.3342478e-01    3194407  1.2377334e+03 
7.3445190e-01    3209205  1.2355803e+03 
7.3548070e-01    3223837  1.2328266e+03 
7.3650922e-01    3224905  1.2329253e+03 
7.3753619e-01    3232719  1.2299460e+03 
7.3856301e-01    3241177  1.2291994e+03 
7.3959000e-01    3251961  1.2268354e+03 
7.4061789e-01    3265723  1.2255096e+03 
7.4164594e-01    3270429  1.2232738e+03 
7.4267401e-01    3284101  1.2214622e+03 
7.4370219e-01    3289033  1.2197949e+03 
7.4472936e-01    3296475  1.2191321e+03 
7.4575727e-01    3311845  1.2159108e+03 
7.4678561e-01    3316701  1.2144575e+03 
7.4781337e-01    3327271  1.2137470e+03 
7.4884052e-01    3330537  1.2113115e+03 
7.4986781e-01    3347077  1.2079860e+03 
7.5089544e-01    3350395  1.2062958e+03 
7.5192314e-01    3365601  1.2054807e+03 
7.5295123e-01    3372757  1.2036518e+03 
7.5397907e-01    3380913  1.2027092e+03 
7.5500634e-01    3388531  1.1994246e+03 
7.5603377e-01    3399261  1.1991567e+03 
7.5706093e-01    3406321  1.1976232e+03 
7.5808847e-01    3419827  1.1951374e+03 
7.5911696e-01    3430869  1.1942661e+03 
7.6014495e-01    3436057  1.1910494e+03 
7.6117225e-01    3443121  1.1902320e+03 
7.6219965e-01    3457243  1.1880764e+03 
7.6322684e-01    3459193  1.1869966e+03 
7.6425402e-01    3475953  1.1839137e+03 
7.6528231e-01    3485575  1.1827713e+03 
7.6631079e-01    3495693  1.1815356e+03 
7.6733816e-01    3497701  1.1807033e+03 
7.6836568e-01    3514395  1.1780794e+03 
7.6939439e-01    3524881  1.1776106e+03 
7.7042217e-01    3527125  1.1747302e+03 
7.7144907e-01    3537273  1.1722870e+03 
7.7247652e-01    3550411  1.1707344e+03 
7.7350366e-01    3553245  1.1691482e+03 
7.7453150e-01    3574369  1.1690880e+03 
7.7556038e-01    3580287  1.1662456e+03 
7.7658763e-01    3580549  1.1643450e+03 
7.7761512e-01    3602197  1.1636137e+03 
7.7864290e-01    3600369  1.1609303e+03 
7.7967028e-01    3620011  1.1608606e+03 
7.8069790e-01    3619905  1.1586060e+03 
7.8172556e-01    3639229  1.1561613e+03 
7.8275302e-01    3638731  1.1546158e+03 
7.8378149e-01    3664137  1.1534583e+03 
7.8480960e-01    3656905  1.1529857e+03 
7.8583664e-01    3674265  1.1509113e+03 
7.8686455e-01    3683275  1.1484981e+03 
7.8789210e-01    3690717  1.1474956e+03 
7.8891931e-01    3699445  1.1450518e+03 
7.8994674e-01    3712819  1.1442439e+03 
7.9097498e-01    3722985  1.1420675e+03 
7.9200364e-01    3736849  1.1411482e+03 
7.9303141e-01    3735123  1.1389039e+03 
7.9405867e-01    3752317  1.1370314e+03 
7.9508649e-01    3759261  1.1352692e+03 
7.9611368e-01    3766165  1.1333973e+03 
7.9714096e-01    3780463  1.1311180e+03 
7.9816886e-01    3789777  1.1318453e+03 
7.9919649e-01    3797845  1.1300432e+03 
8.0022426e-01    3810231  1.1280969e+03 
8.0125182e-01    3816157  1.1262869e+03 
8.0227908e-01    3827865  1.1242085e+03 
8.0330706e-01    3840409  1.1224700e+03 
8.0433511e-01    3847987  1.1224211e+03 
8.0536283e-01    3858909  1.1198403e+03 
8.0639082e-01    3868309  1.1182473e+03 
8.0741866e-01    3878367  1.1176103e+03 
8.0844569e-01    3880885  1.1160111e+03 
8.0947317e-01    3902857  1.1139766e+03 
8.1050104e-01    3902931  1.1110234e+03 
8.1152845e-01    3918985  1.1107984e+03 
8.1255634e-01    3927009  1.1097938e+03 
8.1358385e-01    3935089  1.1078538e+03 
8.1461125e-01    3947139  1.1067751e+03 
8.1563878e-01    3954829  1.1052666e+03 
8.1666612e-01    3966781  1.1035026e+03 
8.1769445e-01    3981735  1.1020810e+03 
8.1872308e-01    3989209  1.1003259e+03 
8.1975063e-01    3993717  1.0993800e+03 
8.2077781e-01    4005541  1.0973094e+03 
8.2180516e-01    4016199  1.0953152e+03 
8.2283282e-01    4027081  1.0936752e+03 
8.2386038e-01    4035973  1.0924831e+03 
8.2488849e-01    4052151  1.0901686e+03 
8.2591634e-01    4052725  1.0907708e+03 
8.2694407e-01    4072413  1.0885392e+03 
8.2797137e-01    4069333  1.0872865e+03 
8.2899835e-01    4090155  1.0854165e+03 
8.3002670e-01    4100353  1.0832729e+03 
8.3105500e-01    4109653  1.0829529e+03 
8.3208287e-01    4118283  1.0805841e+03 
8.3311043e-01    4126885  1.0794249e+03 
8.3413831e-01    4141017  1.0784179e+03 
8.3516623e-01    4147999  1.0766903e+03 
8.3619344e-01    4155157  1.0751574e+03 
8.3722108e-01    4173477  1.0727131e+03 
8.3824873e-01    4173349  1.0715889e+03 
8.3927590e-01    4191651  1.0702334e+03 
8.4030320e-01    4194697  1.0687403e+03 
8.4133142e-01    4219317  1.0681170e+03 
8.4235969e-01    4216459  1.0662936e+03 
8.4338685e-01    4229353  1.0649647e+03 
8.4441400e-01    4238889  1.0639182e+03 
8.4544204e-01    4255669  1.0626262e+03 
8.4647030e-01    4262175  1.0603186e+03 
8.4749772e-01    4269385  1.0590221e+03 
8.4852521e-01    4283325  1.0580944e+03 
8.4955302e-01    4293103  1.0562425e+03 
8.5058165e-01    4310389  1.0547665e+03 
8.5160925e-01    4306029  1.0542333e+03 
8.5263581e-01    4321579  1.0518972e+03 
8.5366358e-01    4337709  1.0512372e+03 
8.5469158e-01    4344457  1.0488653e+03 
8.5571912e-01    4354053  1.0479326e+03 
8.5674680e-01    4367227  1.0456401e+03 
8.5777411e-01    4371397  1.0451989e+03 
8.5880209e-01    4394097  1.0438998e+03 
8.5982992e-01    4391575  1.0421931e+03 
8.6085700e-01    4407717  1.0402116e+03 
8.6188453e-01    4417309  1.0394225e+03 
8.6291234e-01    4430713  1.0382636e+03 
8.6394016e-01    4438911  1.0365477e+03 
8.6496741e-01    4446589  1.0358681e+03 
8.6599528e-01    4464741  1.0334389e+03 
8.6702360e-01    4473547  1.0320996e+03 
8.6805130e-01    4478913  1.0313029e+03 
8.6907923e-01    4497589  1.0285618e+03 
8.7010705e-01    4498639  1.0280522e+03 
8.7113423e-01    4513617  1.0274183e+03 
8.7216157e-01    4521685  1.0246925e+03 
8.7318973e-01    4540893  1.0241736e+03 
8.7421743e-01    4540543  1.0228589e+03 
8.7524439e-01    4554501  1.0210401e+03 
8.7627164e-01    4565653  1.0193187e+03 
8.7729935e-01    4578991  1.0192456e+03 
8.7832734e-01    4589385  1.0169132e+03 
8.7935490e-01    4597993  1.0157802e+03 
8.8038279e-01    4612641  1.0153607e+03 
8.8141095e-01    4622695  1.0135453e+03 
8.8243857e-01    4628617  1.0121303e+03 
8.8346642e-01    4646661  1.0111723e+03 
8.8449423e-01    4650367  1.0097158e+03 
8.8552183e-01    4665513  1.0083590e+03 
8.8654935e-01    4672129  1.0073224e+03 
8.8757690e-01    4686741  1.0057427e+03 
8.8860441e-01    4693675  1.0042265e+03 
8.8963170e-01    4707085  1.0026153e+03 
8.9065967e-01    4720485  1.0011549e+03 
8.9168771e-01    4730587  1.0001659e+03 
8.9271554e-01    4739505  9.9900482e+02 
8.9374328e-01    4752421  9.9701329e+02 
8.9477022e-01    4753755  9.9582294e+02 
8.9579785e-01    4779361  9.9486220e+02 
8.9682623e-01    4784857  9.9382304e+02 
8.9785340e-01    4788009  9.9203122e+02 
8.9888058e-01    4808467  9.9097684e+02 
8.9990831e-01    4814037  9.8989082e+02 
9.0093644e-01    4834429  9.8820645e+02 
9.0196531e-01    4844163  9.8686803e+02 
9.0299278e-01    4841317  9.8586296e+02 
9.0402006e-01    4866229  9.8499771e+02 
9.0504802e-01    4868397  9.8276361e+02 
9.0607577e-01    4887751  9.8223430e+02 
9.0710315e-01    4886349  9.8096643e+02 
9.0813026e-01    4906933  9.7958700e+02 
9.0915809e-01    4916191  9.7838220e+02 
9.1018611e-01    4930353  9.7615659e+02 
9.1121419e-01    4939777  9.7579576e+02 
9.1224136e-01    4943307  9.7414744e+02 
9.1326893e-01    4965889  9.7223984e+02 
9.1429706e-01    4971357  9.7140172e+02 
9.1532460e-01    4982089  9.7019392e+02 
9.1635238e-01    4996735  9.6956331e+02 
9.1737985e-01    5001033  9.6817255e+02 
9.1840709e-01    5016685  9.6714083e+02 
9.1943523e-01    5033367  9.6504170e+02 
9.2046301e-01    5034205  9.6479920e+02 
9.2149008e-01    5050077  9.6337291e+02 
9.2251830e-01    5066689  9.6210710e+02 
9.2354656e-01    5074459  9.5917698e+02 
9.2457409e-01    5081853  9.6085622e+02 
9.2560184e-01    5098285  9.5763665e+02 
9.2662999e-01    5109387  9.5733728e+02 
9.2765763e-01    5114977  9.5608454e+02 
9.2868490e-01    5130021  9.5382616e+02 
9.2971247e-01    5138719  9.5282200e+02 
9.3074031e-01    5156161  9.5163812e+02 
9.3176768e-01    5157705  9.4996931e+02 
9.3279570e-01    5184133  9.4948965e+02 
9.3382392e-01    5183751  9.4835837e+02 
9.3485114e-01    5195209  9.4681514e+02 
9.3587839e-01    5208805  9.4537784e+02 
9.3690632e-01    5224239  9.4526358e+02 
9.3793440e-01    5232421  9.4346756e+02 
9.3896168e-01    5240217  9.4146403e+02 
9.3998897e-01    5254345  9.4038941e+02 
9.4101702e-01    5272251  9.3935167e+02 
9.4204515e-01    5277217  9.3864625e+02 
9.4307281e-01    5290501  9.3759435e+02 
9.4410056e-01    5302071  9.3601126e+02 
9.4512821e-01    5311573  9.3490969e+02 
9.4615539e-01    5320797  9.3370914e+02 
9.4718270e-01    5335825  9.3281869e+02 
9.4820965e-01    5340231  9.3122170e+02 
9.4923697e-01    5363293  9.2991130e+02 
9.5026524e-01    5372161  9.2884652e+02 
9.5129326e-01    5385795  9.2909232e+02 
9.5232098e-01    5390497  9.2621184e+02 
9.5334933e-01    5416521  9.2579284e+02 
9.5437761e-01    5413279  9.2422362e+02 
9.5540515e-01    5431425  9.2358484e+02 
9.5643223e-01    5432773  9.2226075e+02 
9.5746002e-01    5460589  9.2021871e+02 
9.5848805e-01    5460963  9.1976714e+02 
9.5951478e-01    5468401  9.1766405e+02 
9.6054228e-01    5493357  9.1677888e+02 
9.6157061e-01    5500663  9.1600602e+02 
9.6259837e-01    5510233  9.1482959e+02 
9.6362532e-01    5517393  9.1413043e+02 
9.6465283e-01    5537305  9.1157391e+02 
9.6568167e-01    5556735  9.1170449e+02 
9.6670942e-01    5548753  9.1065309e+02 
9.6773653e-01    5573973  9.0882909e+02 
9.6876412e-01    5577355  9.0776625e+02 
9.6979176e-01    5597005  9.0681658e+02 
9.7081930e-01    5602161  9.0537043e+02 
9.7184696e-01    5620651  9.0457630e+02 
9.7287470e-01    5626533  9.0317402e+02 
9.7390260e-01    5647081  9.0243093e+02 
9.7493021e-01    5646489  9.0119133e+02 
9.7595764e-01    5669935  9.0000897e+02 
9.7698530e-01    5671765  8.9877729e+02 
9.7801304e-01    5694945  8.9761841e+02 
9.7904120e-01    5701075  8.9661211e+02 
9.8006882e-01    5711493  8.9553842e+02 
9.8109647e-01    5727241  8.9339934e+02 
9.8212422e-01    5734785  8.9278276e+02 
9.8315176e-01    5749987  8.9168177e+02 
9.8417946e-01    5760613  8.9066958e+02 
9.8520702e-01    5771493  8.9007958e+02 
9.8623484e-01    5789359  8.8860270e+02 
9.8726247e-01    5791065  8.8713327e+02 
9.8828965e-01    5810977  8.8604997e+02 
9.8931710e-01    5816341  8.8534857e+02 
9.9034487e-01    5839863  8.8409006e+02 
9.9137254e-01    5839165  8.8352787e+02 
9.9240015e-01    5862321  8.8206455e+02 
9.9342883e-01    5878135  8.8074172e+02 
9.9445691e-01    5877453  8.7960301e+02 
9.9548381e-01    5890057  8.7928487e+02 
9.9651157e-01    5911039  8.7738637e+02 
9.9753951e-01    5916969  8.7607162e+02 
9.9856695e-01    5929765  8.7548064e+02 
9.9959485e-01    5945841  8.7392873e+02 
1.0006225e+00    5952823  8.7323392e+02 
1.0016502e+00    5969805  8.7195884e+02 
1.0026780e+00    5977681  8.7069327e+02 
1.0037056e+00    5994391  8.6957015e+02 
1.0047331e+00    5998617  8.6838990e+02 
1.0057606e+00    6020125  8.6728368e+02 
1.0067886e+00    6028785  8.6658859e+02 
1.0078160e+00    6037483  8.6546310e+02 
1.0088435e+00    6055465  8.6355881e+02 
1.0098718e+00    6070233  8.6337869e+02 
1.0108999e+00    6079723  8.6234557e+02 
1.0119272e+00    6083373  8.6181930e+02 
1.0129541e+00    6101137  8.6013178e+02 
1.0139817e+00    6115887  8.5880023e+02 
1.0150095e+00    6128869  8.5870318e+02 
1.0160379e+00    6147745  8.5709174e+02 
1.0170656e+00    6144609  8.5607377e+02 
1.0180932e+00    6172471  8.5470194e+02 
1.0191213e+00    6173709  8.5413061e+02 
1.0201484e+00    6187333  8.5264675e+02 
1.0211752e+00    6194559  8.5190867e+02 
1.0222029e+00    6222097  8.5090060e+02 
1.0232309e+00    6224209  8.4986897e+02 
1.0242586e+00    6242301  8.4877039e+02 
1.0252867e+00    6256543  8.4672761e+02 
1.0263146e+00    6262449  8.4647619e+02 
1.0273421e+00    6278245  8.4582611e+02 
1.0283700e+00    6292263  8.4480674e+02 
1.0293976e+00    6298237  8.4314341e+02 
1.0304251e+00    6317845  8.4210985e+02 
1.0314526e+00    6323007  8.4212835e+02 
1.0324802e+00    6345061  8.4012243e+02 
1.0335083e+00    6352473  8.3931557e+02 
1.0345361e+00    6367009  8.3819073e+02 
1.0355636e+00    6375655  8.3750136e+02 
1.0365909e+00    6388845  8.3588314e+02 
1.0376187e+00    6408073  8.3477372e+02 
1.0386468e+00    6416799  8.3455029e+02 
1.0396739e+00    6421321  8.3265581e+02 
1.0407014e+00    6447177  8.3213459e+02 
1.0417293e+00    6451717  8.3084838e+02 
1.0427569e+00    6469075  8.2999557e+02 
1.0437844e+00    6476481  8.2925898e+02 
1.0448126e+00    6502417  8.2765325e+02 
1.0458409e+00    6504087  8.2665197e+02 
1.0468680e+00    6512077  8.2597328e+02 
1.0478953e+00    6533157  8.2442791e+02 
1.0489230e+00    6541705  8.2453080e+02 
1.0499509e+00    6561643  8.2305280e+02 
1.0509789e+00    6569541  8.2147713e+02 
1.0520067e+00    6583429  8.2085296e+02 
1.0530346e+00    6597735  8.1985617e+02 
1.0540621e+00    6602233  8.1849379e+02 
1.0550895e+00    6625377  8.1853612e+02 
1.0561171e+00    6628003  8.1698142e+02 
1.0571448e+00    6651949  8.1572019e+02 
1.0581727e+00    6659529  8.1496072e+02 
1.0592003e+00    6671893  8.1479923e+02 
1.0602279e+00    6686379  8.1275816e+02 
1.0612557e+00    6698581  8.1257213e+02 
1.0622832e+00    6709837  8.1137043e+02 
1.0633105e+00    6721575  8.1034049e+02 
1.0643381e+00    6739033  8.0924272e+02 
1.0653658e+00    6750861  8.0765258e+02 
1.0663934e+00    6761761  8.0664692e+02 
1.0674217e+00    6788031  8.0541038e+02 
1.0684498e+00    6784189  8.0504380e+02 
1.0694772e+00    6803881  8.0441913e+02 
1.0705049e+00    6815703  8.0349612e+02 
1.0715324e+00    6826693  8.0221141e+02 
1.0725602e+00    6846897  8.0117124e+02 
1.0735878e+00    6848959  7.9991925e+02 
1.0746149e+00    6867261  7.9910118e+02 
1.0756427e+00    6884509  7.9803112e+02 
1.0766708e+00    6896833  7.9735000e+02 
1.0776987e+00    6910095  7.9679265e+02 
1.0787260e+00    6912457  7.9550988e+02 
1.0797534e+00    6940449  7.9453523e+02 
1.0807814e+00    6945799  7.9339141e+02 
1.0818089e+00    6958689  7.9242613e+02 
1.0828363e+00    6973657  7.9138862e+02 
1.0838646e+00    6994273  7.9055237e+02 
1.0848924e+00    6996567  7.8981167e+02 
1.0859203e+00    7020613  7.8865479e+02 
1.0869479e+00    7018845  7.8765211e+02 
1.0879753e+00    7044007  7.8693038e+02 
1.0890033e+00    7053877  7.8637447e+02 
1.0900309e+00    7066257  7.8498330e+02 
1.0910583e+00    7077337  7.8421162e+02 
1.0920861e+00    7097871  7.8343248e+02 
1.0931139e+00    7104253  7.8234046e+02 
1.0941413e+00    7119957  7.8108416e+02 
1.0951688e+00    7131235  7.8031024e+02 
1.0961969e+00    7154149  7.7927515e+02 
1.0972246e+00    7155597  7.7834352e+02 
1.0982523e+00    7178815  7.7748682e+02 
1.0992802e+00    7184421  7.7642132e+02 
1.1003074e+00    7198513  7.7556695e+02 
1.1013353e+00    7217793  7.7440869e+02 
1.1023634e+00    7231207  7.7425780e+02 
1.1033906e+00    7230613  7.7262840e+02 
1.1044184e+00    7266873  7.7179350e+02 
1.1054463e+00    7260415  7.7069379e+02 
1.1064739e+00    7287297  7.7036843e+02 
1.1075014e+00    7288525  7.6860305e+02 
1.1085287e+00    7309105  7.6843833e+02 
1.1095568e+00    7327779  7.6744505e+02 
1.1105848e+00    7335541  7.6599511e+02 
1.1116125e+00    7350957  7.6542307e+02 
1.1126401e+00    7359763  7.6488444e+02 
1.1136676e+00    7376841  7.6388149e+02 
1.1146949e+00    7386601  7.6298535e+02 
1.1157222e+00    7401151  7.6160519e+02 
1.1167500e+00    7423053  7.6085212e+02 
1.1177783e+00    7433833  7.5970898e+02 
1.1188055e+00    7435245  7.5907825e+02 
1.1198331e+00    7468039  7.5804526e+02 
1.1208609e+00    7464405  7.5775668e+02 
1.1218885e+00    7492477  7.5690002e+02 
1.1229160e+00    7491343  7.5541200e+02 
1.1239435e+00    7519749  7.5433717e+02 
1.1249718e+00    7530049  7.5341284e+02 
1.1259998e+00    7542177  7.5323694e+02 
1.1270273e+00    7551871  7.5184465e+02 
1.1280547e+00    7566849  7.5106282e+02 
1.1290824e+00    7583569  7.5040195e+02 
1.1301104e+00    7600759  7.4916075e+02 
1.1311384e+00    7609077  7.4863334e+02 
1.1321661e+00    7626637  7.4724921e+02 
1.1331935e+00    7630563  7.4675921e+02 
1.1342211e+00    7656205  7.4574700e+02 
1.1352484e+00    7656241  7.4531817e+02 
1.1362761e+00    7687629  7.4388247e+02 
1.1373043e+00    7693759  7.4286094e+02 
1.1383319e+00    7703517  7.4238234e+02 
1.1393590e+00    7717345  7.4118591e+02 
1.1403866e+00    7737939  7.4006999e+02 
1.1414146e+00    7749241  7.3978124e+02 
1.1424425e+00    7766881  7.3871418e+02 
1.1434703e+00    7774953  7.3772724e+02 
1.1444978e+00    7789975  7.3681724e+02 
1.1455254e+00    7803777  7.3639907e+02 
1.1465533e+00    7823377  7.3512179e+02 
1.1475810e+00    7829331  7.3452150e+02 
1.1486088e+00    7851325  7.3355606e+02 
1.1496365e+00    7857265  7.3216412e+02 
1.1506641e+00    7876749  7.3201515e+02 
1.1516918e+00    7888315  7.3090106e+02 
1.1527196e+00    7905453  7.3022964e+02 
1.1537469e+00    7908793  7.2839807e+02 
1.1547747e+00    7942551  7.2846258e+02 
1.1558025e+00    7935721  7.2709927e+02 
1.1568301e+00    7968337  7.2685850e+02 
1.1578577e+00    7963347  7.2544277e+02 
1.1588853e+00    7997317  7.2535842e+02 
1.1599136e+00    8003985  7.2375085e+02 
1.1609415e+00    8015593  7.2368042e+02 
1.1619687e+00    8025043  7.2271614e+02 
1.1629958e+00    8041857  7.2145533e+02 
1.1640237e+00    8063053  7.2107110e+02 
1.1650516e+00    8073651  7.1949045e+02 
1.1660795e+00    8089309  7.1929318e+02 
1.1671075e+00    8106225  7.1822719e+02 
1.1681350e+00    8107885  7.1766532e+02 
1.1691626e+00    8138179  7.1706254e+02 
1.1701905e+00    8138673  7.1609004e+02 
1.1712179e+00    8160589  7.1520653e+02 
1.1722455e+00    8170359  7.1445423e+02 
1.1732736e+00    8196373  7.1319831e+02 
1.1743012e+00    8192457  7.1274621e+02 
1.1753287e+00    8222383  7.1188061e+02 
1.1763564e+00    8224465  7.1081498e+02 
1.1773837e+00    8245965  7.0972562e+02 
1.1784109e+00    8250649  7.0891375e+02 
1.1794388e+00    8285727  7.0830475e+02 
1.1804670e+00    8283841  7.0770910e+02 
1.1814945e+00    8305065  7.0688708e+02 
1.1825219e+00    8311051  7.0598409e+02 
1.1835493e+00    8330905  7.0490053e+02 
1.1845775e+00    8356557  7.0406010e+02 
1.1856055e+00    8355469  7.0353466e+02 
1.1866330e+00    8376927  7.0306858e+02 
1.1876606e+00    8385817  7.0175691e+02 
1.1886880e+00    8403217  7.0115928e+02 
1.1897156e+00    8419311  6.9982956e+02 
1.1907437e+00    8438581  6.9928563e+02 
1.1917716e+00    8446629  6.9876076e+02 
1.1927988e+00    8454313  6.9771985e+02 
1.1938263e+00    8482815  6.9661277e+02 
1.1948540e+00    8485921  6.9590394e+02 
1.1958817e+00    8510041  6.9539485e+02 
1.1969098e+00    8524479  6.9465524e+02 
1.1979377e+00    8534845  6.9368536e+02 
1.1989651e+00    8547249  6.9291327e+02 
1.1999926e+00    8564119  6.9253991e+02 
1.2010203e+00    8579289  6.9148837e+02 
1.2020479e+00    8594545  6.9086674e+02 
1.2030760e+00    8613265  6.8967385e+02 
1.2041033e+00    8614359  6.8917191e+02 
1.2051306e+00    8639473  6.8827763e+02 
1.2061580e+00    8648229  6.8776863e+02 
1.2071857e+00    8672971  6.8649931e+02 
1.2082135e+00    8678173  6.8623897e+02 
1.2092409e+00    8697297  6.8490355e+02 
1.2102687e+00    8713513  6.8440076e+02 
1.2112967e+00    8730219  6.8330521e+02 
1.2123245e+00    8740441  6.8256305e+02 
1.2133520e+00    8754453  6.8209183e+02 
1.2143798e+00    8775823  6.8102476e+02 
1.2154079e+00    8788069  6.8055657e+02 
1.2164354e+00    8796369  6.7947695e+02 
1.2174632e+00    8822215  6.7891318e+02 
1.2184911e+00    8826717  6.7821652e+02 
1.2195184e+00    8846197  6.7728439e+02 
1.2205463e+00    8861229  6.7708456e+02 
1.2215736e+00    8869423  6.7588538e+02 
1.2226010e+00    8891317  6.7496939e+02 
1.2236289e+00    8908545  6.7434079e+02 
1.2246568e+00    8921359  6.7298679e+02 
1.2256847e+00    8936661  6.7291207e+02 
1.2267122e+00    8947969  6.7229987e+02 
1.2277396e+00    8962293  6.7137207e+02 
1.2287675e+00    8987407  6.7023439e+02 
1.2297953e+00    8990653  6.6942588e+02 
1.2308230e+00    9015537  6.6889294e+02 
1.2318507e+00    9020815  6.6811945e+02 
1.2328784e+00    9043653  6.6729613e+02 
1.2339057e+00    9046789  6.6636784e+02 
1.2349333e+00    9078787  6.6587778e+02 
1.2359615e+00    9085569  6.6510250e+02 
1.2369893e+00    9103705  6.6448518e+02 
1.2380169e+00    9111321  6.6387813e+02 
1.2390442e+00    9129895  6.6298208e+02 
1.2400719e+00    9148269  6.6217740e+02 
1.2410998e+00    9162397  6.6160782e+02 
1.2421273e+00    9173059  6.6052248e+02 
1.2431551e+00    9197637  6.5990173e+02 
1.2441829e+00    9204025  6.5912323e+02 
1.2452105e+00    9222693  6.5824994e+02 
1.2462382e+00    9239479  6.5753441e+02 
1.2472661e+00    9253605  6.5658515e+02 
1.2482936e+00    9264073  6.5649423e+02 
1.2493211e+00    9285247  6.5559062e+02 
1.2503490e+00    9299541  6.5497284e+02 
1.2513766e+00    9311773  6.5411416e+02 
1.2524042e+00    9328749  6.5277061e+02 
1.2534322e+00    9351679  6.5267628e+02 
1.2544601e+00    9356241  6.5172495e+02 
1.2554878e+00    9378421  6.5113667e+02 
1.2565156e+00    9390667  6.5021954e+02 
1.2575431e+00    9401625  6.4944525e+02 
1.2585706e+00    9422653  6.4892295e+02 
1.2595981e+00    9431463  6.4777387e+02 
1.2606258e+00    9458161  6.4723910e+02 
1.2616535e+00    9461893  6.4654587e+02 
1.2626811e+00    9486153  6.4568084e+02 
1.2637089e+00    9497779  6.4530610e+02 
1.2647366e+00    9514065  6.4421836e+02 
1.2657641e+00    9525445  6.4407282e+02 
1.2667921e+00    9555147  6.4285212e+02 
1.2678201e+00    9554725  6.4244836e+02 
1.2688476e+00    9579301  6.4207162e+02 
1.2698752e+00    9587037  6.4095408e+02 
1.2709030e+00    9611659  6.4018902e+02 
1.2719309e+00    9621729  6.3943608e+02 
1.2729582e+00    9631249  6.3851375e+02 
1.2739855e+00    9653667  6.3792372e+02 
1.2750132e+00    9668557  6.3715881e+02 
1.2760411e+00    9689725  6.3693829e+02 
1.2770690e+00    9699627  6.3586051e+02 
1.2780965e+00    9713209  6.3491626e+02 
1.2791244e+00    9737817  6.3434505e+02 
1.2801521e+00    9739969  6.3368567e+02 
1.2811795e+00    9766299  6.3288823e+02 
1.2822073e+00    9776617  6.3194693e+02 
1.2832350e+00    9796357  6.3153328e+02 
1.2842623e+00    9800979  6.3077551e+02 
1.2852903e+00    9840061  6.2994158e+02 
1.2863185e+00    9836913  6.2919567e+02 
1.2873458e+00    9853777  6.2904048e+02 
1.2883733e+00    9872143  6.2809083e+02 
1.2894007e+00    9884961  6.2738775e+02 
1.2904281e+00    9901165  6.2656542e+02 
1.2914560e+00    9926751  6.2597666e+02 
1.2924839e+00    9932857  6.2539698e+02 
1.2935111e+00    9947013  6.2457871e+02 
1.2945392e+00    9979429  6.2384402e+02 
1.2955673e+00    9978967  6.2292307e+02 
1.2965944e+00    9993093  6.2273267e+02 
1.2976220e+00   10019113  6.2140026e+02 
1.2986503e+00   10038807  6.2127337e+02 
1.2996782e+00   10043845  6.2053722e+02 
1.3007055e+00   10058361  6.1969712e+02 
1.3017333e+00   10084987  6.1912074e+02 
1.3027612e+00   10090981  6.1851204e+02 
1.3037884e+00   10105737  6.1760046e+02 
1.3048160e+00   10127461  6.1716785e+02 
1.3058438e+00   10145499  6.1633022e+02 
1.3068720e+00   10165177  6.1575434e+02 
1.3078996e+00   10165333  6.1473902e+02 
1.3089268e+00   10190727  6.1441773e+02 
1.3099551e+00   10215253  6.1377537e+02 
1.3109829e+00   10218405  6.1306382e+02 
1.3120105e+00   10238437  6.1233856e+02 
1.3130377e+00   10245807  6.1157375e+02 
1.3140649e+00   10268833  6.1089627e+02 
1.3150926e+00   10288885  6.1047161e+02 
1.3161201e+00   10297635  6.0985990e+02 
1.3171481e+00   10327849  6.0894505e+02 
1.3181765e+00   10341957  6.0834001e+02 
1.3192041e+00   10341619  6.0758139e+02 
1.3202319e+00   10377825  6.0705746e+02 
1.3212597e+00   10376617  6.0636793e+02 
1.3222870e+00   10395745  6.0542971e+02 
1.3233147e+00   10420215  6.0494781e+02 
1.3243425e+00   10429093  6.0459236e+02 
1.3253695e+00   10437693  6.0370589e+02 
1.3263970e+00   10470847  6.0311660e+02 
1.3274250e+00   10478361  6.0230789e+02 
1.3284525e+00   10496029  6.0161446e+02 
1.3294805e+00   10519321  6.0073292e+02 
1.3305087e+00   10532499  6.0019286e+02 
1.3315363e+00   10540885  5.9941915e+02 
1.3325639e+00   10564413  5.9879377e+02 
1.3335918e+00   10579699  5.9857316e+02 
1.3346191e+00   10584985  5.9763315e+02 
1.3356467e+00   10617441  5.9668782e+02 
1.3366745e+00   10622191  5.9649332e+02 
1.3377020e+00   10645113  5.9571725e+02 
1.3387294e+00   10652017  5.9478088e+02 
1.3397569e+00   10678701  5.9402738e+02 
1.3407846e+00   10691503  5.9369983e+02 
1.3418124e+00   10711105  5.9345106e+02 
1.3428405e+00   10731069  5.9270385e+02 
1.3438682e+00   10736047  5.9195105e+02 
1.3448955e+00   10755153  5.9126119e+02 
1.3459234e+00   10782409  5.9043052e+02 
1.3469512e+00   10785765  5.9007129e+02 
1.3479788e+00   10811323  5.8933033e+02 
1.3490063e+00   10815961  5.8878316e+02 
1.3500340e+00   10848441  5.8815294e+02 
1.3510622e+00   10859671  5.8757911e+02 
1.3520899e+00   10871433  5.8692536e+02 
1.3531174e+00   10886737  5.8598796e+02 
1.3541450e+00   10909173  5.8528212e+02 
1.3551727e+00   10920259  5.8501918e+02 
1.3562006e+00   10946761  5.8418468e+02 
1.3572280e+00   10943013  5.8362243e+02 
1.3582553e+00   10977943  5.8305740e+02 
1.3592834e+00   10993245  5.8232045e+02 
1.3603113e+00   11007289  5.8186300e+02 
1.3613388e+00   11018683  5.8079767e+02 
1.3623662e+00   11033973  5.8034173e+02 
1.3633942e+00   11070865  5.7993126e+02 
1.3644222e+00   11063349  5.7917728e+02 
1.3654494e+00   11088511  5.7862006e+02 
1.3664768e+00   11100501  5.7786375e+02 
1.3675047e+00   11132425  5.7742460e+02 
1.3685327e+00   11139259  5.7662649e+02 
1.3695604e+00   11155125  5.7588251e+02 
1.3705874e+00   11160133  5.7541404e+02 
1.3716155e+00   11210421  5.7483753e+02 
1.3726435e+00   11194231  5.7398727e+02 
1.3736707e+00   11223477  5.7359950e+02 
1.3746982e+00   11235241  5.7301426e+02 
1.3757261e+00   11266795  5.7256325e+02 
1.3767540e+00   11269053  5.7190549e+02 
1.3777819e+00   11301217  5.7098037e+02 
1.3788096e+00   11295099  5.7075681e+02 
1.3798369e+00   11327965  5.6992848e+02 
1.3808647e+00   11341641  5.6939021e+02 
1.3818925e+00   11360305  5.6859137e+02 
1.3829205e+00   11379091  5.6807435e+02 
1.3839481e+00   11384817  5.6764698e+02 
1.3849754e+00   11409241  5.6691586e+02 
1.3860032e+00   11427879  5.6614804e+02 
1.3870311e+00   11444665  5.6562304e+02 
1.3880586e+00   11452345  5.6514567e+02 
1.3890858e+00   11474421  5.6427428e+02 
1.3901137e+00   11500591  5.6387393e+02 
1.3911416e+00   11509329  5.6311348e+02 
1.3921692e+00   11524213  5.6278536e+02 
1.3931968e+00   11549031  5.6207069e+02 
1.3942248e+00   11562085  5.6158019e+02 
1.3952527e+00   11584021  5.6069291e+02 
1.3962802e+00   11586783  5.6029778e+02 
1.3973074e+00   11609461  5.5975096e+02 
1.3983351e+00   11635893  5.5906228e+02 
1.3993630e+00   11644513  5.5836433e+02 
1.4003905e+00   11663511  5.5802644e+02 
1.4014182e+00   11682025  5.5719725e+02 
1.4024462e+00   11705461  5.5667539e+02 
1.4034741e+00   11712735  5.5608282e+02 
1.4045015e+00   11729833  5.5531854e+02 
1.4055290e+00   11749017  5.5506082e+02 
1.4065568e+00   11769277  5.5452206e+02 
1.4075843e+00   11778991  5.5355059e+02 
1.4086118e+00   11801769  5.5316950e+02 
1.4096397e+00   11822641  5.5253464e+02 
1.4106675e+00   11835975  5.5185247e+02 
1.4116952e+00   11852749  5.5125304e+02 
1.4127231e+00   11876877  5.5055198e+02 
1.4137506e+00   11876413  5.5019874e+02 
1.4147784e+00   11919535  5.4954039e+02 
1.4158066e+00   11919741  5.4936342e+02 
1.4168338e+00   11930653  5.4834889e+02 
1.4178610e+00   11956707  5.4832031e+02 
1.4188887e+00   11973397  5.4731251e+02 
1.4199169e+00   12005277  5.4682097e+02 
1.4209446e+00   11995387  5.4603930e+02 
1.4219721e+00   12035041  5.4557667e+02 
1.4230000e+00   12041913  5.4456559e+02 
1.4240274e+00   12054541  5.4445983e+02 
1.4250548e+00   12079863  5.4374801e+02 
1.4260826e+00   12097849  5.4315409e+02 
1.4271104e+00   12113841  5.4284398e+02 
1.4281381e+00   12132151  5.4202791e+02 
1.4291659e+00   12149821  5.4147712e+02 
1.4301938e+00   12170229  5.4076618e+02 
1.4312213e+00   12173269  5.4087032e+02 
1.4322491e+00   12214707  5.3991930e+02 
1.4332771e+00   12212005  5.3934427e+02 
1.4343045e+00   12234253  5.3894115e+02 
1.4353321e+00   12255267  5.3826873e+02 
1.4363599e+00   12270973  5.3754388e+02 
1.4373877e+00   12291393  5.3716995e+02 
1.4384154e+00   12303943  5.3649073e+02 
1.4394431e+00   12325773  5.3595102e+02 
1.4404707e+00   12336985  5.3546828e+02 
1.4414982e+00   12360109  5.3482979e+02 
1.4425255e+00   12367791  5.3408060e+02 
1.4435531e+00   12399841  5.3390238e+02 
1.4445810e+00   12410157  5.3300877e+02 
1.4456087e+00   12434107  5.3230552e+02 
1.4466368e+00   12452241  5.3180727e+02 
1.4476648e+00   12466921  5.3136433e+02 
1.4486920e+00   12467689  5.3094763e+02 
1.4497191e+00   12503103  5.3063685e+02 
1.4507469e+00   12518521  5.2978647e+02 
1.4517750e+00   12543273  5.2917973e+02 
1.4528026e+00   12545755  5.2887608e+02 
1.4538299e+00   12568857  5.2802759e+02 
1.4548575e+00   12590821  5.2747809e+02 
1.4558854e+00   12610609  5.2678223e+02 
1.4569136e+00   12633135  5.2652720e+02 
1.4579410e+00   12627553  5.2587383e+02 
1.4589686e+00   12671433  5.2536244e+02 
1.4599964e+00   12672991  5.2477982e+02 
1.4610240e+00   12698545  5.2431359e+02 
1.4620518e+00   12714465  5.2370651e+02 
1.4630795e+00   12729775  5.2324331e+02 
1.4641074e+00   12759177  5.2261705e+02 
1.4651349e+00   12755005  5.2225595e+02 
1.4661623e+00   12789537  5.2172128e+02 
1.4671899e+00   12796999  5.2126482e+02 
1.4682176e+00   12828397  5.2072043e+02 
1.4692456e+00   12841257  5.1990721e+02 
1.4702733e+00   12854119  5.1942098e+02 
1.4713011e+00   12882609  5.1885797e+02 
1.4723286e+00   12881401  5.1829458e+02 
1.4733559e+00   12914373  5.1772983e+02 
1.4743835e+00   12922975  5.1731408e+02 
1.4754110e+00   12950473  5.1659289e+02 
1.4764389e+00   12966609  5.1615824e+02 
1.4774666e+00   12984031  5.1567277e+02 
1.4784943e+00   12999213  5.1519249e+02 
1.4795219e+00   13019845  5.1462195e+02 
1.4805491e+00   13027059  5.1401901e+02 
1.4815771e+00   13071937  5.1367983e+02 
1.4826051e+00   13066993  5.1306682e+02 
1.4836326e+00   13093917  5.1271609e+02 
1.4846603e+00   13109875  5.1178286e+02 
1.4856881e+00   13130049  5.1150939e+02 
1.4867157e+00   13144285  5.1090878e+02 
1.4877432e+00   13162567  5.1032451e+02 
1.4887710e+00   13186281  5.0982705e+02 
1.4897988e+00   13203433  5.0939969e+02 
1.4908266e+00   13216641  5.0888390e+02 
1.4918544e+00   13244587  5.0819943e+02 
1.4928823e+00   13253193  5.0765629e+02 
1.4939100e+00   13278181  5.0720011e+02 
1.4949378e+00   13292083  5.0690294e+02 
1.4959652e+00   13303281  5.0625369e+02 
1.4969929e+00   13335841  5.0578402e+02 
1.4980207e+00   13342215  5.0545411e+02 
1.4990482e+00   13366657  5.0462429e+02 
1.5000759e+00   13384821  5.0428257e+02 
1.5011036e+00   13399069  5.0380495e+02 
1.5021310e+00   13416799  5.0325364e+02 
1.5031587e+00   13443417  5.0262727e+02 
1.5041864e+00   13455745  5.0213579e+02 
1.5052141e+00   13477083  5.0177101e+02 
1.5062419e+00   13494325  5.0118998e+02 
1.5072698e+00   13520269  5.0044202e+02 
1.5082975e+00   13522569  5.0019867e+02 
1.5093249e+00   13549363  4.9957090e+02 
1.5103525e+00   13565949  4.9920885e+02 
1.5113804e+00   13594285  4.9877960e+02 
1.5124079e+00   13591455  4.9785027e+02 
1.5134356e+00   13635337  4.9768627e+02 
1.5144633e+00   13633309  4.9701649e+02 
1.5154912e+00   13672065  4.9639910e+02 
1.5165190e+00   13672915  4.9601612e+02 
1.5175463e+00   13691709  4.9558680e+02 
1.5185739e+00   13718893  4.9511851e+02 
1.5196019e+00   13742499  4.9464164e+02 
1.5206298e+00   13750285  4.9408547e+02 
1.5216575e+00   13774981  4.9361115e+02 
1.5226851e+00   13783719  4.9328174e+02 
1.5237126e+00   13811401  4.9264134e+02 
1.5247403e+00   13826397  4.9224225e+02 
1.5257679e+00   13844329  4.9165828e+02 
1.5267957e+00   13869279  4.9122986e+02 
1.5278234e+00   13878913  4.9079800e+02 
1.5288513e+00   13913029  4.8996022e+02 
1.5298789e+00   13910835  4.8957735e+02 
1.5309064e+00   13942165  4.8891209e+02 
1.5319337e+00   13945869  4.8867785e+02 
1.5329612e+00   13986109  4.8817668e+02 
1.5339894e+00   14000719  4.8749606e+02 
1.5350173e+00   14016333  4.8731646e+02 
1.5360451e+00   14031133  4.8683565e+02 
1.5370726e+00   14052051  4.8633604e+02 
1.5381001e+00   14064637  4.8582791e+02 
1.5391277e+00   14094717  4.8478363e+02 
1.5401553e+00   14101027  4.8463990e+02 
1.5411832e+00   14139349  4.8408046e+02 
1.5422110e+00   14140893  4.8402347e+02 
1.5432384e+00   14160949  4.8345384e+02 
1.5442658e+00   14180331  4.8283676e+02 
1.5452937e+00   14211385  4.8232623e+02 
1.5463216e+00   14220537  4.8171633e+02 
1.5473493e+00   14243431  4.8116804e+02 
1.5483773e+00   14264929  4.8095434e+02 
1.5494048e+00   14268369  4.8030949e+02 
1.5504323e+00   14300833  4.8020119e+02 
1.5514600e+00   14315223  4.7969025e+02 
1.5524880e+00   14345449  4.7901236e+02 
1.5535158e+00   14346957  4.7841994e+02 
1.5545432e+00   14374531  4.7789609e+02 
1.5555712e+00   14399029  4.7744733e+02 
1.5565987e+00   14400921  4.7706185e+02 
1.5576259e+00   14425513  4.7639630e+02 
1.5586535e+00   14455071  4.7628198e+02 
1.5596813e+00   14465377  4.7581874e+02 
1.5607089e+00   14488081  4.7488878e+02 
1.5617367e+00   14509683  4.7462392e+02 
1.5627647e+00   14531257  4.7438970e+02 
1.5637923e+00   14539101  4.7377336e+02 
1.5648199e+00   14568271  4.7324252e+02 
1.5658479e+00   14586789  4.7271565e+02 
1.5668754e+00   14594809  4.7230165e+02 
1.5679029e+00   14622769  4.7188906e+02 
1.5689306e+00   14639271  4.7136866e+02 
1.5699584e+00   14664049  4.7087052e+02 
1.5709862e+00   14677941  4.7061480e+02 
1.5720139e+00   14701747  4.7024610e+02 
1.5730418e+00   14718897  4.6955783e+02 
1.5740695e+00   14738485  4.6911831e+02 
1.5750968e+00   14742073  4.6869168e+02 
1.5761239e+00   14771667  4.6821705e+02 
1.5771517e+00   14801245  4.6773826e+02 
1.5781800e+00   14824005  4.6728392e+02 
1.5792076e+00   14824027  4.6674107e+02 
1.5802353e+00   14859165  4.6654512e+02 
1.5812631e+00   14871733  4.6561877e+02 
1.5822904e+00   14877823  4.6560334e+02 
1.5833178e+00   14916621  4.6501639e+02 
1.5843459e+00   14934865  4.6460475e+02 
1.5853737e+00   14946357  4.6415373e+02 
1.5864010e+00   14962735  4.6371729e+02 
1.5874285e+00   14986693  4.6310492e+02 
1.5884563e+00   15011649  4.6256085e+02 
1.5894842e+00   15029851  4.6218239e+02 
1.5905121e+00   15047889  4.6179777e+02 
1.5915398e+00   15066529  4.6140691e+02 
1.5925673e+00   15078789  4.6121640e+02 
1.5935950e+00   15110023  4.6032824e+02 
1.5946224e+00   15112717  4.5996134e+02 
1.5956499e+00   15148497  4.5946890e+02 
1.5966781e+00   15175279  4.5921428e+02 
1.5977063e+00   15182181  4.5876615e+02 
1.5987339e+00   15204301  4.5818287e+02 
1.5997614e+00   15213243  4.5792943e+02 
1.6007887e+00   15238969  4.5747272e+02 
1.6018166e+00   15269713  4.5671531e+02 
1.6028446e+00   15278253  4.5645971e+02 
1.6038723e+00   15307087  4.5606178e+02 
1.6048996e+00   15297285  4.5575130e+02 
1.6059269e+00   15351325  4.5503158e+02 
1.6069547e+00   15351183  4.5486900e+02 
1.6079825e+00   15389917  4.5414968e+02 
1.6090101e+00   15384073  4.5400198e+02 
1.6100372e+00   15415149  4.5335055e+02 
1.6110654e+00   15455647  4.5298222e+02 
1.6120933e+00   15445737  4.5263651e+02 
1.6131208e+00   15483265  4.5203142e+02 
1.6141484e+00   15488839  4.5160010e+02 
1.6151761e+00   15524793  4.5109067e+02 
1.6162041e+00   15538981  4.5062827e+02 
1.6172317e+00   15548157  4.5025578e+02 
1.6182591e+00   15577015  4.4999054e+02 
1.6192870e+00   15600585  4.4946511e+02 
1.6203148e+00   15613045  4.4912687e+02 
1.6213427e+00   15645943  4.4857687e+02 
1.6223703e+00   15639801  4.4809137e+02 
1.6233976e+00   15680785  4.4764124e+02 
1.6244254e+00   15692847  4.4726904e+02 
1.6254532e+00   15716017  4.4687720e+02 
1.6264810e+00   15739665  4.4650584e+02 
1.6275085e+00   15742249  4.4606575e+02 
1.6285360e+00   15780583  4.4555795e+02 
1.6295638e+00   15790677  4.4518479e+02 
1.6305915e+00   15818725  4.4464757e+02 
1.6316191e+00   15828603  4.4419370e+02 
1.6326465e+00   15850093  4.4373517e+02 
1.6336745e+00   15888385  4.4343606e+02 
1.6347022e+00   15879549  4.4316053e+02 
1.6357296e+00   15921175  4.4268035e+02 
1.6367577e+00   15938769  4.4230339e+02 
1.6377858e+00   15959797  4.4181856e+02 
1.6388133e+00   15963807  4.4153449e+02 
1.6398409e+00   16001029  4.4098946e+02 
1.6408685e+00   16005073  4.4065664e+02 
1.6418961e+00   16039467  4.4020376e+02 
1.6429240e+00   16057393  4.3972670e+02 
1.6439517e+00   16070829  4.3939746e+02 
1.6449791e+00   16088497  4.3888584e+02 
1.6460067e+00   16118067  4.3837326e+02 
1.6470346e+00   16139089  4.3801315e+02 
1.6480623e+00   16151773  4.3773601e+02 
1.6490898e+00   16170747  4.3717661e+02 
1.6501173e+00   16194649  4.3693353e+02 
1.6511450e+00   16217601  4.3659959e+02 
1.6521729e+00   16236481  4.3604410e+02 
1.6532006e+00   16258251  4.3566535e+02 
1.6542279e+00   16260553  4.3520638e+02 
1.6552556e+00   16309909  4.3476751e+02 
1.6562835e+00   16311147  4.3441983e+02 
1.6573112e+00   16341745  4.3416344e+02 
1.6583389e+00   16354281  4.3363943e+02 
1.6593664e+00   16371781  4.3310542e+02 
1.6603942e+00   16406947  4.3269449e+02 
1.6614217e+00   16403373  4.3231813e+02 
1.6624495e+00   16453477  4.3183719e+02 
1.6634776e+00   16459419  4.3160181e+02 
1.6645051e+00   16471501  4.3125232e+02 
1.6655331e+00   16516137  4.3071485e+02 
1.6665608e+00   16504159  4.3049641e+02 
1.6675876e+00   16525465  4.2989908e+02 
1.6686152e+00   16571937  4.2943497e+02 
1.6696436e+00   16591117  4.2919367e+02 
1.6706708e+00   16578843  4.2852343e+02 
1.6716982e+00   16632649  4.2834310e+02 
1.6727265e+00   16650993  4.2804289e+02 
1.6737544e+00   16660663  4.2755755e+02 
1.6747821e+00   16684369  4.2711734e+02 
1.6758097e+00   16700121  4.2673681e+02 
1.6768372e+00   16721977  4.2630339e+02 
1.6778649e+00   16744995  4.2597153e+02 
1.6788927e+00   16768717  4.2546290e+02 
1.6799203e+00   16778805  4.2509540e+02 
1.6809479e+00   16810759  4.2494240e+02 
1.6819755e+00   16819009  4.2440588e+02 
1.6830033e+00   16858617  4.2398594e+02 
1.6840312e+00   16862251  4.2354606e+02 
1.6850591e+00   16900725  4.2324295e+02 
1.6860868e+00   16897357  4.2287305e+02 
1.6871141e+00   16926949  4.2251503e+02 
1.6881420e+00   16960443  4.2221177e+02 
1.6891696e+00   16956937  4.2180771e+02 
1.6901974e+00   17009337  4.2132901e+02 
1.6912248e+00   16985959  4.2078430e+02 
1.6922523e+00   17053401  4.2046524e+02 
1.6932804e+00   17047561  4.1993932e+02 
1.6943079e+00   17072557  4.1959745e+02 
1.6953357e+00   17099859  4.1950815e+02 
1.6963633e+00   17107645  4.1884553e+02 
1.6973911e+00   17148669  4.1864061e+02 
1.6984186e+00   17140639  4.1816815e+02 
1.6994461e+00   17187633  4.1785680e+02 
1.7004740e+00   17196217  4.1761470e+02 
1.7015013e+00   17205895  4.1717975e+02 
1.7025292e+00   17261721  4.1679808e+02 
1.7035574e+00   17258713  4.1640322e+02 
1.7045849e+00   17276325  4.1575310e+02 
1.7056123e+00   17301799  4.1549834e+02 
1.7066398e+00   17318385  4.1497818e+02 
1.7076678e+00   17359357  4.1487666e+02 
1.7086955e+00   17353111  4.1460989e+02 
1.7097228e+00   17382117  4.1405524e+02 
1.7107507e+00   17418853  4.1359597e+02 
1.7117788e+00   17430357  4.1316156e+02 
1.7128065e+00   17448871  4.1288929e+02 
1.7138340e+00   17464321  4.1270766e+02 
1.7148616e+00   17490909  4.1227130e+02 
1.7158892e+00   17511355  4.1170035e+02 
1.7169168e+00   17528313  4.1156157e+02 
1.7179443e+00   17553289  4.1101664e+02 
1.7189720e+00   17578449  4.1074768e+02 
1.7199998e+00   17595391  4.1037245e+02 
1.7210276e+00   17620177  4.0999979e+02 
1.7220553e+00   17636193  4.0957247e+02 
1.7230829e+00   17657359  4.0919069e+02 
1.7241108e+00   17687181  4.0896083e+02 
1.7251387e+00   17703757  4.0864026e+02 
1.7261664e+00   17719587  4.0823477e+02 
1.7271938e+00   17736985  4.0797451e+02 
1.7282213e+00   17765233  4.0745478e+02 
1.7292493e+00   17796501  4.0712577e+02 
1.7302769e+00   17794195  4.0677454e+02 
1.7313043e+00   17827953  4.0641726e+02 
1.7323322e+00   17856361  4.0603592e+02 
1.7333600e+00   17868175  4.0559830e+02 
1.7343873e+00   17879625  4.0527124e+02 
1.7354147e+00   17917009  4.0500898e+02 
1.7364426e+00   17934033  4.0440934e+02 
1.7374704e+00   17962063  4.0419270e+02 
1.7384983e+00   17977005  4.0386655e+02 
1.7395259e+00   17992345  4.0357129e+02 
1.7405536e+00   18028051  4.0331532e+02 
1.7415812e+00   18024861  4.0278164e+02 
1.7426088e+00   18075409  4.0236863e+02 
1.7436369e+00   18082935  4.0221612e+02 
1.7446643e+00   18095581  4.0175101e+02 
1.7456918e+00   18128265  4.0144779e+02 
1.7467196e+00   18144421  4.0101990e+02 
1.7477474e+00   18178231  4.0065812e+02 
1.7487748e+00   18169113  4.0042069e+02 
1.7498022e+00   18219037  3.9996620e+02 
1.7508300e+00   18231507  3.9969606e+02 
1.7518578e+00   18257365  3.9933793e+02 
1.7528855e+00   18272121  3.9899597e+02 
1.7539131e+00   18296797  3.9869836e+02 
1.7549409e+00   18324199  3.9834072e+02 
1.7559689e+00   18343785  3.9779779e+02 
1.7569969e+00   18368197  3.9771115e+02 
1.7580244e+00   18368331  3.9728404e+02 
1.7590520e+00   18412501  3.9691210e+02 
1.7600796e+00   18417853  3.9658378e+02 
1.7611071e+00   18444825  3.9625403e+02 
1.7621347e+00   18469867  3.9594034e+02 
1.7631625e+00   18494313  3.9562401e+02 
1.7641903e+00   18510661  3.9531333e+02 
1.7652177e+00   18522459  3.9497536e+02 
1.7662454e+00   18566125  3.9463139e+02 
1.7672732e+00   18571033  3.9405030e+02 
1.7683008e+00   18599871  3.9397894e+02 
1.7693286e+00   18621001  3.9358352e+02 
1.7703565e+00   18649269  3.9316035e+02 
1.7713842e+00   18654517  3.9270337e+02 
1.7724118e+00   18691827  3.9258656e+02 
1.7734396e+00   18701053  3.9218478e+02 
1.7744672e+00   18730537  3.9197481e+02 
1.7754948e+00   18746967  3.9154229e+02 
1.7765227e+00   18778105  3.9136017e+02 
1.7775505e+00   18794805  3.9089627e+02 
1.7785780e+00   18803173  3.9044745e+02 
1.7796054e+00   18838587  3.9035709e+02 
1.7806333e+00   18862633  3.8984189e+02 
1.7816610e+00   18876337  3.8950921e+02 
1.7826885e+00   18900699  3.8917296e+02 
1.7837163e+00   18929005  3.8895542e+02 
1.7847439e+00   18936585  3.8846700e+02 
1.7857715e+00   18975175  3.8839206e+02 
1.7867995e+00   18990493  3.8808560e+02 
1.7878271e+00   19008705  3.8764515e+02 
1.7888545e+00   19024945  3.8733787e+02 
1.7898823e+00   19066671  3.8692028e+02 
1.7909102e+00   19071361  3.8668973e+02 
1.7919377e+00   19097349  3.8627954e+02 
1.7929652e+00   19116019  3.8598723e+02 
1.7939929e+00   19145185  3.8582698e+02 
1.7950205e+00   19162989  3.8540420e+02 
1.7960485e+00   19197685  3.8509085e+02 
1.7970764e+00   19204155  3.8483391e+02 
1.7981038e+00   19223953  3.8473594e+02 
1.7991315e+00   19260249  3.8399381e+02 
1.8001594e+00   19275043  3.8383733e+02 
1.8011871e+00   19293325  3.8350940e+02 
1.8022144e+00   19307805  3.8322636e+02 
1.8032421e+00   19351675  3.8290433e+02 
1.8042699e+00   19353285  3.8258604e+02 
1.8052972e+00   19380493  3.8233170e+02 
1.8063248e+00   19407597  3.8216940e+02 
1.8073528e+00   19440415  3.8179194e+02 
1.8083807e+00   19446517  3.8139066e+02 
1.8094086e+00   19483845  3.8117057e+02 
1.8104359e+00   19472083  3.8095814e+02 
1.8114635e+00   19533489  3.8050636e+02 
1.8124914e+00   19531105  3.8003604e+02 
1.8135191e+00   19570117  3.7986708e+02 
1.8145466e+00   19570551  3.7959345e+02 
1.8155743e+00   19615921  3.7921139e+02 
1.8166021e+00   19622253  3.7894049e+02 
1.8176297e+00   19656343  3.7858961e+02 
1.8186573e+00   19661433  3.7846320e+02 
1.8196851e+00   19709197  3.7819863e+02 
1.8207128e+00   19704493  3.7779100e+02 
1.8217405e+00   19752807  3.7744472e+02 
1.8227681e+00   19745221  3.7733690e+02 
1.8237956e+00   19787901  3.7691742e+02 
1.8248235e+00   19812067  3.7652827e+02 
1.8258511e+00   19820313  3.7625213e+02 
1.8268786e+00   19849417  3.7606939e+02 
1.8279064e+00   19879639  3.7566120e+02 
1.8289342e+00   19891029  3.7547979e+02 
1.8299616e+00   19914265  3.7514074e+02 
1.8309895e+00   19950237  3.7488000e+02 
1.8320173e+00   19959619  3.7448549e+02 
1.8330450e+00   19985569  3.7416353e+02 
1.8340728e+00   20012145  3.7403857e+02 
1.8351003e+00   20018875  3.7360982e+02 
1.8361278e+00   20054445  3.7349574e+02 
1.8371554e+00   20070229  3.7312948e+02 
1.8381831e+00   20100441  3.7291373e+02 
1.8392108e+00   20118823  3.7257477e+02 
1.8402388e+00   20153665  3.7224404e+02 
1.8412668e+00   20166441  3.7208535e+02 
1.8422943e+00   20177839  3.7174401e+02 
1.8433220e+00   20215653  3.7140189e+02 
1.8443497e+00   20231617  3.7103677e+02 
1.8453774e+00   20254371  3.7097172e+02 
1.8464051e+00   20277361  3.7065843e+02 
1.8474328e+00   20302681  3.7043614e+02 
1.8484603e+00   20309481  3.7008329e+02 
1.8494875e+00   20339455  3.6970707e+02 
1.8505154e+00   20381577  3.6953513e+02 
1.8515435e+00   20392429  3.6925783e+02 
1.8525710e+00   20406939  3.6898517e+02 
1.8535984e+00   20425765  3.6870083e+02 
1.8546259e+00   20463961  3.6830772e+02 
1.8556538e+00   20481621  3.6817542e+02 
1.8566817e+00   20512723  3.6794527e+02 
1.8577095e+00   20520813  3.6765308e+02 
1.8587371e+00   20548885  3.6737238e+02 
1.8597647e+00   20572423  3.6710144e+02 
1.8607923e+00   20589009  3.6664675e+02 
1.8618202e+00   20630377  3.6644594e+02 
1.8628477e+00   20619051  3.6633553e+02 
1.8638751e+00   20675137  3.6604494e+02 
1.8649034e+00   20697825  3.6579589e+02 
1.8659310e+00   20692657  3.6556694e+02 
1.8669584e+00   20735719  3.6530354e+02 
1.8679862e+00   20750493  3.6494256e+02 
1.8690138e+00   20779645  3.6468744e+02 
1.8700417e+00   20806191  3.6442302e+02 
1.8710694e+00   20814073  3.6427701e+02 
1.8720968e+00   20846337  3.6395690e+02 
1.8731246e+00   20868673  3.6360734e+02 
1.8741523e+00   20895751  3.6365675e+02 
1.8751799e+00   20902869  3.6323631e+02 
1.8762076e+00   20948665  3.6291188e+02 
1.8772354e+00   20955315  3.6266855e+02 
1.8782630e+00   20983321  3.6249671e+02 
1.8792908e+00   21010377  3.6217309e+02 
1.8803183e+00   21016801  3.6187596e+02 
1.8813461e+00   21069043  3.6175803e+02 
1.8823743e+00   21082293  3.6141788e+02 
1.8834016e+00   21072541  3.6109713e+02 
1.8844287e+00   21124059  3.6088087e+02 
1.8854567e+00   21150445  3.6072010e+02 
1.8864843e+00   21160345  3.6042492e+02 
1.8875120e+00   21198651  3.6017717e+02 
1.8885398e+00   21204721  3.6001014e+02 
1.8895672e+00   21236505  3.5973349e+02 
1.8905951e+00   21268249  3.5957354e+02 
1.8916230e+00   21283563  3.5936831e+02 
1.8926504e+00   21289393  3.5899046e+02 
1.8936781e+00   21347437  3.5870178e+02 
1.8947060e+00   21343587  3.5863391e+02 
1.8957336e+00   21379477  3.5830559e+02 
1.8967614e+00   21398253  3.5795353e+02 
1.8977888e+00   21411481  3.5776942e+02 
1.8988161e+00   21440271  3.5769262e+02 
1.8998440e+00   21480241  3.5744747e+02 
1.9008719e+00   21487681  3.5715529e+02 
1.9018994e+00   21509715  3.5705555e+02 
1.9029274e+00   21552913  3.5681499e+02 
1.9039552e+00   21553857  3.5639517e+02 
1.9049828e+00   21587971  3.5622180e+02 
1.9060105e+00   21603021  3.5604051e+02 
1.9070381e+00   21633973  3.5561781e+02 
1.9080660e+00   21659701  3.5558925e+02 
1.9090935e+00   21662943  3.5533009e+02 
1.9101209e+00   21704185  3.5515997e+02 
1.9111487e+00   21725709  3.5488900e+02 
1.9121763e+00   21741679  3.5483092e+02 
1.9132040e+00   21777385  3.5457568e+02 
1.9142319e+00   21800865  3.5424341e+02 
1.9152595e+00   21803413  3.5402699e+02 
1.9162873e+00   21860463  3.5368613e+02 
1.9173151e+00   21854377  3.5359963e+02 
1.9183425e+00   21883137  3.5332199e+02 
1.9193701e+00   21914743  3.5340011e+02 
1.9203979e+00   21933637  3.5307074e+02 
1.9214257e+00   21967593  3.5270005e+02 
1.9224533e+00   21967861  3.5254036e+02 
1.9234812e+00   22029099  3.5235472e+02 
1.9245092e+00   22017721  3.5218175e+02 
1.9255364e+00   22043985  3.5195495e+02 
1.9265641e+00   22085647  3.5173696e+02 
1.9275916e+00   22082569  3.5157969e+02 
1.9286194e+00   22143657  3.5138050e+02 
1.9296473e+00   22138507  3.5118883e+02 
1.9306747e+00   22163373  3.5100140e+02 
1.9317024e+00   22201837  3.5076630e+02 
1.9327303e+00   22220605  3.5064643e+02 
1.9337578e+00   22232271  3.5034757e+02 
1.9347854e+00   22270033  3.5028271e+02 
1.9358130e+00   22279353  3.4991887e+02 
1.9368407e+00   22319299  3.4984917e+02 
1.9378688e+00   22347837  3.4953599e+02 
1.9388965e+00   22349797  3.4931207e+02 
1.9399239e+00   22379269  3.4937130e+02 
1.9409514e+00   22402191  3.4906515e+02 
1.9419793e+00   22448653  3.4888292e+02 
1.9430072e+00   22441773  3.4859594e+02 
1.9440345e+00   22477099  3.4848256e+02 
1.9450621e+00   22500717  3.4829015e+02 
1.9460898e+00   22526245  3.4815142e+02 
1.9471175e+00   22550827  3.4798798e+02 
1.9481453e+00   22578117  3.4773037e+02 
1.9491730e+00   22593757  3.4761042e+02 
1.9502005e+00   22611177  3.4747030e+02 
1.9512281e+00   22656607  3.4745577e+02 
1.9522561e+00   22669389  3.4696148e+02 
1.9532838e+00   22691245  3.4686035e+02 
1.9543113e+00   22711723  3.4668129e+02 
1.9553392e+00   22752777  3.4663965e+02 
1.9563669e+00   22757473  3.4635508e+02 
1.9573947e+00   22796325  3.4635106e+02 
1.9584223e+00   22802227  3.4608895e+02 
1.9594497e+00   22832677  3.4588644e+02 
1.9604773e+00   22860465  3.4577058e+02 
1.9615051e+00   22889647  3.4559628e+02 
1.9625329e+00   22908069  3.4551131e+02 
1.9635604e+00   22920961  3.4534057e+02 
1.9645883e+00   22978023  3.4518343e+02 
1.9656164e+00   22976677  3.4492349e+02 
1.9666439e+00   22999117  3.4490781e+02 
1.9676714e+00   23026953  3.4447063e+02 
1.9686992e+00   23056627  3.4438966e+02 
1.9697268e+00   23067441  3.4437558e+02 
1.9707543e+00   23104057  3.4420881e+02 
1.9717820e+00   23121639  3.4393733e+02 
1.9728097e+00   23149393  3.4375514e+02 
1.9738376e+00   23186293  3.4370979e+02 
1.9748654e+00   23186349  3.4352637e+02 
1.9758928e+00   23217367  3.4348030e+02 
1.9769202e+00   23235633  3.4335096e+02 
1.9779479e+00   23279329  3.4316987e+02 
1.9789758e+00   23295639  3.4301181e+02 
1.9800035e+00   23316841  3.4286717e+02 
1.9810311e+00   23337409  3.4274425e+02 
1.9820588e+00   23374005  3.4267086e+02 
1.9830868e+00   23398279  3.4249941e+02 
1.9841146e+00   23410437  3.4230586e+02 
1.9851420e+00   23429593  3.4226088e+02 
1.9861694e+00   23462347  3.4217585e+02 
1.9871972e+00   23492421  3.4198517e+02 
1.9882250e+00   23510269  3.4181553e+02 
1.9892526e+00   23534931  3.4171263e+02 
1.9902802e+00   23558773  3.4161796e+02 
1.9913081e+00   23593713  3.4152577e+02 
1.9923360e+00   23608693  3.4148517e+02 
1.9933635e+00   23628847  3.4114819e+02 
1.9943910e+00   23650749  3.4128284e+02 
1.9954185e+00   23682073  3.4107594e+02 
1.9964463e+00   23714931  3.4086457e+02 
1.9974739e+00   23718901  3.4079196e+02 
1.9985015e+00   23763117  3.4072867e+02 
1.9995293e+00   23776489  3.4052778e+02 
2.0005571e+00   23815027  3.4048959e+02 
2.0015848e+00   23817849  3.4042379e+02 
2.0026126e+00   23868757  3.4041107e+02 
2.0036406e+00   23877567  3.4018672e+02 
2.0046679e+00   23885785  3.4001211e+02 
2.0056954e+00   23936577  3.3998165e+02 
2.0067233e+00   23951155  3.3991465e+02 
2.0077512e+00   23982469  3.3982311e+02 
2.0087786e+00   23985045  3.3973652e+02 
2.0098064e+00   24040093  3.3965223e+02 
2.0108342e+00   24045231  3.3948128e+02 
2.0118615e+00   24055453  3.3947434e+02 
2.0128889e+00   24107677  3.3932910e+02 
2.0139168e+00   24126243  3.3920409e+02 
2.0149447e+00   24151117  3.3923833e+02 
2.0159722e+00   24164841  3.3899931e+02 
2.0170001e+00   24213985  3.3889411e+02 
2.0180281e+00   24221487  3.3898554e+02 
2.0190555e+00   24229933  3.3876422e+02 
2.0200830e+00   24281257  3.3895236e+02 
2.0211110e+00   24301935  3.3875703e+02 
2.0221386e+00   24307213  3.3872486e+02 
2.0231661e+00   24355677  3.3872069e+02 
2.0241938e+00   24355753  3.3861750e+02 
2.0252213e+00   24403143  3.3855759e+02 
2.0262491e+00   24415429  3.3846519e+02 
2.0272766e+00   24438793  3.3836243e+02 
2.0283043e+00   24478347  3.3830280e+02 
2.0293319e+00   24481885  3.3824463e+02 
2.0303597e+00   24533769  3.3827461e+02 
2.0313875e+00   24537751  3.3817424e+02 
2.0324150e+00   24564757  3.3822102e+02 
2.0334428e+00   24605025  3.3809300e+02 
2.0344707e+00   24614941  3.3807139e+02 
2.0354984e+00   24645891  3.3798736e+02 
2.0365257e+00   24647569  3.3797443e+02 
2.0375537e+00   24727845  3.3796502e+02 
2.0385816e+00   24695479  3.3791320e+02 
2.0396091e+00   24755905  3.3783739e+02 
2.0406370e+00   24765057  3.3780826e+02 
2.0416645e+00   24784657  3.3773771e+02 
2.0426920e+00   24818931  3.3772807e+02 
2.0437197e+00   24844753  3.3784418e+02 
2.0447476e+00   24871365  3.3775813e+02 
2.0457751e+00   24884551  3.3782985e+02 
2.0468031e+00   24937621  3.3759858e+02 
2.0478309e+00   24928077  3.3767684e+02 
2.0488583e+00   24972439  3.3766308e+02 
2.0498861e+00   24991785  3.3759419e+02 
2.0509136e+00   25008373  3.3775962e+02 
2.0519412e+00   25048497  3.3763681e+02 
2.0529689e+00   25063795  3.3760390e+02 
2.0539961e+00   25073281  3.3758150e+02 
2.0550237e+00   25133037  3.3765180e+02 
2.0560516e+00   25141747  3.3769900e+02 
2.0570796e+00   25181853  3.3760932e+02 
2.0581073e+00   25184941  3.3760107e+02 
2.0591352e+00   25237417  3.3762038e+02 
2.0601631e+00   25236687  3.3761451e+02 
2.0611906e+00   25268293  3.3753027e+02 
2.0622181e+00   25283073  3.3777869e+02 
2.0632457e+00   25328935  3.3779878e+02 
2.0642732e+00   25323009  3.3769360e+02 
2.0653008e+00   25392217  3.3781167e+02 
2.0663287e+00   25384471  3.3785425e+02 
2.0673564e+00   25429437  3.3778617e+02 
2.0683841e+00   25439545  3.3783582e+02 
2.0694117e+00   25470465  3.3782544e+02 
2.0704394e+00   25498339  3.3782310e+02 
2.0714672e+00   25525041  3.3792488e+02 
2.0724949e+00   25547473  3.3790338e+02 
2.0735223e+00   25559467  3.3802325e+02 
2.0745502e+00   25618917  3.3798683e+02 
2.0755779e+00   25604413  3.3817553e+02 
2.0766053e+00   25651941  3.3811994e+02 
2.0776332e+00   25679587  3.3837226e+02 
2.0786610e+00   25699809  3.3832098e+02 
2.0796884e+00   25713373  3.3831237e+02 
2.0807159e+00   25752979  3.3829465e+02 
2.0817439e+00   25785345  3.3851908e+02 
2.0827718e+00   25804813  3.3855239e+02 
2.0837995e+00   25822977  3.3866192e+02 
2.0848270e+00   25844155  3.3876470e+02 
2.0858547e+00   25887865  3.3879358e+02 
2.0868826e+00   25902909  3.3890081e+02 
2.0879103e+00   25932403  3.3905190e+02 
2.0889380e+00   25946853  3.3911504e+02 
2.0899654e+00   25975213  3.3903651e+02 
2.0909933e+00   26019903  3.3936673e+02 
2.0920209e+00   26012917  3.3925611e+02 
2.0930484e+00   26063005  3.3931730e+02 
2.0940762e+00   26082069  3.3950027e+02 
2.0951037e+00   26098783  3.3968781e+02 
2.0961310e+00   26120013  3.3968701e+02 
2.0971587e+00   26174233  3.3985374e+02 
2.0981867e+00   26186619  3.4002244e+02 
2.0992145e+00   26213233  3.4007196e+02 
2.1002422e+00   26232037  3.4018750e+02 
2.1012696e+00   26251725  3.4038382e+02 
2.1022972e+00   26292379  3.4047023e+02 
2.1033249e+00   26305989  3.4070119e+02 
2.1043526e+00   26347426  3.4071315e+02 
