4034199552 3385053184 3356144640
3860987904 3263393792 3234153472
3860979712 3263467520 3234216960
3860713472 3263299584 3234045952
3860733952 3263086592 3233886208
3860262912 3262824448 3233690624
3860754432 3263172608 3233961984
3859939328 3264266240 3235041280
3860209664 3263926272 3233519616
3860467712 3264348160 3233910784
3860152320 3263873024 3233609728
3860201472 3264516096 3233669120
3860410368 3266617344 3236029440
3860725760 3265064960 3234281472
3860996096 3265232896 3234481152
3860205568 3264413696 3233684480
3861880832 3265560576 3235312640
3859681280 3263586304 3233209344
3859947520 3263864832 3233442816
3859685376 3263647744 3233183744
3860082688 3263913984 3233596416
3860094976 3263991808 3233586176
3860574208 3264495616 3234028544
3860791296 3264790528 3234280448
3861258240 3262828544 3234396160
3860520960 3262238720 3233750016
3860725760 3262267392 3233781760
3861299200 3263086592 3234459648
3859427328 3263401984 3234727936
3860209664 3262083072 3233320960
3860471808 3264413696 3235698688
3861254144 3265269760 3236442112
