4114472960 3482742784 3452503040
3926761472 3330273280 3299941376
3962810368 3371208704 3340919808
3947376640 3351019520 3320745984
3939180544 3342524416 3312435200
3930365952 3333599232 3303662592
3925266432 3328753664 3298404352
3925200896 3330502656 3300306944
3924320256 3329220608 3297746944
3925504000 3330203648 3298923520
3940974592 3345940480 3314364416
3952627712 3362729984 3330771968
3935252480 3342598144 3310744576
3925868544 3331387392 3299433472
3925536768 3331330048 3299208192
3950522368 3360624640 3328593920
3937210368 3341930496 3310567424
3924180992 3329064960 3297656832
3924381696 3331768320 3299981312
3923185664 3328565248 3296745472
3934539776 3339612160 3307939840
3933880320 3339038720 3307382784
3929350144 3334656000 3302695936
3930259456 3335589888 3303687168
3947921408 3350515712 3321122816
3930345472 3333062656 3303620608
3969921024 3377401856 3347826688
3944591360 3347460096 3317744640
3956232192 3365941248 3336103936
3949555712 3357282304 3327479808
3926573056 3331858432 3301761024
3941322752 3346673664 3316648960
