4041240576 3392651264 3363151872
3866492928 3269357568 3239697408
3867500544 3270365184 3240786944
3868151808 3271057408 3241399296
3867529216 3270213632 3240635392
3866214400 3268853760 3239483392
3866259456 3269115904 3239504896
3865444352 3270094848 3240535040
3865452544 3269939200 3238931456
3865972736 3270262784 3239457792
3867168768 3271286784 3240432640
3865706496 3270610944 3239208960
3866783744 3273486336 3242314752
3866230784 3271196672 3239811072
3866501120 3271303168 3239986176
3865710592 3270402048 3239196672
3867676672 3271847936 3241121792
3865448448 3269697536 3238829056
3865452544 3270074368 3238982656
3865190400 3269812224 3238710272
3866578944 3270926336 3239985152
3866419200 3270701056 3239780352
3866394624 3270909952 3239902208
3866406912 3270901760 3239881728
3869069312 3270938624 3242058752
3866542080 3268800512 3239771136
3868082176 3270000640 3241098240
3868450816 3270717440 3241610240
3865153536 3269734400 3240502272
3865452544 3267960832 3238743040
3866238976 3270721536 3241374720
3868000256 3272593408 3243280384
