4063145984 3431440384 3401250816
3885105152 3288674304 3258351616
3888869376 3292524544 3262246912
3891585024 3295277056 3265021952
3888865280 3292225536 3262137344
3885322240 3288555520 3258624000
3884347392 3287920640 3257575424
3883794432 3288944640 3258761216
3883802624 3288760320 3257294848
3884322816 3288891392 3257632768
3889192960 3294101504 3262548992
3883794432 3289268224 3257326592
3887403008 3294765056 3262920704
3884580864 3290009600 3258055680
3884589056 3290238976 3258144768
3883798528 3289387008 3257364480
3888750592 3293483008 3262133248
3883536384 3288371200 3256967168
3883802624 3291058176 3259316224
3883278336 3288588288 3256773632
3886870528 3291885568 3260219392
3886460928 3291537408 3259888640
3885031424 3290468352 3258509312
3885199360 3290595328 3258713088
3892563968 3295100928 3265712128
3885539328 3288109056 3258672128
3890884608 3293659136 3264099328
3891167232 3294191616 3264488448
3885072384 3290177536 3260358656
3883802624 3286687744 3256897536
3884589056 3289833472 3259778048
3890085888 3295465472 3265464320
