4061966336 3430223872 3399993344
3884318720 3287977984 3257659392
3887960064 3291611136 3261333504
3890556928 3294273536 3264022528
3887980544 3291353088 3261264896
3884511232 3287797760 3257866240
3883560960 3287183360 3256842240
3883008000 3288166400 3257982976
3883016192 3288006656 3256541184
3883536384 3288150016 3256879104
3888275456 3293200384 3261648896
3883008000 3288514560 3256572928
3886555136 3293949952 3262105600
3883794432 3289280512 3257326592
3883802624 3289518080 3257427968
3883012096 3288670208 3256648704
3887915008 3292667904 3261317120
3882749952 3287678976 3256274944
3883016192 3290329088 3258565632
3882491904 3287838720 3256027136
3886010368 3291045888 3259379712
3885592576 3290746880 3259098112
3884244992 3289718784 3257759744
3884400640 3289817088 3257942016
3891548160 3294117888 3264729088
3884752896 3287371776 3257934848
3889913856 3292725248 3263165440
3890225152 3293270016 3263566848
3884228608 3289387008 3259568128
3883016192 3285950464 3256163328
3883802624 3289112576 3259036672
3889164288 3294519296 3264518144
