4030525440 3381411840 3352558592
3857842176 3260198912 3231118336
3857887232 3260047360 3231079424
3857141760 3259478016 3230551040
3857354752 3259695104 3230731264
3857354752 3259715584 3230693376
3857608704 3260071936 3231003648
3857055744 3261239296 3232108544
3857063936 3260641280 3230537728
3857584128 3261177856 3230943232
3857084416 3260477440 3230499840
3857317888 3261157376 3230788608
3857367040 3263193088 3232899072
3857842176 3261882368 3231392768
3857850368 3261906944 3231441920
3857059840 3261198336 3230735360
3858780160 3262148608 3232102400
3856797696 3260440576 3230289920
3857063936 3260809216 3230589952
3856801792 3260493824 3230271488
3857088512 3260669952 3230551040
3857088512 3260715008 3230497792
3857616896 3261181952 3230927872
3857858560 3261513728 3231218688
3857936384 3259207680 3230962688
3857588224 3258953728 3230639104
3857166336 3258744832 3230394368
3857887232 3259449344 3231039488
3856543744 3260178432 3231776768
3857326080 3258863616 3230343168
3857588224 3261304832 3232795648
3857887232 3261833216 3233223680
