4088594432 3456901120 3426661376
3903975424 3307626496 3277295616
3912822784 3316224000 3285935104
3918188544 3321810944 3291537408
3912761344 3316125696 3286036480
3906514944 3309903872 3279967232
3902046208 3305734144 3275384832
3901145088 3306401792 3276210176
3901587456 3306438656 3274968064
3901763584 3306348544 3275068416
3911561216 3316445184 3284869120
3901259776 3306815488 3274860544
3910070272 3317477376 3285623808
3902808064 3308163072 3276209152
3901857792 3307737088 3275619328
3901267968 3306962944 3274932224
3911876608 3316658176 3285298176
3900874752 3305631744 3274223616
3903733760 3311050752 3279264768
3901038592 3306303488 3274484736
3909537792 3314737152 3283065856
3908915200 3313975296 3282326528
3904151552 3309625344 3277666304
3906813952 3312205824 3280307200
3919233024 3321618432 3292225536
3906756608 3309326336 3279884288
3913748480 3316555776 3286988800
3913871360 3316867072 3287153664
3906633728 3311767552 3281937408
3924262912 3331911680 3302114304
3902111744 3307483136 3277390848
3912040448 3317448704 3287426048
