4067549184 3435974656 3405739008
3888775168 3292274688 3262000128
3893506048 3297091584 3266810880
3896926208 3300528128 3270261760
3893526528 3296747520 3266674688
3889127424 3292405760 3262469120
3888017408 3291615232 3261287424
3887464448 3292647424 3262522368
3887472640 3292327936 3260862464
3887992832 3292594176 3261319168
3893833728 3298865152 3267337216
3887464448 3292979200 3261078528
3891593216 3298951168 3267105792
3888250880 3293573120 3261623296
3888259072 3293986816 3261872128
3887468544 3293007872 3261002752
3892830208 3297697792 3266338816
3887206400 3292065792 3260661760
3887472640 3294752768 3263060992
3886948352 3292119040 3260378112
3891048448 3296161792 3264494592
3890606080 3295731712 3264082944
3888701440 3294175232 3262216192
3889180672 3294547968 3262653440
3897843712 3300331520 3270939648
3889270784 3291987968 3262550016
3896041472 3298787328 3269223424
3896242176 3299155968 3269470208
3888988160 3294146560 3264337920
3887472640 3290415104 3260620800
3888259072 3293544448 3263465472
3894841344 3300130816 3270149120
