4115750912 3484061696 3453993984
3929612288 3333308416 3302980608
3977977856 3386159104 3355902976
3949236224 3352940544 3322732544
3940777984 3343998976 3313926144
3931099136 3334438912 3304539136
3927498752 3331100672 3300784128
3927453696 3332874240 3302707200
3927298048 3332304896 3300831232
3928555520 3333165056 3301880832
3942645760 3347709952 3316142080
3952627712 3362885632 3330916352
3936215040 3343765504 3311911936
3928387584 3333824512 3301870592
3928846336 3334496256 3302382592
3955277824 3365486592 3333459968
3938594816 3343515648 3312197632
3927199744 3331829760 3300548608
3927228416 3334582272 3302823936
3926179840 3331399680 3299612672
3935440896 3340709888 3309049856
3935555584 3340554240 3308898304
3930398720 3335819264 3303859200
3931144192 3336646656 3304780800
3950075904 3352674304 3323285504
3931508736 3334107136 3304702976
3970637824 3378282496 3348703232
3946229760 3349327872 3319612416
3956363264 3366199296 3336361984
3949555712 3357417472 3327614976
3928825856 3334254592 3304190976
3943174144 3348418560 3318493184
