4155338752 3523772416 3493512192
3957555200 3361091584 3330744320
4001828864 3410284544 3379964928
3992616960 3396202496 3365896192
3979743232 3383119872 3353000960
3966963712 3370131456 3340187648
3954032640 3357855744 3327494144
3954765824 3360174080 3329975296
3953905664 3358900224 3327411200
3956125696 3360845824 3329533952
4007723008 3417370624 3385754624
3973259264 3383611392 3351609344
3973705728 3381030912 3349146624
3955703808 3361226752 3329254400
3955658752 3361447936 3329326080
3971002368 3381235712 3349189632
3977678848 3382546432 3351179264
3953733632 3360321536 3328906240
3954216960 3361447936 3329641472
3952087040 3357372416 3325522944
3972358144 3377483776 3345773568
3972395008 3377664000 3345992704
3993268224 3403513856 3371543552
3967188992 3372589056 3340670976
3993772032 3396247552 3366839296
3967811584 3370524672 3341071360
4020219904 3427643392 3398055936
3988320256 3391242240 3361494016
3991392256 3401519104 3371666432
3980828672 3388522496 3358711808
3956281344 3361558528 3331445760
3983728640 3389001728 3358951424
