1374953472 763080704 743273472
1320087552 744173568 724307968
1321148416 744173568 724299776
1320079360 744181760 724323328
1322205184 744140800 724276224
1322205184 744185856 724306944
1321136128 744157184 724282368
1320067072 746008576 726137856
1323261952 744144896 724269056
1323261952 744132608 724261888
1322192896 744128512 724255744
1322192896 744173568 724298752
1322192896 744136704 724260864
1322192896 744144896 724270080
1321123840 744148992 724274176
1320054784 744120320 724258816
1323261952 744095744 724260864
1323261952 744083456 724245504
1322192896 744071168 724240384
1322192896 744067072 724238336
1326387200 748294144 728462336
1322192896 744103936 724267008
1321123840 744120320 724281344
1321123840 744112128 724274176
1322192896 744083456 724254720
1322192896 744103936 724277248
1321123840 744103936 724278272
1321123840 744108032 724273152
1321123840 746168320 726327296
1321123840 744112128 724283392
1320054784 744124416 724299776
1318985728 744095744 724301824
