4129763328 3497943040 3467703296
3940601856 3344138240 3313806336
3989118976 3397517312 3367224320
3965034496 3368538112 3338251264
3954438144 3357786112 3327683584
3943710720 3346939904 3317000192
3937693696 3341623296 3311269888
3938066432 3343413248 3313217536
3937501184 3342409728 3310936064
3938975744 3343765504 3312470016
3976024064 3385708544 3354124288
3958001664 3368116224 3336130560
3949940736 3357241344 3325383680
3938902016 3344539648 3312568320
3939008512 3344920576 3312798720
3955539968 3365912576 3333874688
3952107520 3356827648 3325463552
3937406976 3344179200 3312763904
3937525760 3344908288 3313117184
3936231424 3341598720 3309770752
3948654592 3353739264 3322058752
3948363776 3353493504 3321836544
3968212992 3378454528 3346484224
3943669760 3349032960 3317129216
3965313024 3367690240 3338290176
3943796736 3346505728 3317052416
3986968576 3394457600 3364874240
3960975360 3363889152 3334162432
3961831424 3371773952 3341935616
3960008704 3367686144 3337882624
3939520512 3344916480 3314810880
3957051392 3362455552 3332419584
