4017106944 3366748160 3339049984
3844210688 3245142016 3217461248
3843956736 3244933120 3217176576
3843686400 3244572672 3216989184
3843948544 3244822528 3217172480
3843686400 3245023232 3217277952
3843952640 3245178880 3217270784
3843948544 3246911488 3219079168
3843694592 3245441024 3217003520
3843690496 3245105152 3217043456
3843690496 3245211648 3216979968
3843948544 3245502464 3217332224
3843948544 3247693824 3219328000
3844210688 3246153728 3217557504
3843694592 3246014464 3217358848
3843690496 3245690880 3217114112
3843952640 3245420544 3217386496
3843690496 3245412352 3217250304
3843956736 3245461504 3217195008
3843694592 3245101056 3217110016
3843956736 3245637632 3217257472
3843694592 3245391872 3217033216
3843698688 3245613056 3217187840
3843952640 3245912064 3217379328
3843694592 3244044288 3216835584
3843694592 3244150784 3216999424
3843436544 3243810816 3216629760
3843694592 3243962368 3216867328
3843436544 3245953024 3218744320
3843956736 3244314624 3217037312
3844218880 3246764032 3219389440
3843956736 3244355584 3217091584
