4143210496 3511500800 3481252864
3951669248 3355340800 3325008896
4001120256 3409420288 3379108864
3980222464 3384029184 3353726976
3967922176 3371126784 3341008896
3955474432 3358793728 3328866304
3948462080 3352186880 3321845760
3948871680 3354193920 3323999232
3947905024 3352866816 3321398272
3949887488 3354521600 3323223040
3992928256 3402727424 3371137024
3972997120 3383230464 3351229440
3962425344 3369877504 3338020864
3950227456 3355594752 3323622400
3950014464 3355754496 3323632640
3970740224 3380883456 3348838400
3965915136 3370590208 3339223040
3948195840 3354755072 3323339776
3947921408 3355381760 3323592704
3946971136 3352162304 3320313856
3960987648 3366236160 3334528000
3961679872 3366727680 3335057408
3993006080 3403149312 3371179008
3956105216 3361595392 3329684480
3980242944 3382755328 3353404416
3955982336 3358535680 3329082368
4003434496 3411001344 3381437440
3975729152 3378769920 3349029888
3991007232 3400921088 3371069440
3980304384 3388141568 3358330880
3950284800 3355779072 3325669376
3971149824 3376500736 3346457600
