4129161216 3497570304 3467330560
3937878016 3341574144 3311242240
3988889600 3397111808 3366818816
3964067840 3367669760 3337396224
3954102272 3357274112 3327184896
3943362560 3346702336 3316765696
3935449088 3339137024 3308787712
3935531008 3340914688 3310718976
3934883840 3339972608 3308498944
3936661504 3341258752 3309963264
3975266304 3385057280 3353473024
3952889856 3363139584 3331167232
3949436928 3356844032 3324990464
3936563200 3341963264 3310009344
3936485376 3342393344 3310271488
3955539968 3365756928 3333719040
3951611904 3356430336 3325066240
3935162368 3341692928 3310277632
3935195136 3342508032 3310716928
3933921280 3339264000 3307436032
3948195840 3353362432 3321689088
3947847680 3353079808 3321422848
3963408384 3373543424 3341573120
3943346176 3348803584 3316899840
3964456960 3366936576 3337536512
3943747584 3346313216 3316859904
3986149376 3393753088 3364169728
3960156160 3363164160 3333437440
3961769984 3371552768 3341714432
3949817856 3357667328 3327863808
3936976896 3342397440 3312291840
3956699136 3361927168 3331891200
