3863969792 3265826816 3237066752
3864674304 3266871296 3238025216
3864760320 3267063808 3237992448
3865329664 3267612672 3238532096
3864494080 3266891776 3237788672
3864178688 3266527232 3237386240
3864739840 3267346432 3238141952
3864477696 3267055616 3237748736
3863891968 3269656576 3239316480
3865030656 3268698112 3238414336
3863965696 3268050944 3237359616
3864170496 3270557696 3239768064
3864678400 3268939776 3238114304
3863896064 3267846144 3237211136
3864158208 3268685824 3237728256
3864944640 3269545984 3238424576
3863371776 3267497984 3236851712
3864170496 3268218880 3237541888
3864158208 3268198400 3237588992
3863891968 3268165632 3237350400
3864436736 3268595712 3238019072
3864858624 3269505024 3238646784
3864158208 3268554752 3237727232
3864158208 3268587520 3237633024
3864367104 3266281472 3237558272
3864764416 3266666496 3237990400
3864723456 3266895872 3238043648
3864371200 3266424832 3237556224
3865337856 3267170304 3238387712
3863638016 3268243456 3239008256
3863900160 3266088960 3236996096
3864698880 3267084288 3237962752
