3933257728 3337687040 3308514304
3942010880 3344515072 3315265536
3943653376 3346542592 3316966400
3955302400 3357921280 3328408576
3942977536 3345809408 3316207616
3933638656 3336376320 3306853376
3947757568 3350794240 3320923136
3947548672 3350540288 3320685568
3931975680 3338305536 3307296768
3953655808 3357773824 3326904320
3932463104 3337265152 3305812992
3932594176 3339575296 3308165120
3934068736 3339001856 3307580416
3932704768 3337355264 3306099712
3931594752 3336929280 3305195520
3932012544 3337568256 3305668608
3930419200 3335237632 3303875584
3933683712 3338395648 3307012096
3933831168 3338768384 3307174912
3932950528 3338211328 3306555392
3951742976 3356676096 3325176832
3946639360 3351953408 3320308736
3932520448 3337883648 3305950208
3932352512 3337850880 3305885696
3933929472 3336552448 3307187200
3944390656 3348594688 3319294976
3934343168 3337400320 3307738112
3941892096 3344695296 3315078144
3945857024 3348795392 3319140352
3931017216 3336355840 3306442752
3932045312 3335512064 3305462784
3933958144 3337224192 3307190272
