3866329088 3268571136 3239598080
3867045888 3269500928 3240425472
3867205632 3269824512 3240550400
3868307456 3270909952 3241640960
3866988544 3269586944 3240308736
3866800128 3269230592 3239931904
3867684864 3270426624 3240999936
3867365376 3270004736 3240525824
3866513408 3272572928 3241804800
3867885568 3271921664 3241311232
3866324992 3270840320 3239786496
3866791936 3273285632 3242227712
3867037696 3271589888 3240544256
3866255360 3270557696 3239632896
3866517504 3271487488 3240144896
3867303936 3272290304 3240846336
3865731072 3270160384 3239217152
3866529792 3271131136 3240081408
3866517504 3271045120 3240067072
3866251264 3270946816 3239804928
3867516928 3271892992 3240952832
3867615232 3272515584 3241285632
3866779648 3271479296 3240200192
3866517504 3271393280 3240077312
3866738688 3269054464 3240033280
3867471872 3269541888 3240553472
3867082752 3269693440 3240483840
3867054080 3269308416 3240125440
3867758592 3270111232 3240960000
3866259456 3271008256 3241486336
3866259456 3268964352 3239478272
3867058176 3269918720 3240432640
