3952254976 3356618752 3327450112
3955802112 3358298112 3329048576
3957391360 3360272384 3330695168
3972337664 3375034368 3345508352
3956936704 3359666176 3330056192
3953385472 3356405760 3326868480
3962773504 3365855232 3335969792
3962122240 3365343232 3335468032
3951210496 3357564928 3326555136
3970387968 3374493696 3343611904
3951599616 3356561408 3325108224
3952029696 3358969856 3327558656
3968860160 3378556928 3347131392
3967315968 3376635904 3345364992
3950727168 3356094464 3324322816
3951443968 3356979200 3325059072
3949744128 3354468352 3323095040
3952771072 3357724672 3326341120
3952803840 3357986816 3326392320
3952521216 3357769728 3326098432
3967021056 3372032000 3340519424
3961298944 3366801408 3335080960
3952242688 3357822976 3325881344
3952074752 3357732864 3325752320
3953872896 3356491776 3327129600
3958468608 3362701312 3333401600
3954823168 3357765632 3328104448
3955515392 3358289920 3328665600
3960287232 3363340288 3333689344
3950055424 3355299840 3325382656
3951296512 3354742784 3324693504
3954466816 3357745152 3327699968
