3884679168 3289079808 3259911168
3885649920 3288248320 3259011072
3886321664 3289153536 3259611136
3890245632 3292909568 3263422464
3885907968 3288657920 3259106304
3884888064 3287699456 3258245120
3887898624 3291086848 3261272064
3887493120 3290558464 3260788736
3884339200 3290730496 3259780096
3889217536 3293536256 3262731264
3884412928 3289309184 3257904128
3884879872 3291607040 3260274688
3885387776 3290345472 3258985472
3884343296 3289014272 3257824256
3884605440 3289878528 3258176512
3885129728 3290611712 3258747904
3883556864 3288305664 3256993792
3884879872 3289747456 3258440704
3884867584 3289890816 3258352640
3884601344 3289686016 3258093568
3888627712 3293540352 3262113792
3887570944 3292889088 3261308928
3884605440 3290169344 3258316800
3884605440 3290017792 3258109952
3885088768 3287764992 3258443776
3886776320 3289014272 3259886592
3885432832 3288465408 3258868736
3885395968 3288289280 3258722304
3886977024 3289796608 3260205056
3884085248 3289333760 3259480064
3884347392 3287687168 3257690112
3885408256 3288875008 3258888192
