3865280512 3267317760 3238449152
3865985024 3268317184 3239326720
3866120192 3268526080 3239385088
3866980352 3269312512 3240166400
3865878528 3268313088 3239141376
3865489408 3267973120 3238779904
3866480640 3268960256 3239638016
3865944064 3268636672 3239239680
3865202688 3271233536 3240679424
3866595328 3270393856 3239977984
3865276416 3269517312 3238690816
3865481216 3271979008 3241099264
3865989120 3270418432 3239461888
3865206784 3269283840 3238516736
3865468928 3270139904 3239025664
3866255360 3271045120 3239739392
3864682496 3268886528 3238120448
3865481216 3269722112 3238888448
3865468928 3269656576 3238925312
3865202688 3269591040 3238651904
3865976832 3270270976 3239537664
3866492928 3271131136 3240099840
3865468928 3270111232 3239057408
3865468928 3270041600 3238932480
3865690112 3267731456 3238885376
3866386432 3268198400 3239393280
3866034176 3268349952 3239364608
3865718784 3267915776 3238909952
3866673152 3268677632 3239734272
3864948736 3269726208 3240371200
3865210880 3267596288 3238335488
3866009600 3268546560 3239301120
