3877601280 3279953920 3250790400
3878711296 3281096704 3251858432
3878940672 3281686528 3252134912
3881492480 3284365312 3254861824
3878576128 3281272832 3251729408
3877810176 3280621568 3251116032
3880226816 3283202048 3253419008
3879485440 3282567168 3252845568
3877523456 3283795968 3252791296
3880914944 3285139456 3254273024
3877335040 3282305024 3250885632
3877801984 3284590592 3253204992
3878572032 3283283968 3251898368
3877265408 3281928192 3250746368
3877789696 3282944000 3251233792
3878051840 3283517440 3251661824
3876478976 3281252352 3249907712
3878064128 3282743296 3251384320
3877789696 3282853888 3251273728
3877523456 3282509824 3250971648
3880316928 3285381120 3253900288
3879759872 3285159936 3253579776
3877789696 3283156992 3251274752
3877527552 3283062784 3251136512
3878010880 3280601088 3251250176
3879145472 3281625088 3252368384
3878354944 3281350656 3251738624
3878244352 3281076224 3251499008
3879583744 3282329600 3252713472
3877007360 3282247680 3252381696
3877269504 3280527360 3250551808
3878330368 3281784832 3251793920
