3844497408 3245244416 3217652736
3844493312 3245723648 3217944576
3844497408 3245862912 3218016256
3844497408 3245318144 3217781760
3844493312 3245293568 3217726464
3844231168 3245428736 3217736704
3844493312 3245772800 3217982464
3844493312 3245662208 3217769472
3844493312 3248230400 3219745792
3844231168 3246223360 3217573888
3844493312 3246235648 3217733632
3844497408 3248652288 3220072448
3844755456 3246690304 3218082816
3844235264 3246350336 3217724416
3844497408 3246587904 3217974272
3844759552 3246874624 3218160640
3844235264 3246358528 3217671168
3844497408 3246469120 3217953792
3844235264 3246223360 3217674240
3844755456 3246600192 3218071552
3844235264 3245920256 3217488896
3844497408 3246682112 3217940480
3844235264 3246415872 3217642496
3844235264 3246313472 3217714176
3844497408 3245092864 3217731584
3844501504 3244847104 3217583104
3844501504 3245051904 3217676288
3844501504 3244785664 3217589248
3844763648 3245133824 3217883136
3844501504 3247149056 3219640320
3844239360 3244711936 3217288192
3844763648 3245342720 3217856512
