3867115520 3269386240 3240370176
3867844608 3270303744 3241196544
3868016640 3270651904 3241320448
3869278208 3271929856 3242618880
3867811840 3270397952 3241080832
3867586560 3270070272 3240708096
3868569600 3271409664 3241916416
3868233728 3270955008 3241419776
3867299840 3273416704 3242569728
3868827648 3272867840 3242204160
3867111424 3271704576 3240562688
3867578368 3274166272 3243005952
3867824128 3272425472 3241318400
3867041792 3271417856 3240430592
3867303936 3272355840 3240924160
3868090368 3273097216 3241572352
3866517504 3270967296 3239898112
3867316224 3272024064 3240896512
3867566080 3272077312 3240896512
3867037696 3271786496 3240551424
3868463104 3272994816 3241922560
3868471296 3273396224 3242125312
3867566080 3272400896 3240971264
3867303936 3272323072 3240855552
3867525120 3269914624 3240821760
3868295168 3270475776 3241379840
3867869184 3270537216 3241222144
3867590656 3270201344 3240923136
3868557312 3271016448 3241771008
3866783744 3271802880 3242207232
3867045888 3269836800 3240239104
3867844608 3270787072 3241222144
