3863445504 3265437696 3236696064
3864399872 3266494464 3237660672
3864211456 3266650112 3237596160
3864711168 3267153920 3238082560
3864195072 3266473984 3237396480
3863654400 3266146304 3237025792
3864416256 3266908160 3237726208
3864166400 3266650112 3237356544
3863629824 3269259264 3238946816
3864694784 3268227072 3237970944
3863441408 3267633152 3236981760
3863908352 3270148096 3239391232
3864154112 3268526080 3237734400
3863371776 3267440640 3236840448
3863896064 3268304896 3237360640
3864420352 3269136384 3238065152
3863109632 3267158016 3236539392
3863646208 3267813376 3237167104
3863896064 3267842048 3237250048
3863629824 3267784704 3236992000
3864113152 3268141056 3237605376
3864571904 3269066752 3238240256
3863896064 3268141056 3237360640
3863633920 3268202496 3237280768
3864080384 3265884160 3237179392
3864477696 3266269184 3237602304
3864461312 3266461696 3237636096
3864096768 3266027520 3237176320
3864801280 3266768896 3238021120
3863375872 3267903488 3238686720
3863375872 3265691648 3236642816
3864436736 3266719744 3237613568
