3914027008 3318611968 3289439232
3916861440 3319173120 3289923584
3917828096 3320778752 3291202560
3926515712 3329187840 3299662848
3917463552 3320143872 3290543104
3914637312 3317579776 3288057856
3921039360 3324141568 3294270464
3920801792 3323863040 3294012416
3913396224 3319869440 3288860672
3925311488 3329478656 3298599936
3913920512 3318767616 3287315456
3914194944 3321024512 3289614336
3915104256 3320176640 3288756224
3913904128 3318706176 3287450624
3913527296 3318722560 3286985728
3913854976 3319250944 3287351296
3912216576 3317112832 3285751808
3914420224 3319296000 3287913472
3914485760 3319566336 3287972864
3914031104 3319173120 3287517184
3923689472 3328696320 3297184768
3920080896 3325452288 3293761536
3914035200 3319463936 3287530496
3913822208 3319390208 3287429120
3915272192 3317784576 3288420352
3918303232 3322535936 3293239296
3915370496 3318460416 3288805376
3916492800 3319369728 3289752576
3919233024 3321970688 3292322816
3912491008 3317862400 3287956480
3913375744 3316994048 3286947840
3915055104 3318431744 3288398848
