3929477120 3333947392 3304803328
3931721728 3334283264 3305037824
3933327360 3336273920 3306705920
3944251392 3347103744 3317603328
3932663808 3335499776 3305918464
3930042368 3333103616 3303592960
3936993280 3340308480 3310470144
3936763904 3340042240 3310220288
3928780800 3335077888 3304118272
3942793216 3346976768 3316111360
3929243648 3334074368 3302630400
3929341952 3336368128 3304966144
3930779648 3335704576 3304332288
3929473024 3334135808 3302888448
3928412160 3333771264 3302041600
3928813568 3334381568 3302502400
3927314432 3332108288 3300762624
3929665536 3334651904 3303276544
3929776128 3334987776 3303410688
3929210880 3334438912 3302848512
3940691968 3345707008 3314224128
3936116736 3341508608 3309843456
3929047040 3334684672 3302759424
3929104384 3334610944 3302670336
3930595328 3333275648 3303922688
3933970432 3338227712 3308940288
3931004928 3334135808 3304484864
3931619328 3334430720 3304846336
3935084544 3338100736 3308470272
3927392256 3332640768 3302797312
3928760320 3332202496 3302218752
3930406912 3334000640 3303974912
