3853672448 3255345152 3226894336
3854192640 3256209408 3227699200
3853934592 3256082432 3227432960
3854196736 3256164352 3227490304
3853930496 3255894016 3227271168
3853930496 3255959552 3227254784
3854192640 3256139776 3227435008
3853930496 3256012800 3227239424
3853930496 3258986496 3229284352
3853930496 3257008128 3227209728
3853668352 3256967168 3227095040
3854196736 3259551744 3229660160
3854454784 3257765888 3227819008
3853672448 3257032704 3227110400
3854196736 3257675776 3227709440
3854721024 3258241024 3228210176
3853410304 3256643584 3226812416
3853934592 3257274368 3227315200
3853934592 3257241600 3227386880
3853930496 3257462784 3227504640
3853410304 3256877056 3226968064
3854196736 3257864192 3227796480
3853934592 3257434112 3227414528
3853934592 3257552896 3227399168
3854196736 3255382016 3227271168
3854462976 3255611392 3227451392
3854462976 3255803904 3227614208
3853938688 3255238656 3227022336
3854725120 3255963648 3227794432
3853938688 3257397248 3229064192
3853676544 3255087104 3226799104
3854462976 3256053760 3227752448
