3852623872 3254165504 3225746432
3853144064 3254923264 3226451968
3852886016 3254853632 3226231808
3852886016 3254898688 3226263552
3852881920 3254661120 3226082304
3852881920 3254734848 3226067968
3852881920 3254849536 3226216448
3852619776 3254726656 3226013696
3852619776 3257692160 3228035072
3852619776 3255701504 3225973760
3852357632 3255697408 3225895936
3852886016 3258224640 3228400640
3853144064 3256410112 3226587136
3852623872 3255816192 3225954304
3853148160 3256389632 3226509312
3853410304 3256881152 3226943488
3852099584 3255373824 3225613312
3852623872 3255996416 3226110976
3852623872 3255889920 3226141696
3852881920 3256201216 3226319872
3852361728 3255517184 3225697280
3852886016 3256557568 3226559488
3852623872 3256184832 3226224640
3852623872 3256242176 3226164224
3852886016 3254071296 3226058752
3853152256 3254358016 3226264576
3853152256 3254394880 3226301440
3852627968 3253882880 3225784320
3853414400 3254730752 3226603520
3852627968 3256107008 3227872256
3852365824 3253788672 3225556992
3853152256 3254718464 3226465280
