3947974656 3352416256 3323243520
3954679808 3357233152 3327983616
3955908608 3358818304 3329241088
3970060288 3372724224 3343198208
3956183040 3358973952 3329363968
3948974080 3352055808 3322518528
3960627200 3363733504 3333848064
3960983552 3364020224 3334145024
3947008000 3353387008 3322377216
3968647168 3372900352 3342018560
3947663360 3352489984 3321036800
3947790336 3354779648 3323368448
3968335872 3378069504 3346643968
3966791680 3376177152 3344906240
3946799104 3351965696 3320197120
3947212800 3352809472 3320889344
3945148416 3349979136 3318605824
3948666880 3353440256 3322056704
3948724224 3353694208 3322099712
3947950080 3353022464 3321351168
3965202432 3370180608 3338663936
3959570432 3365019648 3333299200
3947692032 3353108480 3321166848
3947556864 3353067520 3321086976
3949494272 3352219648 3322853376
3956928512 3361169408 3331869696
3950403584 3353370624 3323705344
3953758208 3356585984 3326961664
3958427648 3361415168 3331760128
3945218048 3350691840 3320774656
3946987520 3350564864 3320511488
3949539328 3352965120 3322919936
