3841351680 3241508864 3214688256
3841347584 3241676800 3214821376
3841351680 3241730048 3214803968
3841351680 3241603072 3214705664
3841347584 3241467904 3214675968
3841347584 3241451520 3214672896
3841609728 3241586688 3214897152
3841347584 3241684992 3214745600
3841347584 3243888640 3216659456
3841347584 3242127360 3214714880
3841347584 3242180608 3214717952
3841613824 3244265472 3216936960
3841609728 3242102784 3214937088
3841351680 3242123264 3214740480
3841351680 3242237952 3214835712
3841351680 3242106880 3214818304
3841351680 3242090496 3214769152
3841351680 3242201088 3214811136
3841351680 3242123264 3214661632
3841609728 3242008576 3214846976
3841351680 3242110976 3214724096
3841351680 3242172416 3214832640
3841351680 3242274816 3214793728
3841351680 3241975808 3214708736
3841613824 3241377792 3214641152
3841355776 3241246720 3214589952
3841355776 3241365504 3214642176
3841617920 3241279488 3214664704
3841617920 3241193472 3214662656
3841355776 3243331584 3216720896
3841355776 3241123840 3214428160
3841617920 3241406464 3214711808
