3888087040 3292385280 3263216640
3889438720 3291824128 3262578688
3889909760 3292803072 3263226880
3894562816 3297341440 3267817472
3889545216 3292266496 3262672896
3888295936 3291090944 3261574144
3891769344 3294945280 3265083392
3891347456 3294511104 3264680960
3887747072 3294121984 3263113216
3893809152 3297992704 3267118080
3887820800 3292737536 3261287424
3888287744 3295055872 3263656960
3888795648 3293777920 3262363648
3887751168 3292430336 3261184000
3888013312 3293179904 3261448192
3888537600 3293970432 3262070784
3886964736 3291656192 3260299264
3888287744 3293134848 3261758464
3888275456 3293200384 3261613056
3888009216 3293147136 3261505536
3892822016 3297832960 3266324480
3891294208 3296698368 3265041408
3888013312 3293523968 3261606912
3887751168 3293376512 3261427712
3888758784 3291189248 3261827072
3890376704 3294601216 3265314816
3888840704 3291832320 3262198784
3888959488 3291799552 3262196736
3890601984 3293528064 3263883264
3887493120 3292663808 3262765056
3887755264 3291009024 3260971008
3888816128 3292205056 3262173184
