3958734848 3363127296 3333954560
3965513728 3368062976 3338813440
3967389696 3370344448 3340771328
3983372288 3386089472 3356575744
3966967808 3369832448 3340222464
3959971840 3362934784 3333397504
3972898816 3376062464 3346177024
3972583424 3375603712 3345728512
3957202944 3363631104 3332711424
3981324288 3385511936 3354646528
3957612544 3362627584 3331280896
3958079488 3365113856 3333795840
3983966208 3393425408 3362003968
3982024704 3391365120 3360098304
3956678656 3362103296 3330425856
3957530624 3363143680 3331313664
3955482624 3360264192 3328894976
3959144448 3363946496 3332665344
3959275520 3364278272 3332774912
3958161408 3363528704 3331959808
3977785344 3382779904 3351263232
3971596288 3377053696 3345337344
3957944320 3363426304 3331570688
3957817344 3363348480 3331486720
3960107008 3362791424 3333531648
3968573440 3372806144 3343510528
3961114624 3364175872 3334621184
3965255680 3368112128 3338487808
3970822144 3373682688 3344044032
3955355648 3360690176 3330867200
3957329920 3360927744 3330948096
3960262656 3365740544 3335801856
