3857866752 3259592704 3231060992
3858673664 3260616704 3231970304
3858415616 3260506112 3231727616
3858427904 3260579840 3231754240
3858124800 3260203008 3231434752
3858124800 3260194816 3231349760
3858423808 3260448768 3231603712
3857874944 3260276736 3231312896
3858124800 3263442944 3233560576
3858210816 3261509632 3231567872
3857911808 3261497344 3231332352
3858391040 3264077824 3233817600
3858649088 3262435328 3232120832
3857866752 3261427712 3231255552
3858391040 3262197760 3231856640
3858915328 3262775296 3232423936
3857342464 3260911616 3230895104
3858141184 3261726720 3231545344
3858128896 3261861888 3231664128
3858124800 3261825024 3231562752
3857678336 3261374464 3231228928
3858440192 3262439424 3232073728
3858128896 3261956096 3231718400
3858128896 3262021632 3231633408
3858403328 3259744256 3231446016
3858681856 3260018688 3231690752
3858669568 3260346368 3231930368
3858132992 3259711488 3231296512
3858980864 3260411904 3232010240
3857870848 3261825024 3233128448
3857870848 3259523072 3231024128
3858931712 3260596224 3232058368
