3871571968 3273801728 3244684288
3872346112 3274895360 3245677568
3872391168 3275231232 3245766656
3874471936 3277291520 3247826944
3872399360 3275010048 3245556736
3871780864 3274522624 3245052928
3873464320 3276509184 3246811136
3873067008 3275907072 3246253056
3871494144 3277815808 3246832640
3874000896 3278123008 3247297536
3871305728 3276234752 3244887040
3871772672 3278594048 3247286272
3872280576 3277107200 3245786112
3871236096 3275874304 3244748800
3871760384 3276931072 3245295616
3872284672 3277455360 3245732864
3870449664 3275288576 3244005376
3871772672 3276640256 3245327360
3871760384 3276722176 3245245440
3871494144 3276328960 3244870656
3873587200 3278426112 3247074304
3873054720 3278372864 3246878720
3871760384 3277119488 3245345792
3871760384 3277004800 3245203456
3871981568 3274457088 3245158400
3872919552 3275190272 3245985792
3872325632 3275132928 3245594624
3872129024 3274829824 3245346816
3873124352 3275866112 3246346240
3871240192 3276259328 3246473216
3871240192 3274428416 3244570624
3872301056 3275579392 3245701120
