1310666752 333094912 313379840
1311719424 333115392 313366528
1311694848 333115392 313363456
1311694848 335216640 315433984
1312849920 333058048 313296896
1312849920 333082624 313323520
1311707136 333107200 313352192
1311707136 333111296 313353216
1313906688 333103104 313326592
1313906688 333094912 313322496
1312837632 333094912 313326592
1312837632 333082624 313317376
1312837632 333094912 313326592
1312837632 333090816 313319424
1311768576 335122432 315352064
1311772672 333086720 313319424
1314963456 333099008 313323520
1314914304 333119488 313342976
1313894400 333090816 313318400
1313894400 333107200 313331712
1313894400 333094912 313322496
1313894400 333094912 313325568
1312829440 333070336 313308160
1312829440 333078528 313316352
1313845248 333123584 313355264
1313894400 333094912 313326592
1312825344 333123584 313360384
1312825344 336134144 316369920
1312776192 333111296 313357312
1312776192 335200256 315449344
1311686656 335204352 315444224
1310703616 333078528 313364480
