3872546816 3276832768 3247719424
3874848768 3276967936 3247913984
3873742848 3276386304 3246963712
3873828864 3278897152 3249338368
3872415744 3274932224 3245572096
3877580800 3282419712 3252986880
3872858112 3276054528 3246162944
3872595968 3275780096 3245924352
3872542720 3276992512 3245965312
3873370112 3277721600 3246744576
3873202176 3277987840 3246704640
3874336768 3278929920 3247813632
3872890880 3277729792 3246464000
3874418688 3279060992 3247803392
3877003264 3284119552 3252652032
3872808960 3277885440 3246241792
3873968128 3278757888 3247557632
3875303424 3279904768 3248801792
3872575488 3277709312 3246158848
3873136640 3278213120 3246632960
3873075200 3278106624 3246615552
3873501184 3278352384 3246878720
3872329728 3277701120 3245856768
3874660352 3279777792 3248101376
3872972800 3275370496 3246199808
3872288768 3274772480 3245413376
3872288768 3274997760 3245410304
3872419840 3275161600 3245600768
3872845824 3275751424 3246149632
3873075200 3276177408 3246464000
3873599488 3279130624 3249074176
3872813056 3276087296 3246182400
