3902177280 3306668032 3277527040
3909763072 3312046080 3282945024
3906093056 3308699648 3279207424
3905871872 3310981120 3281363968
3903533056 3306201088 3276698624
3920592896 3325341696 3295837184
3905376256 3308716032 3278727168
3902754816 3306037248 3276066816
3901341696 3305705472 3274714112
3907424256 3311890432 3280900096
3904872448 3309715456 3278372864
3909545984 3314225152 3283052544
3920863232 3330367488 3299047424
3909472256 3314151424 3282820096
3916324864 3323531264 3291969536
3901542400 3306754048 3274996736
3908808704 3313582080 3282328576
3912278016 3317030912 3285855232
3903418368 3308638208 3276967936
3904237568 3309535232 3277833216
3903242240 3308204032 3276613632
3908788224 3313909760 3282326528
3902005248 3307483136 3275491328
3910631424 3316133888 3284297728
3904106496 3306594304 3277394944
3903426560 3308130304 3278713856
3903877120 3306733568 3277067264
3904917504 3307761664 3278111744
3902705664 3305627648 3275919360
3903287296 3306565632 3276780544
3903025152 3308716032 3278547968
3902283776 3305639936 3275596800
