3930775552 3335417856 3306281984
3949740032 3351912448 3322800128
3943976960 3346669568 3317150720
3944497152 3349504000 3319879680
3931684864 3334443008 3304933376
3961630720 3366531072 3337026560
3931820032 3335159808 3305179136
3930996736 3334483968 3304486912
3929100288 3333664768 3302608896
3942981632 3347349504 3316319232
3932393472 3337220096 3305879552
3963555840 3372847104 3341661184
3973177344 3382726656 3351386112
3947368448 3352141824 3320802304
3957411840 3364446208 3332872192
3929407488 3334778880 3303024640
3946033152 3350847488 3319582720
3951673344 3356262400 3325085696
3931795456 3336949760 3305287680
3932643328 3337801728 3306071040
3932299264 3337469952 3305903104
3944632320 3349798912 3318207488
3930505216 3336097792 3304120320
3949465600 3354808320 3322959872
3932073984 3334549504 3305333760
3930431488 3334979584 3305534464
3930730496 3333656576 3303973888
3940810752 3343740928 3314086912
3931492352 3334643712 3304955904
3931774976 3335000064 3305231360
3930898432 3336515584 3306363904
3929886720 3333427200 3303397376
