3856293888 3259973632 3231507456
3856035840 3257737216 3229204480
3855769600 3257806848 3229140992
3856289792 3260334080 3231618048
3855515648 3257466880 3228804096
3856588800 3260563456 3231814656
3856031744 3258257408 3229419520
3856044032 3258159104 3229287424
3856289792 3259564032 3229709312
3856289792 3259682816 3229744128
3856314368 3259875328 3229843456
3855769600 3259334656 3229333504
3855507456 3259224064 3229126656
3856310272 3259883520 3229808640
3856584704 3262242816 3232115712
3856556032 3260178432 3229952000
3855773696 3259240448 3229344768
3855790080 3259252736 3229339648
3856048128 3259555840 3229475840
3856297984 3259904000 3229783040
3856297984 3259826176 3229776896
3855511552 3259203584 3229067264
3855515648 3259297792 3229131776
3856076800 3259822080 3229637632
3856035840 3257364480 3229209600
3855773696 3257290752 3229001728
3855773696 3257131008 3228816384
3855507456 3257102336 3228746752
3856293888 3257667584 3229382656
3856297984 3258073088 3229699072
3857084416 3260768256 3232287744
3856297984 3257769984 3229374464
