3886964736 3291357184 3262219264
3891089408 3293437952 3264337920
3889401856 3292057600 3262557184
3889053696 3294236672 3264619520
3887095808 3289686016 3260205056
3896430592 3301392384 3271894016
3887538176 3290746880 3260767232
3887013888 3290419200 3260439552
3886960640 3291406336 3260356608
3888402432 3292983296 3261968384
3887882240 3292786688 3261444096
3890229248 3294945280 3263777792
3888525312 3293188096 3261861888
3890462720 3295174656 3263849472
3894882304 3301924864 3270366208
3886964736 3292299264 3260553216
3890098176 3294826496 3263577088
3892162560 3296813056 3265637376
3887517696 3292565504 3260899328
3887816704 3293020160 3261309952
3887755264 3292819456 3261237248
3889164288 3294162944 3262593024
3886747648 3292389376 3260409856
3891154944 3296669696 3264829440
3887652864 3290083328 3260847104
3886706688 3289411584 3259969536
3886706688 3289513984 3259835392
3887247360 3290042368 3260392448
3887525888 3290542080 3260829696
3887755264 3290910720 3261120512
3888017408 3293556736 3263399936
3887230976 3290517504 3260480512
