3877789696 3282300928 3253168128
3880873984 3283181568 3254093824
3879432192 3282251776 3252766720
3879714816 3284787200 3255183360
3877920768 3280666624 3251234816
3884580864 3289374720 3259898880
3878363136 3281723392 3251785728
3878100992 3281440768 3251510272
3878047744 3282530304 3251488768
3878998016 3283587072 3252574208
3878969344 3283652608 3252323328
3880419328 3284905984 3253755904
3878903808 3283603456 3252285440
3880538112 3285262336 3253957632
3883724800 3290832896 3259301888
3878051840 3283353600 3251645440
3879845888 3284787200 3253548032
3881426944 3286200320 3255036928
3878342656 3283353600 3251727360
3878641664 3283922944 3252259840
3878842368 3283779584 3252209664
3879276544 3284299776 3252757504
3877834752 3283288064 3251348480
3880890368 3286134784 3254333440
3878739968 3281080320 3251854336
3877793792 3280347136 3250927616
3877531648 3280506880 3250852864
3877937152 3280834560 3251211264
3878612992 3281448960 3251772416
3878580224 3281813504 3252059136
3879104512 3284656128 3254536192
3878318080 3281620992 3251611648
