3866517504 3270656000 3241747456
3867705344 3269742592 3240839168
3867435008 3269799936 3240574976
3867140096 3271901184 3242531840
3866386432 3268636672 3239491584
3869872128 3274362880 3245108224
3866828800 3269734400 3240091648
3866566656 3269451776 3239885824
3866513408 3270811648 3240042496
3867078656 3271409664 3240603648
3867172864 3271565312 3240563712
3867406336 3271688192 3240907776
3866189824 3270840320 3239800832
3867594752 3271933952 3240956928
3869249536 3275960320 3244890112
3866779648 3271602176 3240359936
3867226112 3271634944 3240745984
3867934720 3272339456 3241517056
3866546176 3271221248 3240004608
3866845184 3271692288 3240438784
3866783744 3271503872 3240358912
3866726400 3271376896 3240275968
3866300416 3271155712 3239743488
3867594752 3272286208 3241191424
3866681344 3268915200 3239979008
3866259456 3268542464 3239431168
3866259456 3268603904 3239344128
3866378240 3268726784 3239490560
3866816512 3269226496 3239976960
3867045888 3269701632 3240285184
3867570176 3272622080 3242936320
3866783744 3269550080 3240060928
