3887751168 3292180480 3263042560
3892072448 3294486528 3265386496
3890249728 3292975104 3263470592
3890176000 3295182848 3265565696
3887882240 3290521600 3261040640
3897917440 3302739968 3273241600
3888324608 3291648000 3261661184
3888062464 3291254784 3261271040
3887747072 3292196864 3261147136
3889475584 3293863936 3262844928
3888930816 3293642752 3262297088
3891437568 3295965184 3264796672
3889397760 3294109696 3262783488
3891384320 3296186368 3264857088
3896008704 3303161856 3271603200
3887751168 3293130752 3261384704
3891027968 3295817728 3264568320
3893190656 3297931264 3266755584
3888304128 3293417472 3261751296
3888603136 3293839360 3262129152
3888541696 3293683712 3262098432
3890098176 3295162368 3263588352
3887796224 3293224960 3261241344
3892412416 3297742848 3265902592
3888439296 3290882048 3261645824
3887755264 3290259456 3260817408
3887505408 3290361856 3260683264
3888066560 3290886144 3261236224
3888574464 3291389952 3261677568
3888541696 3291750400 3261960192
3888803840 3294429184 3264268288
3888017408 3291357184 3261320192
