3855245312 3258998784 3230544896
3854974976 3256709120 3228200960
3854983168 3256811520 3228175360
3855241216 3259400192 3230715904
3854454784 3256479744 3227840512
3855515648 3259502592 3230798848
3855245312 3257200640 3228446720
3854983168 3257143296 3228328960
3855241216 3258540032 3228740608
3855241216 3258654720 3228759040
3855515648 3258826752 3228869632
3854983168 3258306560 3228359680
3854721024 3258175488 3228164096
3855249408 3258863616 3228851200
3855511552 3261124608 3231068160
3855507456 3259084800 3228935168
3854987264 3258290176 3228460032
3854991360 3258257408 3228383232
3854987264 3258482688 3228484608
3855249408 3258871808 3228800000
3855511552 3258900480 3228889088
3854725120 3258159104 3228084224
3854729216 3258269696 3228168192
3855265792 3258802176 3228660736
3854987264 3256250368 3228163072
3854987264 3256197120 3228015616
3854725120 3256156160 3227871232
3854721024 3256115200 3227802624
3855245312 3256717312 3228466176
3855511552 3257032704 3228737536
3856035840 3259707392 3231290368
3855249408 3256758272 3228403712
