3892731904 3297177600 3268039680
3898986496 3301158912 3272058880
3895472128 3298279424 3268771840
3896406016 3301515264 3271898112
3891343360 3293970432 3264479232
3905179648 3310018560 3280536576
3893309440 3296636928 3266644992
3893043200 3296284672 3266293760
3892731904 3297185792 3266127872
3894173696 3298574336 3267571712
3892260864 3297026048 3265700864
3896918016 3301519360 3270349824
3893157888 3297886208 3266560000
3897249792 3302113280 3270779904
3901644800 3308613632 3277051904
3891011584 3296186368 3264439296
3895504896 3300233216 3268983808
3899973632 3304669184 3273493504
3891671040 3296837632 3265171456
3892047872 3297308672 3265598464
3892781056 3297722368 3266137088
3895033856 3300188160 3268611072
3891200000 3296677888 3264691200
3898011648 3303415808 3271574528
3892408320 3294900224 3265662976
3890987008 3293474816 3264032768
3890765824 3293597696 3263931392
3892129792 3294961664 3265311744
3891851264 3294691328 3264978944
3891867648 3295145984 3265355776
3891908608 3297472512 3267373056
3891134464 3294490624 3264453632
