3951423488 3355881472 3326663680
3950829568 3355336704 3326067712
3952570368 3355361280 3325810688
3941527552 3344338944 3314700288
3939074048 3341840384 3312216064
3950379008 3355156480 3325572096
3950764032 3353964544 3324097536
3939811328 3344932864 3315053568
3937865728 3342344192 3311285248
3964579840 3373969408 3342940160
3938357248 3345051648 3313529856
3979984896 3389607936 3358274560
3944767488 3349721088 3318258688
3970838528 3380350976 3348912128
3944771584 3349958656 3318332416
3936837632 3342245888 3310345216
3945390080 3350097920 3318753280
3961458688 3370946560 3339654144
3937439744 3342635008 3310989312
3937001472 3342172160 3310451712
3963265024 3368235008 3336739840
3941994496 3347132416 3315405824
3957846016 3363614720 3331538944
3976540160 3386806272 3354860544
3940581376 3343069184 3313686528
3939991552 3342553088 3313199104
3945115648 3348062208 3318379520
3937357824 3340521472 3310764032
3940843520 3345563648 3316014080
3963576320 3366457344 3336771584
3941228544 3344621568 3314494464
3938205696 3345707008 3315558400
