3936092160 3340488704 3311270912
3935617024 3338063872 3308794880
3937329152 3340075008 3310524416
3922972672 3325722624 3296087040
3920916480 3323670528 3294049280
3935338496 3340292096 3310714880
3935748096 3338907648 3309044736
3921051648 3326173184 3296289792
3919904768 3324354560 3293295616
3920584704 3325210624 3294181376
3920289792 3326959616 3295437824
3953946624 3363495936 3332172800
3930685440 3335585792 3304130560
3941253120 3350986752 3319553024
3930836992 3335995392 3304369152
3919843328 3325202432 3293308928
3931176960 3336085504 3304741888
3927732224 3332415488 3301126144
3919863808 3324817408 3293171712
3919319040 3324456960 3292736512
3944529920 3349676032 3318192128
3923034112 3328372736 3296637952
3940847616 3346694144 3314633728
3958759424 3368976384 3337039872
3922550784 3325005824 3295626240
3921604608 3324100608 3294746624
3931344896 3334180864 3304502272
3919511552 3322626048 3292875776
3922337792 3327033344 3297483776
3945664512 3348443136 3318761472
3922714624 3326050304 3295928320
3920252928 3327709184 3297561600
