3922591744 3326976000 3297762304
3922247680 3324768256 3295503360
3923771392 3326480384 3296929792
3914133504 3317129216 3287510016
3913039872 3315802112 3286180864
3921965056 3326914560 3297337344
3922337792 3325480960 3295618048
3913379840 3318480896 3288597504
3912306688 3316756480 3285697536
3912810496 3317415936 3286398976
3912622080 3319283712 3287761920
3934339072 3343839232 3312520192
3917774848 3322650624 3291200512
3940990976 3350683648 3319255040
3917959168 3323105280 3291491328
3911577600 3316961280 3285074944
3918266368 3323133952 3291802624
3915182080 3319857152 3288567808
3911663616 3316895744 3285254144
3911598080 3316764672 3285053440
3930116096 3335221248 3303778304
3914633216 3319939072 3288216576
3926790144 3332608000 3300562944
3938824192 3349032960 3317132288
3913945088 3316420608 3287065600
3913392128 3315912704 3286562816
3918356480 3321171968 3291493376
3911659520 3314802688 3285054464
3913494528 3318472704 3288930304
3931033600 3334037504 3304359936
3914592256 3317964800 3287870464
3912560640 3320049664 3289902080
