3867320320 3271385088 3242413056
3867320320 3269726208 3240636416
3867856896 3270246400 3241031680
3867066368 3269595136 3240315904
3866513408 3269091328 3239839744
3867353088 3271815168 3242527744
3867348992 3270078464 3240734720
3866267648 3270995968 3241524224
3865726976 3269902336 3239230464
3865788416 3270279168 3239572480
3866775552 3273080832 3242015744
3867250688 3271495680 3240628224
3866128384 3270610944 3239573504
3865993216 3270598656 3239564288
3866918912 3271360512 3240295424
3865993216 3270959104 3239624704
3866243072 3270639616 3239759872
3865878528 3270189056 3239311360
3865497600 3269873664 3238833152
3865726976 3270479872 3239332864
3868033024 3272171520 3241535488
3866525696 3271208960 3240064000
3868319744 3273404416 3242067968
3867418624 3272036352 3240856576
3866525696 3268722688 3239760896
3866525696 3268665344 3239668736
3866935296 3269423104 3240249344
3865739264 3268513792 3239239680
3866263552 3270434816 3241451520
3868549120 3271077888 3241862144
3866546176 3269328896 3239802880
3867049984 3269660672 3240196096
