3851575296 3255160832 3226729472
3851571200 3253309440 3224842240
3851833344 3253481472 3225035776
3852099584 3253821440 3225333760
3851833344 3253587968 3225092096
3851571200 3255517184 3226956800
3851571200 3253407744 3224806400
3851313152 3255361536 3226721280
3851309056 3254132736 3224604672
3851046912 3254317056 3224666112
3852095488 3256909824 3227236352
3851567104 3254669312 3224960000
3851046912 3254243328 3224502272
3851575296 3254820864 3224972288
3851575296 3254857728 3225017344
3851575296 3254960128 3225105408
3851051008 3254415360 3224629248
3851313152 3254480896 3224676352
3851055104 3254247424 3224450048
3851046912 3254276096 3224574976
3851051008 3254177792 3224479744
3852107776 3255328768 3225475072
3852103680 3255730176 3225791488
3851321344 3254771712 3224819712
3851845632 3253051392 3225038848
3851845632 3252944896 3224918016
3852369920 3253469184 3225389056
3851321344 3252629504 3224576000
3851583488 3254812672 3226725376
3851587584 3252752384 3224605696
3851321344 3252715520 3224562688
3852107776 3253436416 3225271296
