3977736192 3382091776 3352898560
3977420800 3381927936 3352658944
3979116544 3381829632 3352279040
3964555264 3367538688 3337900032
3962032128 3364929536 3335309312
3976683520 3381514240 3351928832
3976495104 3379609600 3349738496
3962732544 3367919616 3338037248
3960963072 3365556224 3334498304
3975929856 3385077760 3354049536
3961761792 3368595456 3337077760
4015157248 3424669696 3393336320
3969376256 3374198784 3342744576
3982090240 3391713280 3360271360
3968614400 3373731840 3342106624
3959496704 3364904960 3333000192
3968839680 3373629440 3342279680
3997347840 3406815232 3375519744
3959840768 3364909056 3333255168
3959607296 3364777984 3333057536
3993395200 3398553600 3367047168
3965177856 3370479616 3338748928
3986976768 3392733184 3360654336
4019425280 3429642240 3397685248
3963936768 3366551552 3337157632
3962773504 3365289984 3335928832
3969916928 3372888064 3343202304
3959742464 3362926592 3333169152
3963691008 3368599552 3339051008
3993292800 3396112384 3366443008
3964698624 3368185856 3338058752
3961098240 3368480768 3338317824
