3883589632 3288080384 3258867712
3883200512 3285807104 3256543232
3884593152 3287363584 3257826304
3881746432 3284578304 3254949888
3880669184 3283513344 3253926912
3883401216 3288383488 3258818560
3883298816 3286519808 3256709120
3880685568 3285733376 3255897088
3879882752 3284451328 3253394432
3879944192 3284619264 3253598208
3880931328 3287777280 3256269824
3882741760 3287465984 3256161280
3881439232 3286257664 3254820864
3880411136 3285237760 3253846016
3881725952 3286888448 3255283712
3880148992 3285602304 3253720064
3881697280 3286458368 3255135232
3880407040 3285082112 3253795840
3879653376 3284787200 3253153792
3879882752 3285123072 3253445632
3886174208 3291058176 3259778048
3881205760 3286429696 3254742016
3885744128 3291660288 3259630592
3884109824 3289636864 3257745408
3880943616 3283542016 3254174720
3880943616 3283406848 3254052864
3882213376 3285049344 3255387136
3879632896 3282972672 3253240832
3880681472 3285446656 3255920640
3887157248 3290095616 3260423168
3881226240 3284688896 3254596608
3881205760 3284533248 3254443008
