1319043072 744124416 724322304
1320095744 744091648 724311040
1320083456 744079360 724295680
1320083456 744087552 724300800
1321140224 744173568 724379648
1321140224 744083456 724295680
1320071168 744071168 724287488
1320071168 746131456 726347776
1322196992 744099840 724293632
1322196992 744087552 724286464
1321127936 744083456 724286464
1321127936 744083456 724286464
1321127936 744087552 724290560
1325326336 748339200 728481792
1320058880 744091648 724292608
1320058880 744144896 724289536
1323253760 744099840 724295680
1323253760 744091648 724286464
1322184704 744120320 724261888
1322184704 744091648 724287488
1322184704 744091648 724290560
1322184704 744087552 724289536
1321115648 744079360 724288512
1321115648 744075264 724284416
1322184704 744099840 724302848
1322184704 744067072 724270080
1321115648 744148992 724297728
1321115648 744091648 724300800
1321115648 744087552 724300800
1321115648 744083456 724299776
1320046592 744075264 724304896
1318989824 744067072 724324352
