3858964480 3262849024 3234178048
3859009536 3261063168 3232257024
3859259392 3261288448 3232499712
3859726336 3261771776 3232949248
3859173376 3261427712 3232535552
3859009536 3263123456 3234253824
3858882560 3261149184 3232265216
3858653184 3263205376 3234146304
3858386944 3261865984 3231913984
3858386944 3261980672 3231905792
3859435520 3265085440 3234809856
3858968576 3262586880 3232327680
3858423808 3262197760 3231922176
3858653184 3262562304 3232183296
3858989056 3262758912 3232451584
3858653184 3262783488 3232256000
3858415616 3262074880 3231964160
3858403328 3261976576 3231820800
3857870848 3261620224 3231372288
3858649088 3262353408 3232006144
3858477056 3262160896 3232034816
3859185664 3263049728 3232759808
3859791872 3263946752 3233449984
3858747392 3262533632 3232161792
3859185664 3260723200 3232387072
3859185664 3260760064 3232349184
3859447808 3261161472 3232690176
3858399232 3260424192 3231864832
3858661376 3262406656 3233982464
3859185664 3260866560 3232291840
3858857984 3260792832 3232163840
3859709952 3261546496 3232816128
