3963265024 3367698432 3338480640
3962785792 3367256064 3338023936
3964592128 3367346176 3337795584
3944800256 3347648512 3318013952
3942776832 3345502208 3315886080
3962617856 3367374848 3337790464
3962884096 3366060032 3336193024
3943030784 3348123648 3318240256
3941507072 3345997824 3314931712
3964841984 3374206976 3343170560
3942060032 3348738048 3317232640
3988979712 3398533120 3367199744
3956854784 3361783808 3330321408
3970838528 3380568064 3349129216
3956154368 3361316864 3329690624
3940323328 3345821696 3313917952
3956518912 3361435648 3330087936
3966570496 3375992832 3344689152
3941388288 3346546688 3314892800
3940925440 3346046976 3314326528
3975655424 3380609024 3349109760
3945033728 3350450176 3318744064
3970785280 3376529408 3344453632
3985915904 3396161536 3364208640
3944349696 3346878464 3317491712
3943223296 3345784832 3316459520
3956805632 3359735808 3330065408
3941027840 3344162816 3314409472
3944099840 3348836352 3319286784
3976232960 3379105792 3349420032
3944980480 3348369408 3318242304
3942244352 3349721088 3319565312
