1310670848 333164544 313394176
1311723520 333123584 313375744
1311711232 333111296 313362432
1311711232 333119488 313367552
1312768000 336429056 316670976
1312768000 333119488 313363456
1311711232 333107200 313355264
1311744000 333111296 313356288
1313869824 333131776 313362432
1313824768 333123584 313356288
1312755712 333119488 313354240
1312780288 333119488 313354240
1312755712 333119488 313354240
1312755712 333180928 313355264
1311686656 333127680 313361408
1311686656 333185024 313358336
1314906112 333135872 313365504
1314975744 333111296 313338880
1313906688 333144064 313316352
1313906688 333115392 313341952
1313906688 333115392 313344000
1313906688 333111296 313342976
1312837632 333103104 313340928
1312837632 333099008 313337856
1313906688 333115392 313355264
1313906688 333078528 313320448
1312837632 333164544 313349120
1312768000 333127680 313369600
1312788480 333123584 313371648
1312788480 333115392 313367552
1311719424 333107200 313373696
1310629888 333099008 313392128
