3936350208 3340746752 3311528960
3935834112 3338313728 3309044736
3937583104 3340341248 3310790656
3924070400 3326922752 3297291264
3922890752 3325652992 3296031744
3935498240 3340468224 3310891008
3935952896 3339124736 3309261824
3922657280 3327905792 3298026496
3921485824 3326050304 3294991360
3922190336 3326947328 3295922176
3921870848 3328663552 3297141760
3954106368 3363688448 3332365312
3930816512 3335737344 3304282112
3941253120 3351007232 3319573504
3930910720 3336081408 3304455168
3920879616 3326332928 3294439424
3931250688 3336175616 3304832000
3927732224 3332435968 3301146624
3921817600 3326795776 3295150080
3921264640 3326431232 3294710784
3945312256 3350216704 3318732800
3924160512 3329634304 3297903616
3941199872 3347070976 3315010560
3963838464 3374075904 3342135296
3924029440 3326513152 3297133568
3922673664 3325308928 3295954944
3931402240 3334262784 3304584192
3921100800 3324325888 3294575616
3923464192 3328299008 3298753536
3946139648 3348946944 3319261184
3924340736 3327795200 3297677312
3922227200 3329695744 3299548160
