3936555008 3340992512 3311774720
3935981568 3338481664 3309233152
3937767424 3340562432 3311028224
3925880832 3328618496 3299068928
3924189184 3327004672 3297457152
3935883264 3340627968 3311050752
3936112640 3339321344 3309478912
3924332544 3329482752 3299742720
3923128320 3327623168 3296715776
3924140032 3328671744 3297646592
3923521536 3330211840 3298825216
3959300096 3368636416 3337329664
3930914816 3335872512 3304417280
3941515264 3351027712 3319598080
3930959872 3336163328 3304541184
3922604032 3328024576 3296135168
3931570176 3336257536 3304938496
3927732224 3332468736 3301183488
3923083264 3328045056 3296550912
3922542592 3327754240 3296111616
3945738240 3350671360 3319207936
3926249472 3331317760 3299685376
3941728256 3347357696 3315325952
3968860160 3379130368 3347206144
3925446656 3327959040 3298595840
3924369408 3326820352 3297703936
3931451392 3334336512 3304674304
3922759680 3325845504 3296291840
3925262336 3330007040 3300465664
3946524672 3349360640 3319687168
3926151168 3329531904 3299434496
3923480576 3330924544 3300940800
