3891757056 3294134272 3264910336
3900317696 3302744064 3273634816
3888312320 3291336704 3261663232
3905740800 3313197056 3283646464
3891466240 3294171136 3264665600
3886698496 3289710592 3260067840
3891851264 3296935936 3267143680
3886960640 3290181632 3260218368
3889238016 3293863936 3262741504
3891683328 3300724736 3269683200
3887489024 3294138368 3262816256
3887489024 3294109696 3262776320
3896291328 3301040128 3269774336
3886964736 3293962240 3262488576
3887222784 3292516352 3260837888
3887222784 3292610560 3260835840
3887230976 3292278784 3260800000
3893055488 3299577856 3268374528
3893927936 3299041280 3267379200
3887230976 3294744576 3262867456
3886829568 3293949952 3262266368
3886780416 3291893760 3260271616
3890896896 3296382976 3264401408
3901558784 3311595520 3279756288
3891068928 3293401088 3264178176
3886968832 3289427968 3259996160
3891785728 3294789632 3265165312
3889836032 3292610560 3263009792
3887493120 3290468352 3260611584
3891822592 3294752768 3265176576
3888398336 3291865088 3261756416
3892654080 3295887360 3266031616
