3940130816 3342635008 3313411072
3961069568 3363434496 3334321152
3933827072 3336847360 3307160576
3941457920 3348996096 3319441408
3940888576 3343921152 3314413568
3928498176 3331448832 3301793792
3941728256 3346612224 3316801536
3929108480 3332452352 3302474752
3935096832 3339776000 3308653568
3929575424 3338899456 3307856896
3930181632 3336962048 3305628672
3930099712 3336941568 3305597952
3951747072 3356336128 3325050880
3928363008 3335593984 3304111104
3928743936 3334111232 3302434816
3930185728 3335532544 3303745536
3929608192 3334578176 3303095296
3944218624 3350990848 3319787520
3945275392 3350413312 3318746112
3928489984 3336085504 3304204288
3929702400 3336826880 3305131008
3930034176 3335065600 3303428096
3956842496 3367165952 3335183360
3931602944 3341844480 3310005248
3938750464 3341246464 3312016384
3930066944 3332763648 3303331840
3942760448 3345494016 3315855360
3935809536 3338682368 3309073408
3930849280 3333971968 3304110080
3942322176 3345055744 3315468288
3932622848 3336208384 3306089472
3942502400 3345743872 3315883008
