3949895680 3352395776 3323171840
3971526656 3373641728 3344528384
3943329792 3346395136 3316708352
3951251456 3358801920 3329247232
3950866432 3353800704 3324289024
3931078656 3333963776 3304308736
3951411200 3356311552 3326500864
3931725824 3334975488 3304997888
3944865792 3349430272 3318307840
3932200960 3341438976 3310396416
3932815360 3339489280 3308155904
3932741632 3339489280 3308144640
3961729024 3366334464 3335049216
3931168768 3338088448 3306601472
3931320320 3336601600 3304921088
3932852224 3338076160 3306289152
3931684864 3336671232 3305188352
3954262016 3360923648 3329717248
3955154944 3360296960 3328625664
3930497024 3338108928 3306224640
3931779072 3338919936 3307224064
3932143616 3337187328 3305549824
3965505536 3375792128 3343809536
3934302208 3344429056 3312589824
3948589056 3350990848 3321756672
3932446720 3334893568 3305461760
3952553984 3355299840 3325661184
3945623552 3348393984 3318780928
3933519872 3336552448 3306690560
3952209920 3354935296 3325347840
3942141952 3345723392 3315600384
3952373760 3355627520 3325766656
