3976753152 3379232768 3350008832
4006141952 3408461824 3379348480
3967139840 3370209280 3340522496
3979132928 3386494976 3356940288
4001472512 3409117184 3379603456
3958595584 3361583104 3331926016
3978006528 3382980608 3353162752
3959140352 3362365440 3332382720
3969605632 3374067712 3342944256
3959713792 3368820736 3337778176
3960967168 3367788544 3336455168
3992158208 3403571200 3372223488
3991953408 3396591616 3365302272
3958460416 3365490688 3333999616
3958599680 3363811328 3332123648
3960340480 3365851136 3334060032
3959164928 3364155392 3332659200
3983224832 3389923328 3358703616
3983601664 3388915712 3357228032
3957362688 3364810752 3332922368
3959545856 3366752256 3335047168
3972448256 3382431744 3350778880
3983351808 3393617920 3361623040
3962949632 3373092864 3341250560
3992580096 3399741440 3370493952
3960483840 3363094528 3333649408
3979780096 3382730752 3353081856
3970850816 3373645824 3344018432
3982409728 3390361600 3360498688
3980390400 3383128064 3353528320
3966283776 3369709568 3339561984
3979374592 3382657024 3352764416
