3952906240 3355521024 3326297088
3977826304 3380006912 3350893568
3945082880 3348119552 3318432768
3954962432 3362500608 3332945920
3953823744 3356786688 3327277056
3939561472 3342442496 3312785408
3954294784 3359318016 3329500160
3940286464 3343564800 3313582080
3947081728 3351695360 3320571904
3941289984 3350474752 3319432192
3941457920 3348168704 3316835328
3941388288 3348201472 3316853760
3966033920 3370848256 3339558912
3939307520 3346497536 3315006464
3939778560 3345100800 3313413120
3941978112 3347197952 3315410944
3940724736 3345690624 3314207744
3958796288 3365441536 3334235136
3959009280 3364274176 3332602880
3939332096 3346890752 3315002368
3940024320 3347431424 3315730432
3966394368 3376386048 3344740352
3971731456 3382001664 3350022144
3943120896 3353362432 3321520128
3951833088 3354193920 3324959744
3940847616 3343618048 3314186240
3955523584 3358322688 3328684032
3948756992 3351535616 3321915392
3942305792 3345387520 3315524608
3955826688 3358650368 3329057792
3944267776 3347972096 3317835776
3955507200 3358867456 3328989184
