3867148288 3269357568 3240404992
3869560832 3271720960 3242872832
3865862144 3268612096 3239267328
3880468480 3287609344 3258376192
3866148864 3268640768 3239538688
3865464832 3268149248 3238791168
3867500544 3269881856 3240676352
3865464832 3268366336 3238862848
3866267648 3270422528 3239707648
3870187520 3278901248 3248208896
3865993216 3272142848 3241292800
3865993216 3272138752 3241280512
3868258304 3272511488 3241761792
3865468928 3272302592 3241210880
3865989120 3270549504 3239483392
3865726976 3270352896 3239126016
3865997312 3270410240 3239400448
3866873856 3272945664 3242374144
3867680768 3272085504 3241221120
3866259456 3273031680 3241754624
3865595904 3272073216 3241009152
3865284608 3269808128 3238790144
3866574848 3271315456 3240130560
3879538688 3288678400 3257740288
3866714112 3268628480 3239938048
3865473024 3267629056 3238639616
3866419200 3268808704 3239753728
3866423296 3268591616 3239585792
3865735168 3268284416 3238995968
3866447872 3268755456 3239706624
3866300416 3269103616 3239688192
3867205632 3269566464 3240471552
