3889643520 3292049408 3262825472
3897573376 3299917824 3270809600
3886653440 3289452544 3259779072
3903627264 3311026176 3281475584
3889246208 3291979776 3262478336
3885125632 3287887872 3258245120
3889713152 3294851072 3265059840
3885125632 3288387584 3258429440
3887218688 3291877376 3260755968
3889848320 3298951168 3267910656
3885654016 3292389376 3261071360
3885654016 3292278784 3260945408
3893825536 3298541568 3267275776
3885129728 3292184576 3260718080
3885649920 3290746880 3259069440
3885649920 3290816512 3259042816
3885658112 3290501120 3259022336
3890769920 3297275904 3266076672
3891683328 3296784384 3265123328
3885395968 3292999680 3261123584
3884994560 3292246016 3260566528
3884945408 3290112000 3258499072
3888783360 3294322688 3262348288
3899723776 3309723648 3277885440
3889016832 3291344896 3262121984
3885133824 3287662592 3258230784
3889827840 3292606464 3262982144
3887857664 3290648576 3261048832
3885658112 3288678400 3258822656
3889623040 3292553216 3262977024
3886526464 3290013696 3259909120
3890479104 3293691904 3263836160
