3868925952 3271299072 3242227712
3872235520 3274309632 3245363200
3867783168 3270414336 3240943616
3882356736 3289706496 3260334080
3868037120 3270668288 3241437184
3867037696 3269816320 3240328192
3869364224 3273994240 3244565504
3867037696 3270062080 3240435712
3867877376 3272294400 3241355264
3871760384 3280740352 3249833984
3867566080 3274055680 3242962944
3867566080 3274018816 3242902528
3870388224 3274985472 3243983872
3867303936 3274043392 3242819584
3867561984 3272343552 3241054208
3867299840 3272081408 3240686592
3867570176 3272269824 3241024512
3868999680 3275206656 3244277760
3869843456 3274485760 3243229184
3867832320 3274842112 3243309056
3867168768 3273867264 3242591232
3866857472 3271659520 3240351744
3868377088 3273428992 3241957376
3881111552 3290742784 3259397120
3868790784 3270815744 3241847808
3867045888 3269414912 3240239104
3868557312 3271045120 3241744384
3868131328 3270590464 3241353216
3867308032 3270111232 3240619008
3868323840 3271004160 3241694208
3868135424 3271073792 3241347072
3869106176 3271872512 3242421248
