3873783808 3276185600 3247015936
3878289408 3280551936 3251509248
3872145408 3275075584 3245515776
3887706112 3295031296 3265543168
3873148928 3275808768 3246420992
3871232000 3274141696 3244570624
3874320384 3279237120 3249603584
3871494144 3274567680 3244717056
3872514048 3276890112 3245850624
3875954688 3285069824 3254104064
3871760384 3278479360 3247242240
3871760384 3278438400 3247181824
3876077568 3280736256 3249549312
3871236096 3278319616 3246942208
3871756288 3276926976 3245342720
3871494144 3276595200 3245001728
3871764480 3276746752 3245345792
3874144256 3280642048 3249524736
3875012608 3280035840 3248502784
3872026624 3279323136 3247590400
3871363072 3278422016 3246861312
3871051776 3276140544 3244639232
3873304576 3278614528 3246812160
3885568000 3295432704 3263781888
3873484800 3275870208 3246735360
3871240192 3273838592 3244502016
3873644544 3276410880 3246913536
3872878592 3275632640 3246180352
3871764480 3274641408 3244944384
3873697792 3276365824 3246884864
3872329728 3275628544 3245658112
3874254848 3277295616 3247602688
