3870359552 3272654848 3243567104
3874054144 3276091392 3247114240
3868893184 3271733248 3242222592
3883872256 3291258880 3261811712
3869519872 3272073216 3242769408
3868086272 3270975488 3241466880
3870834688 3275509760 3245964288
3868348416 3271319552 3241621504
3869257728 3273576448 3242588160
3872808960 3281952768 3251007488
3868876800 3275325440 3244163072
3868614656 3275296768 3244111872
3872014336 3276648448 3245574144
3868352512 3275227136 3243935744
3868610560 3273633792 3242223616
3868348416 3273310208 3241806848
3868618752 3273535488 3242202112
3870253056 3276689408 3245674496
3871358976 3276079104 3244701696
3868880896 3276042240 3244454912
3868217344 3275137024 3243740160
3868168192 3272978432 3241558016
3869831168 3274924032 3243304960
3882422272 3292053504 3260592128
3870011392 3272269824 3243223040
3868356608 3270733824 3241452544
3870064640 3272634368 3243233280
3869536256 3272019968 3242710016
3868618752 3271409664 3241835520
3869831168 3272560640 3243159552
3869184000 3272388608 3242550272
3870625792 3273375744 3243826176
