3935838208 3338293248 3309069312
3953508352 3355791360 3326681088
3930042368 3333054464 3303367680
3937021952 3344531456 3314976768
3936292864 3339202560 3309690880
3919405056 3322261504 3292606464
3936591872 3341688832 3311878144
3919962112 3323162624 3293185024
3931566080 3336093696 3304971264
3920359424 3329552384 3298509824
3920916480 3327553536 3296220160
3920793600 3327557632 3296214016
3945181184 3349983232 3318699008
3919339520 3326468096 3294985216
3919667200 3324981248 3293300736
3921424384 3326636032 3294857216
3919892480 3324837888 3293355008
3939233792 3345952768 3314749440
3940188160 3345317888 3313646592
3919585280 3327184896 3295303680
3920044032 3327152128 3295456256
3920822272 3325837312 3294199808
3946024960 3356188672 3324206080
3922145280 3332235264 3300396032
3934769152 3337101312 3307867136
3920203776 3322892288 3293460480
3937374208 3340337152 3310698496
3932110848 3334832128 3305223168
3921469440 3324489728 3294627840
3937161216 3340107776 3310520320
3929235456 3332804608 3302681600
3937886208 3341078528 3311217664
