3895152640 3297456128 3268297728
3912749056 3307847680 3278791680
3891367936 3294322688 3264683008
3908382720 3315814400 3286296576
3894890496 3297546240 3268122624
3889319936 3292282880 3262657536
3896635392 3301560320 3271900160
3889844224 3293229056 3263283200
3892178944 3296780288 3265727488
3893518336 3302719488 3271714816
3890110464 3296681984 3265405952
3889848320 3296661504 3265341440
3900612608 3305267200 3274107904
3889586176 3296509952 3265043456
3889844224 3294875648 3263388672
3889844224 3295084544 3263405056
3889852416 3294785536 3263331328
3896676352 3303325696 3272216576
3898957824 3303972864 3272354816
3889852416 3297185792 3265352704
3889188864 3296501760 3264855040
3889930240 3294998528 3263396864
3894026240 3299508224 3267686400
3903655936 3313639424 3281857536
3894317056 3296591872 3267454976
3890114560 3292536832 3263162368
3895455744 3298418688 3268844544
3894317056 3297034240 3267469312
3889852416 3293073408 3263346688
3895459840 3298234368 3268776960
3891044352 3294560256 3264549888
3897548800 3300687872 3270885376
