3902689280 3306872832 3277648896
3904581632 3307020288 3277714432
3905929216 3308945408 3279287296
3920261120 3321106432 3291544576
3917209600 3319865344 3290315776
3908911104 3311738880 3282169856
3904671744 3307786240 3277870080
3907375104 3310526464 3280630784
3915010048 3319623680 3288501248
3906543616 3310940160 3279833088
3904409600 3309273088 3277793280
3903967232 3308879872 3277515776
3908771840 3313762304 3282404352
3903283200 3308191744 3276711936
3916263424 3321556992 3289795584
3906768896 3312091136 3280331776
3901771776 3306668032 3275288576
3909840896 3314630656 3283366912
3904335872 3309498368 3277855744
3905622016 3310800896 3279107072
3904675840 3309719552 3278141440
3909865472 3314954240 3283354624
3904974848 3310694400 3278583808
3903389696 3308900352 3276882944
3904544768 3307159552 3277805568
3909492736 3311718400 3282500608
3913011200 3315806208 3286199296
3903369216 3306438656 3276553216
3906387968 3309486080 3279748096
3901964288 3304972288 3275156480
3905286144 3310972928 3280804864
3925352448 3333419008 3303494656
