3940192256 3344494592 3315274752
3940098048 3342712832 3313406976
3942649856 3345580032 3315926016
3958452224 3359186944 3329625088
3961442304 3364093952 3334548480
3949432832 3352494080 3322925056
3941740544 3344986112 3315065856
3946549248 3349635072 3319717888
3986939904 3396276224 3365142528
3943538688 3348156416 3317045248
3940339712 3345170432 3313690624
3942739968 3347546112 3316186112
3947577344 3352432640 3321070592
3941371904 3346489344 3315008512
3959943168 3365408768 3333649408
3945734144 3350941696 3319178240
3938942976 3343745024 3312361472
3948892160 3353731072 3322455040
3940093952 3345158144 3313514496
3942510592 3347886080 3316192256
3939831808 3345051648 3313464320
3952443392 3357569024 3325960192
3942760448 3348557824 3316440064
3940990976 3346780160 3314734080
3939557376 3342094336 3312742400
3949527040 3351867392 3322628096
3955818496 3358740480 3329122304
3940753408 3343966208 3314080768
3940872192 3343962112 3314220032
3938570240 3341746176 3311923200
3940990976 3346599936 3316427776
3984044032 3391959040 3362029568
