3863371776 3265413120 3236583424
3863891968 3265933312 3237036032
3864748032 3267006464 3237906432
3880423424 3280846848 3251750912
3865800704 3267928064 3238962176
3864801280 3267395584 3238279168
3864154112 3266633728 3237423104
3863912448 3266478080 3237158912
3864571904 3268395008 3237903360
3863891968 3267874816 3237284864
3863896064 3267923968 3237330944
3863994368 3268190208 3237570560
3864854528 3269152768 3238462464
3863433216 3267817472 3236956160
3865186304 3269464064 3238587392
3863961600 3268395008 3237499904
3863113728 3267211264 3236548608
3864973312 3268849664 3238371328
3863371776 3267559424 3236918272
3863711744 3267944448 3237139456
3863375872 3267571712 3236901888
3864530944 3268780032 3238103040
3864428544 3269017600 3237976064
3863900160 3268431872 3237439488
3863638016 3265499136 3236875264
3864887296 3266605056 3238008832
3865604096 3267502080 3238708224
3863642112 3265863680 3236739072
3863908352 3266424832 3237390336
3863642112 3265884160 3236811776
3863908352 3268341760 3239093248
3863990272 3266326528 3237314560
