3952095232 3356241920 3327054848
3951411200 3353903104 3324597248
3954888704 3357728768 3328070656
3970011136 3370647552 3341085696
3976278016 3378925568 3349476352
3961708544 3364741120 3335170048
3952734208 3355963392 3326035968
3957534720 3360600064 3330678784
4003209216 3412504576 3381370880
3955449856 3359948800 3328837632
3951943680 3356946432 3325466624
3953860608 3358679040 3327314944
3960016896 3364929536 3333565440
3952992256 3358007296 3326519296
3975331840 3380514816 3348741120
3956838400 3362119680 3330356224
3950575616 3355303936 3323920384
3961327616 3366002688 3334812672
3951661056 3356856320 3325208576
3953995776 3359268864 3327575040
3951099904 3356200960 3324613632
3965272064 3370291200 3338682368
3954561024 3360268288 3328150528
3952340992 3358023680 3325977600
3950686208 3353104384 3323748352
3962142720 3364610048 3335370752
3969667072 3372523520 3342905344
3951529984 3354681344 3324795904
3952496640 3355721728 3325979648
3950022656 3353079808 3323256832
3952541696 3358052352 3327888384
3984830464 3392733184 3362803712
