1310654464 333086720 313370624
1311707136 333172736 313366528
1311707136 333168640 313356288
1311707136 333172736 313357312
1312776192 333144064 313324544
1312776192 333107200 313348096
1311698944 333160448 313348096
1311707136 333160448 313345024
1313906688 333156352 313318400
1313906688 333094912 313322496
1312837632 333148160 313322496
1312837632 333139968 313317376
1312837632 333156352 313330688
1312837632 333148160 313319424
1311768576 333139968 313315328
1311768576 333148160 313323520
1314963456 336093184 316317696
1314963456 333160448 313326592
1313894400 333066240 313293824
1313894400 333156352 313323520
1313894400 333152256 313322496
1313894400 333156352 313329664
1312825344 333131776 313312256
1312825344 333135872 313317376
1313894400 334102528 314276864
1313894400 333131776 313306112
1312825344 333148160 313328640
1312825344 333152256 313332736
1312829440 333148160 313332736
1312825344 333139968 313328640
1311760384 335208448 315412480
1310699520 333119488 313351168
