1310654464 333082624 313371648
1311707136 333172736 313371648
1311707136 333160448 313357312
1311707136 333164544 313359360
1312776192 333135872 313324544
1312776192 333103104 313349120
1311698944 333156352 313349120
1311707136 333156352 313347072
1313906688 333144064 313318400
1313906688 333086720 313322496
1312837632 333139968 313322496
1312837632 333135872 313318400
1312837632 333144064 313328640
1312837632 333131776 313316352
1311768576 333127680 313314304
1311768576 333131776 313320448
1314963456 333991936 314223616
1314963456 333148160 313324544
1313894400 333062144 313295872
1313894400 333148160 313324544
1313894400 333148160 313324544
1313894400 333152256 313330688
1312825344 333131776 313314304
1312825344 333135872 313318400
1313894400 333152256 313334784
1313894400 333119488 313304064
1312825344 333135872 313326592
1312825344 333139968 313330688
1312829440 333139968 313332736
1312825344 333131776 313326592
1311760384 335200256 315411456
1310699520 333111296 313349120
