3857342464 3259101184 3230582784
3857862656 3259756544 3231121408
3858407424 3260542976 3231776768
3874656256 3274665984 3245792256
3858681856 3260821504 3232007168
3858386944 3260833792 3232038912
3858124800 3260289024 3231415296
3857600512 3259838464 3230842880
3857649664 3261026304 3231121408
3857862656 3261214720 3231190016
3857866752 3261526016 3231351808
3857903616 3261480960 3231351808
3858149376 3262070784 3231889408
3857367040 3261095936 3230816256
3858141184 3262046208 3231766528
3857616896 3261493248 3231121408
3856822272 3260432384 3230402560
3858182144 3261890560 3231790080
3857342464 3260997632 3230845952
3857092608 3260968960 3230648320
3857346560 3260968960 3230785536
3857944576 3261706240 3231432704
3858399232 3262406656 3232003072
3858132992 3261853696 3231507456
3857870848 3259162624 3230874624
3858432000 3259949056 3231597568
3858817024 3260432384 3231984640
3857612800 3259207680 3230686208
3857879040 3259600896 3231072256
3857612800 3259392000 3230866432
3857879040 3261759488 3233134592
3857874944 3259731968 3231160320
