3856031744 3257708544 3229281280
3856551936 3258421248 3229843456
3857358848 3259228160 3230538752
3873345536 3273351168 3244542976
3857346560 3259527168 3230737408
3857338368 3259555840 3230821376
3856814080 3259047936 3230200832
3856289792 3258503168 3229559808
3856302080 3259633664 3229826048
3856551936 3259830272 3229905920
3856818176 3260211200 3230128128
3856580608 3260182528 3230126080
3857076224 3260739584 3230611456
3856044032 3259768832 3229537280
3857080320 3260686336 3230476288
3856306176 3260149760 3229869056
3855773696 3259138048 3229168640
3856846848 3260469248 3230459904
3856293888 3259686912 3229613056
3856031744 3259645952 3229412352
3856035840 3259633664 3229504512
3856596992 3260321792 3230127104
3857350656 3261063168 3230734336
3856822272 3260559360 3230301184
3856560128 3257864192 3229602816
3857096704 3258580992 3230295040
3857444864 3259101184 3230690304
3856302080 3257888768 3229444096
3856568320 3258208256 3229753344
3856564224 3258163200 3229688832
3856568320 3260502016 3231930368
3856826368 3258425344 3229922304
