3887751168 3290267648 3261043712
3888271360 3290845184 3261542400
3889127424 3292106752 3262449664
3905589248 3306233856 3276672000
3895918592 3298750464 3269206016
3891154944 3294285824 3264720896
3888795648 3291987968 3262074880
3890270208 3293478912 3263590400
3894587392 3299180544 3268062208
3889258496 3293712384 3262605312
3888537600 3293478912 3262000128
3888898048 3293782016 3262424064
3890991104 3296083968 3264731136
3888074752 3293065216 3261587456
3895783424 3301072896 3269314560
3889606656 3294916608 3263164416
3887493120 3292303360 3260930048
3891798016 3296641024 3265377280
3887751168 3292971008 3261332480
3888922624 3293995008 3262307328
3887755264 3292676096 3261105152
3892903936 3297964032 3266379776
3889332224 3295064064 3262966784
3888541696 3294085120 3262080000
3888017408 3290656768 3261307904
3891720192 3294158848 3264952320
3894222848 3297144832 3267545088
3888021504 3291209728 3261341696
3888287744 3291561984 3261827072
3887759360 3290824704 3261020160
3888287744 3293945856 3263785984
3889315840 3292467200 3262547968
