3951570944 3355746304 3326522368
3950829568 3353305088 3324007424
3954364416 3357200384 3327542272
3969429504 3370053632 3340491776
3975729152 3378462720 3348912128
3961073664 3364106240 3334536192
3952181248 3355398144 3325474816
3956604928 3360010240 3330092032
4003172352 3412430848 3381329920
3954888704 3359379456 3328268288
3951419392 3356413952 3324938240
3953274880 3358072832 3326716928
3959480320 3364376576 3333013504
3952414720 3357425664 3325937664
3974782976 3379945472 3348176896
3956838400 3362004992 3330241536
3950051328 3354763264 3323387904
3960741888 3365494784 3334218752
3951136768 3356319744 3324672000
3953487872 3358752768 3327058944
3951099904 3356184576 3324605440
3964678144 3369693184 3338088448
3953983488 3359670272 3327552512
3951775744 3357442048 3325395968
3950145536 3352555520 3323199488
3961520128 3363987456 3334748160
3969036288 3371876352 3342262272
3950964736 3354103808 3324226560
3951972352 3355176960 3325438976
3949498368 3352543232 3322728448
3951964160 3357474816 3327302656
3984830464 3392724992 3362795520
