3870711808 3272986624 3243809792
3870969856 3273400320 3244179456
3871825920 3274633216 3245066240
3888025600 3288608768 3259116544
3874713600 3277422592 3248049152
3872743424 3275567104 3246111744
3871494144 3274551296 3244807168
3871821824 3274981376 3245219840
3873574912 3278123008 3247091712
3871244288 3275796480 3244752896
3871236096 3276083200 3244695552
3871596544 3276251136 3244992512
3872894976 3277725696 3246508032
3870773248 3275624448 3244253184
3874770944 3279945728 3248339968
3871547392 3276587008 3245075456
3870191616 3275026432 3243748352
3872772096 3277463552 3246263296
3870711808 3275714560 3244203008
3871055872 3276165120 3244664832
3870715904 3275501568 3244106752
3873148928 3277996032 3246582784
3871768576 3277217792 3245343744
3871240192 3276709888 3244933120
3870978048 3273433088 3244151808
3872890880 3275112448 3245960192
3874238464 3276881920 3247384576
3870720000 3273793536 3244083200
3870986240 3274190848 3244573696
3870720000 3273625600 3243953152
3871248384 3276574720 3246544896
3871592448 3274571776 3244811264
