3889324032 3293454336 3264250880
3889844224 3292254208 3262967808
3891224576 3294060544 3264423936
3906899968 3307659264 3278113792
3899011072 3301617664 3272101888
3893051392 3295997952 3266437120
3890106368 3293368320 3263493120
3891961856 3294932992 3265105920
3897040896 3301519360 3270421504
3890626560 3295162368 3264079872
3890110464 3294904320 3263446016
3890995200 3295735808 3264414720
3892645888 3297411072 3266267136
3889651712 3294613504 3263170560
3898167296 3303317504 3271592960
3891314688 3296522240 3264797696
3888803840 3293691904 3262351360
3895111680 3299803136 3268563968
3889324032 3294363648 3262761984
3890319360 3295465472 3263832064
3889065984 3294117888 3262563328
3896061952 3301175296 3269644288
3890905088 3296460800 3264400384
3890380800 3296030720 3264066560
3889590272 3292106752 3262798848
3893575680 3295907840 3266738176
3896373248 3299184640 3269634048
3890118656 3293134848 3263292416
3890384896 3293429760 3263748096
3889332224 3292233728 3262470144
3889860608 3295404032 3265276928
3890642944 3294048256 3264157696
