3849216000 3250663424 3222458368
3849736192 3251220480 3222999040
3850006528 3251478528 3223231488
3866267648 3265941504 3237560320
3850256384 3252027392 3223512064
3849998336 3251785728 3223379968
3849998336 3251728384 3223192576
3849474048 3251343360 3222727680
3849474048 3252355072 3222930432
3849474048 3252375552 3222976512
3850002432 3252813824 3223316480
3849740288 3252563968 3223096320
3849736192 3252903936 3223358464
3849216000 3252146176 3222546432
3849740288 3253014528 3223330816
3849478144 3252637696 3222889472
3848957952 3251924992 3222466560
3849744384 3252797440 3223351296
3849216000 3252011008 3222660096
3848953856 3252113408 3222518784
3849220096 3252166656 3222614016
3849482240 3252641792 3223000064
3850010624 3253321728 3223588864
3849744384 3253014528 3223256064
3849482240 3250536448 3222603776
3850006528 3251044352 3223174144
3850268672 3251286016 3223331840
3849486336 3250364416 3222536192
3849490432 3250692096 3222702080
3849486336 3250679808 3222625280
3849752576 3252989952 3224914944
3849486336 3250712576 3222616064
