3921543168 3325599744 3296375808
3921309696 3323891712 3294585856
3923628032 3326533632 3296875520
3939352576 3340058624 3310496768
3941466112 3344343040 3314793472
3932528640 3335536640 3305967616
3922182144 3325464576 3295544320
3930648576 3333718016 3303808000
3958697984 3367956480 3336834048
3928776704 3333320704 3302213632
3921543168 3326324736 3294844928
3922993152 3327791104 3296427008
3931611136 3336499200 3305137152
3927150592 3332247552 3300766720
3940950016 3346198528 3314435072
3929972736 3335188480 3303429120
3920859136 3325640704 3294260224
3933241344 3337994240 3306723328
3921817600 3326894080 3295251456
3928559616 3333636096 3301942272
3921780736 3326693376 3295114240
3935698944 3340722176 3309114368
3923169280 3328790528 3296672768
3921981440 3327680512 3295640576
3920949248 3323428864 3294073856
3933052928 3335487488 3306262528
3937894400 3340652544 3311038464
3921375232 3324583936 3294698496
3921854464 3324899328 3295157248
3920302080 3323224064 3293401088
3921899520 3327492096 3297319936
3953643520 3361665024 3331739648
