3858128896 3260035072 3231468544
3858649088 3260669952 3231988736
3859468288 3261476864 3232680960
3875442688 3275632640 3246722048
3859767296 3261796352 3232968704
3859435520 3261796352 3232963584
3859173376 3261255680 3232343040
3858386944 3260796928 3231742976
3858735104 3262017536 3232068608
3858649088 3262189568 3232096256
3858915328 3262472192 3232248832
3858976768 3262521344 3232327680
3859222528 3263119360 3232856064
3858178048 3262128128 3231770624
3859214336 3263041536 3232698368
3858690048 3262500864 3232061440
3857870848 3261411328 3231332352
3859267584 3262918656 3232785408
3858391040 3261976576 3231756288
3858153472 3261939712 3231568896
3858395136 3262013440 3231760384
3859042304 3262726144 3232425984
3859447808 3263332352 3232840704
3858919424 3262812160 3232397312
3858657280 3260096512 3231788032
3859505152 3260952576 3232571392
3859914752 3261480960 3232993280
3858399232 3260157952 3231602688
3858665472 3260608512 3232004096
3858661376 3260329984 3231751168
3858665472 3262627840 3233975296
3858935808 3260727296 3232108544
