3906936832 3309182976 3279982592
3917459456 3319771136 3290610688
3907039232 3309731840 3280221184
3905585152 3308212224 3278729216
3908403200 3311099904 3281517568
3916726272 3319607296 3290016768
3908509696 3313709056 3283823616
3924000768 3327266816 3297398784
3905888256 3312652288 3281487872
3914395648 3318718464 3287815168
3908227072 3314814976 3283557376
3919790080 3324542976 3293282304
3910156288 3315073024 3283688448
3905929216 3310886912 3279425536
3908579328 3313565696 3282021376
3919863808 3325145088 3293393920
3908145152 3313188864 3281656832
3908997120 3313631232 3282373632
3907981312 3313049600 3281521664
3924979712 3330105344 3298511872
3910336512 3315376128 3283714048
3907538944 3312640000 3281093632
3915210752 3320696832 3288830976
3927777280 3333251072 3301291008
3907301376 3309830144 3280448512
3906605056 3309223936 3279787008
3907395584 3310206976 3280588800
3922685952 3325480960 3295793152
3916173312 3321257984 3291517952
3908722688 3313655808 3284097024
3907248128 3310624768 3280580608
3922657280 3325673472 3295872000
