3958075392 3360346112 3331117056
3966590976 3369050112 3339860992
3959582720 3362271232 3332731904
3956965376 3359711232 3330227200
3986427904 3393921024 3364322304
3966906368 3369693184 3340100608
3962966016 3368013824 3338113024
4012650496 3420438528 3390561280
3957313536 3363946496 3332752384
3962109952 3366350848 3335414784
3962290176 3368968192 3337696256
3973545984 3378307072 3347024896
3966480384 3371245568 3339856896
3957956608 3364888576 3333411840
3961716736 3366834176 3335260160
3974582272 3379867648 3348101120
3960549376 3365699584 3334130688
3995672576 3404967936 3373693952
3961348096 3366440960 3334890496
3984371712 3389542400 3357943808
3968466944 3373649920 3341981696
3961483264 3366461440 3334874112
3969552384 3379740672 3347858432
3990093824 3395588096 3363617792
3960684544 3363315712 3333932032
3971842048 3379245056 3349788672
3976085504 3376947200 3347321856
3979718656 3382603776 3352911872
3966087168 3371229184 3341474816
3962953728 3367768064 3338196992
3960037376 3363491840 3333439488
3992350720 3400200192 3370384384
