3861286912 3263062016 3234481152
3861983232 3264032768 3235286016
3861798912 3263832064 3234956288
3861012480 3263098880 3234174976
3862093824 3264380928 3235391488
3861794816 3264032768 3235009536
3862368256 3266785280 3237672960
3861786624 3264372736 3235217408
3861266432 3267149824 3236738048
3861082112 3264884736 3234627584
3861798912 3265650688 3235353600
3862114304 3265933312 3235513344
3862732800 3266682880 3236234240
3861008384 3265134592 3234529280
3861716992 3265818624 3235263488
3862159360 3266531328 3235780608
3861798912 3265835008 3235184640
3862065152 3265695744 3235465216
3861839872 3265478656 3235215360
3862708224 3266486272 3236049920
3861565440 3265613824 3235021824
3861291008 3265449984 3234896896
3861544960 3265531904 3235004416
3862806528 3266764800 3236196352
3861798912 3263533056 3234930688
3861274624 3263111168 3234523136
3861278720 3263148032 3234540544
3862921216 3264782336 3236037632
3861975040 3265855488 3237122048
3862061056 3265953792 3237302272
3861544960 3263791104 3234931712
3861512192 3263500288 3234761728
