1323216896 748232704 728487936
1320071168 744124416 724286464
1320058880 744157184 724373504
1320058880 744062976 724276224
1321115648 744038400 724247552
1321115648 744062976 724272128
1320046592 744112128 724271104
1320046592 744108032 724263936
1322172416 746172416 726346752
1322172416 744075264 724268032
1321103360 744058880 724261888
1321103360 744050688 724256768
1321103360 744058880 724261888
1321103360 744062976 724262912
1320034304 744067072 724268032
1320034304 744062976 724267008
1323229184 744071168 724267008
1323229184 744071168 724265984
1322160128 744034304 724233216
1322160128 744067072 724262912
1322160128 744067072 724265984
1323106304 745009152 725211136
1321091072 744050688 724259840
1321123840 744222720 724374528
1322160128 744075264 724278272
1322160128 744071168 724274176
1321091072 744062976 724273152
1321095168 744062976 724272128
1321091072 746188800 726389760
1321091072 746151936 726343680
1320022016 744050688 724280320
1318957056 744026112 724285440
