3864694784 3266719744 3237948416
3865956352 3268026368 3239124992
3865206784 3267547136 3238480896
3864420352 3266789376 3237672960
3865763840 3268190208 3239011328
3865464832 3267907584 3238704128
3866038272 3270479872 3241162752
3866279936 3268902912 3239579648
3864674304 3271020544 3240299520
3864850432 3268780032 3238288384
3865468928 3269550080 3238933504
3865935872 3270127616 3239479296
3866140672 3270578176 3239762944
3864416256 3268984832 3237995520
3865518080 3269828608 3238956032
3866144768 3270828032 3239724032
3865206784 3269939200 3238829056
3865473024 3269521408 3239020544
3865583616 3269480448 3238894592
3866894336 3271282688 3240480768
3865034752 3269554176 3238600704
3864961024 3269263360 3238356992
3864952832 3269451776 3238555648
3867402240 3271888896 3240962048
3865206784 3267223552 3238339584
3864944640 3266895872 3237998592
3864686592 3266912256 3238003712
3867004928 3269251072 3240167424
3865526272 3269902336 3240815616
3865649152 3269955584 3241022464
3865214976 3267661824 3238415360
3865690112 3267850240 3238900736
