3856293888 3257798656 3229373440
3856830464 3258650624 3230090240
3856556032 3258482688 3229807616
3855769600 3257843712 3229126656
3856826368 3258896384 3230166016
3856551936 3258736640 3229924352
3857338368 3261485056 3232580608
3856343040 3258494976 3229615104
3856023552 3261599744 3231578112
3856027648 3259461632 3229479936
3856818176 3260284928 3230267392
3856568320 3260203008 3230103552
3857354752 3261030400 3230935040
3855765504 3259691008 3229477888
3856551936 3260211200 3230059520
3856588800 3260420096 3230152704
3856556032 3260166144 3230135296
3856822272 3260157952 3230271488
3856560128 3259932672 3229932544
3857113088 3260534784 3230461952
3856297984 3259981824 3229842432
3856310272 3259916288 3229778944
3856564224 3260149760 3229991936
3856896000 3260637184 3230406656
3856556032 3257974784 3229758464
3856293888 3257499648 3229306880
3856297984 3257704448 3229379584
3857399808 3258974208 3230559232
3856572416 3260084224 3231717376
3856572416 3260301312 3231909888
3856564224 3258322944 3229868032
3856297984 3257942016 3229465600
