3921891328 3324248064 3295043584
3931291648 3333550080 3304376320
3922595840 3325415424 3295894528
3921551360 3324268544 3294784512
3924312064 3327135744 3297552384
3930042368 3332837376 3303246848
3924598784 3329712128 3299816448
3939639296 3342790656 3312914432
3921477632 3328110592 3296932864
3923533824 3327930368 3297013760
3924897792 3331379200 3300118528
3934220288 3338874880 3307613184
3926867968 3331727360 3300340736
3922251776 3327078400 3295616000
3925020672 3330162688 3298617344
3934310400 3339505664 3307754496
3923709952 3328679936 3297143808
3942535168 3352088576 3320826880
3924279296 3329204224 3297669120
3940642816 3345711104 3314116608
3930624000 3335962624 3304296448
3924213760 3329241088 3297680384
3928547328 3333959680 3302093824
3944349696 3349733376 3317773312
3923300352 3325702144 3296320512
3922329600 3324862464 3295425536
3922927616 3325636608 3296018432
3937505280 3340521472 3310830592
3929784320 3334778880 3305038848
3925037056 3329863680 3300304896
3922898944 3326439424 3296395264
3937644544 3340787712 3310986240
