3947851776 3350208512 3320992768
3957514240 3359752192 3330580480
3948773376 3351597056 3322071040
3946598400 3349180416 3319700480
3951218688 3354095616 3324517376
3955437568 3358253056 3328664576
3951661056 3356889088 3326988288
3981561856 3389423616 3359566848
3946754048 3353509888 3322329088
3951755264 3356082176 3325163520
3951120384 3357921280 3326660608
3961077760 3365769216 3334491136
3955535872 3360256000 3328868352
3947212800 3354255360 3322803200
3951419392 3356585984 3325016064
3962060800 3367329792 3335567360
3950116864 3355357184 3323805696
3989946368 3399270400 3368003584
3950854144 3356033024 3324489728
3970834432 3375988736 3344394240
3956609024 3361804288 3330161664
3950436352 3355570176 3323990016
3968561152 3378774016 3346895872
3976347648 3381821440 3349855232
3949895680 3352367104 3322987520
3971055616 3378499584 3349043200
3948584960 3351613440 3321988096
3966631936 3369480192 3339793408
3955109888 3360268288 3330541568
3952177152 3357081600 3327522816
3949461504 3352973312 3322920960
3990257664 3398082560 3368276992
