3857354752 3259056128 3230615552
3858153472 3259928576 3231344640
3857866752 3259822080 3231107072
3857080320 3259133952 3230371840
3858149376 3260215296 3231424512
3857862656 3259990016 3231118336
3858673664 3262820352 3233860608
3857690624 3259887616 3230930944
3857334272 3262963712 3232875520
3857338368 3260788736 3230748672
3858128896 3261566976 3231501312
3857903616 3261562880 3231391744
3858702336 3262398464 3232234496
3857076224 3261059072 3230767104
3857887232 3261534208 3231305728
3857948672 3261911040 3231556608
3857866752 3261513728 3231378432
3858132992 3261534208 3231590400
3857883136 3261272064 3231212544
3858448384 3261935616 3231799296
3857608704 3261337600 3231091712
3857620992 3261255680 3231017984
3857612800 3261390848 3231179776
3858255872 3262029824 3231712256
3857866752 3259318272 3231016960
3857342464 3258863616 3230577664
3857346560 3259006976 3230627840
3858735104 3260342272 3231866880
3857895424 3261448192 3233021952
3857895424 3261607936 3233168384
3857874944 3259621376 3231106048
3857633280 3259277312 3230745600
