1310642176 333070336 313363456
1311707136 333135872 313345024
1311698944 333078528 313338880
1311694848 333082624 313342976
1312837632 333049856 313299968
1312837632 333074432 313324544
1311768576 333119488 313316352
1311768576 333119488 313316352
1313894400 335175680 315397120
1313894400 333090816 313330688
1312825344 333082624 313326592
1312825344 333066240 313310208
1312825344 333082624 313326592
1312825344 333070336 313314304
1311756288 333074432 313322496
1311756288 333066240 313318400
1314951168 333086720 313320448
1314951168 333074432 313310208
1313882112 333037568 313277440
1313882112 333066240 313306112
1313882112 333070336 313310208
1313882112 333074432 313314304
1312813056 333062144 313306112
1312845824 333152256 313342976
1313882112 333078528 313322496
1313882112 333074432 313318400
1312813056 333062144 313316352
1312813056 333062144 313316352
1312813056 335163392 315405312
1312817152 335151104 315384832
1311744000 333053952 313326592
1310679040 333033472 313332736
