3885404160 3287695360 3258499072
3887833088 3290091520 3260937216
3885916160 3288608768 3259108352
3884605440 3287232512 3257755648
3886473216 3289378816 3259807744
3887173632 3289948160 3260369920
3887009792 3292094464 3262235648
3891183616 3294404608 3264555008
3885121536 3291746304 3260587008
3885596672 3289911296 3259015168
3886702592 3293229056 3261979648
3889152000 3293802496 3262551040
3887636480 3292639232 3261275136
3884863488 3289894912 3258470400
3886489600 3291607040 3260073984
3889061888 3294420992 3262673920
3885916160 3291054080 3259525120
3886706688 3291398144 3260148736
3886092288 3291025408 3259532288
3892178944 3297316864 3265723392
3887349760 3292479488 3260820480
3885932544 3290918912 3259380736
3886358528 3291734016 3259873280
3893202944 3298897920 3266949120
3885916160 3288510464 3259128832
3885391872 3287973888 3258544128
3885395968 3288215552 3258608640
3890610176 3293573120 3263885312
3886706688 3291860992 3262124032
3886882816 3291672576 3262117888
3885662208 3289194496 3259154432
3890192384 3293409280 3263616000
