3889598464 3291869184 3262672896
3893383168 3295604736 3266446336
3889586176 3292209152 3262703616
3888275456 3290853376 3261372416
3890667520 3293483008 3263906816
3890950144 3293798400 3264219136
3891204096 3296243712 3266372608
3896467456 3299512320 3269659648
3888533504 3295293440 3264133120
3889319936 3293614080 3262716928
3890372608 3296870400 3265613824
3893354496 3298033664 3266778112
3891777536 3296505856 3265136640
3889057792 3293917184 3262467072
3890188288 3295330304 3263794176
3893403648 3298758656 3267011584
3889848320 3294744576 3263215616
3890376704 3295129600 3263873024
3889766400 3294683136 3263163392
3897139200 3302301696 3270708224
3891814400 3296993280 3265334272
3890126848 3295121408 3263575040
3890102272 3295506432 3263644672
3899015168 3304443904 3272487936
3889586176 3292090368 3262708736
3889586176 3292090368 3262656512
3889065984 3291774976 3262159872
3895640064 3298418688 3268730880
3890814976 3295797248 3266060288
3890556928 3295358976 3265804288
3889856512 3293417472 3263373312
3895087104 3298226176 3268432896
