3855245312 3256897536 3228496896
3855769600 3257679872 3229163520
3855769600 3257552896 3228907520
3854983168 3256913920 3228248064
3856039936 3257872384 3229220864
3855765504 3257753600 3229001728
3856551936 3260518400 3231682560
3855269888 3257524224 3228695552
3855237120 3260583936 3230670848
3854979072 3258503168 3228563456
3855769600 3259322368 3229353984
3855769600 3259228160 3229194240
3856293888 3259998208 3229970432
3854979072 3258716160 3228595200
3855765504 3259310080 3229194240
3855790080 3259428864 3229227008
3855769600 3259133952 3229194240
3856035840 3259170816 3229337600
3855511552 3258953728 3229008896
3856039936 3259510784 3229516800
3855511552 3258974208 3228914688
3855249408 3258953728 3228868608
3855515648 3259215872 3229088768
3856084992 3259654144 3229456384
3855769600 3256999936 3228844032
3855245312 3256524800 3228382208
3855249408 3256733696 3228474368
3856588800 3257954304 3229628416
3855511552 3259068416 3230755840
3855773696 3259289600 3230953472
3855777792 3257331712 3228948480
3855249408 3256946688 3228538880
