3848691712 3250040832 3221923840
3848953856 3250397184 3222252544
3848691712 3250180096 3222060032
3848429568 3249942528 3221719040
3849211904 3250778112 3222457344
3848949760 3250827264 3222397952
3849474048 3251200000 3222720512
3848691712 3250511872 3221989376
3848421376 3253370880 3223934976
3848425472 3251167232 3221752832
3849216000 3251945472 3222545408
3848953856 3251875840 3222455296
3849740288 3252645888 3223157760
3848425472 3251564544 3222047744
3848949760 3251920896 3222343680
3848687616 3251875840 3222287360
3848953856 3251912704 3222486016
3848957952 3251716096 3222378496
3848695808 3251556352 3222181888
3848962048 3251953664 3222412288
3848695808 3251789824 3222277120
3848433664 3251539968 3221951488
3848962048 3251933184 3222343680
3848994816 3252076544 3222443008
3848953856 3249852416 3222039552
3848691712 3249520640 3221765120
3848695808 3249754112 3221903360
3849486336 3250671616 3222697984
3848695808 3251929088 3223917568
3848957952 3252166656 3224148992
3848699904 3250069504 3222072320
3848695808 3249795072 3221795840
