3868708864 3270971392 3241771008
3868090368 3270590464 3241277440
3868393472 3271032832 3241533440
3867570176 3270279168 3240784896
3867561984 3270111232 3240679424
3868372992 3272978432 3243560960
3868086272 3270938624 3241375744
3868508160 3273756672 3244166144
3868794880 3273318400 3242392576
3868086272 3272552448 3241528320
3868147712 3272437760 3241440256
3869061120 3273654272 3242437632
3867828224 3272515584 3241303040
3868610560 3273420800 3242191872
3868086272 3273039872 3241667584
3868532736 3273510912 3242077184
3867832320 3272736768 3241313280
3868880896 3273465856 3242306560
3868983296 3273711616 3242464256
3868119040 3273179136 3241668608
3868360704 3273220096 3241795584
3868168192 3273281536 3241953280
3869384704 3274477568 3242999808
3869024256 3274088448 3242619904
3868327936 3270713344 3241521152
3868585984 3270926336 3241807872
3872079872 3276648448 3247312896
3868098560 3270877184 3241312256
3868471296 3273121792 3243649024
3867574272 3270291456 3240870912
3868880896 3271823360 3242155008
3868618752 3273641984 3243956224
