3967594496 3370012672 3340700672
3953156096 3355738112 3326328832
3956510720 3359309824 3329633280
3953303552 3356270592 3326605312
3953676288 3356549120 3326910464
3997089792 3402625024 3373027328
3956174848 3359281152 3329349632
3965583360 3370901504 3340998656
3961663488 3366170624 3335085056
3955384320 3359801344 3328643072
3998957568 3408244736 3376990208
3967987712 3373031424 3341570048
3954802688 3359666176 3328210944
3956985856 3361845248 3330426880
4016640000 3426459648 3394745344
3965648896 3370790912 3339074560
3952844800 3358076928 3326452736
3956502528 3361374208 3330003968
3972177920 3377344512 3345726464
3956154368 3361468416 3329670144
3972771840 3375992832 3344253952
3964596224 3369967616 3338340352
3974017024 3379507200 3347535872
3973189632 3378683904 3346755584
3968417792 3370803200 3341446144
3966844928 3369205760 3339906048
3997941760 3402694656 3373071360
3955970048 3358982144 3329149952
3965251584 3370319872 3340591104
3953819648 3356811264 3327107072
3958738944 3361988608 3331941376
3956523008 3363954688 3333906432
