3881267200 3283865600 3254561792
3880148992 3282616320 3253216256
3880452096 3283419136 3253760000
3879628800 3282497536 3252840448
3879620608 3282354176 3252776960
3880693760 3285430272 3255862272
3880407040 3283574784 3253713920
3880902656 3286343680 3256522752
3881455616 3286048768 3254973440
3880407040 3284987904 3253837824
3880206336 3284811776 3253604352
3882053632 3286888448 3255471104
3879886848 3284844544 3253429248
3881193472 3286016000 3254651904
3880669184 3285778432 3254106112
3881033728 3286298624 3254617088
3879890944 3284885504 3253302272
3881201664 3285905408 3254559744
3882438656 3287543808 3255965696
3880177664 3285471232 3253726208
3880681472 3285782528 3254099968
3880722432 3286081536 3254521856
3882999808 3288350720 3256506368
3882541056 3287937024 3256103936
3881218048 3283808256 3254480896
3881435136 3283791872 3254530048
3888467968 3293184000 3263602688
3880419328 3283349504 3253566464
3880902656 3285729280 3256048640
3879632896 3282526208 3252871168
3881201664 3284582400 3254589440
3880939520 3286360064 3256341504
