3878547456 3281068032 3251766272
3877265408 3279974400 3250575360
3877830656 3280760832 3251124224
3877007360 3279806464 3250149376
3876999168 3279659008 3250099200
3877810176 3282698240 3253132288
3877785600 3280875520 3251027968
3878232064 3283574784 3253787648
3878760448 3283243008 3252169728
3877785600 3282259968 3251111936
3877584896 3282149376 3250949120
3879112704 3284094976 3252685824
3877265408 3282169856 3250763776
3878572032 3283357696 3251994624
3878047744 3283070976 3251420160
3878387712 3283537920 3251873792
3877269504 3282264064 3250685952
3878318080 3283185664 3251842048
3879383040 3284537344 3252967424
3877556224 3282796544 3251066880
3878060032 3283095552 3251425280
3878064128 3283292160 3251748864
3879907328 3285401600 3253595136
3879702528 3284938752 3253142528
3878486016 3280982016 3251658752
3878477824 3280973824 3251721216
3884929024 3289702400 3260131328
3877797888 3280691200 3250918400
3878019072 3283017728 3253346304
3877011456 3279892480 3250253824
3878580224 3281846272 3251875840
3878318080 3283640320 3253632000
