3930714112 3333140480 3303828480
3919224832 3321835520 3292528640
3920945152 3324063744 3294399488
3919507456 3322515456 3292854272
3919589376 3322380288 3292784640
3921600512 3326504960 3296950272
3920678912 3323887616 3294048256
3929755648 3335032832 3305136128
3930447872 3334955008 3303872512
3920474112 3324960768 3293850624
3950657536 3359911936 3328687104
3930992640 3335970816 3304530944
3919835136 3324792832 3293407232
3921403904 3326365696 3294986240
3920441344 3325792256 3294112768
3929387008 3334447104 3302737920
3919187968 3324239872 3292664832
3920781312 3325665280 3294331904
3933372416 3338493952 3306890240
3920650240 3326009344 3294352384
3920887808 3326169088 3294479360
3929026560 3334324224 3302709248
3934814208 3340189696 3308271616
3934216192 3339653120 3307761664
3930861568 3333263360 3303917568
3930075136 3332673536 3303382016
3949142016 3353919488 3324335104
3920871424 3323891712 3294136320
3928936448 3333943296 3304243200
3919925248 3322974208 3293289472
3922456576 3325792256 3295758336
3920936960 3326537728 3296542720
