3917430784 3319787520 3290475520
3907727360 3310292992 3280883712
3909033984 3311988736 3282312192
3907354624 3310313472 3280652288
3907690496 3310620672 3280996352
3909652480 3314446336 3284864000
3908911104 3311988736 3282072576
3916611584 3321827328 3291931648
3916853248 3321520128 3290437632
3908497408 3313123328 3281968128
3925602304 3335094272 3303876608
3917647872 3322544128 3291101184
3908218880 3313029120 3281607680
3910205440 3314991104 3283592192
3909210112 3314454528 3282751488
3916029952 3321286656 3289578496
3907919872 3313094656 3281495040
3909140480 3313864704 3282502656
3919618048 3324649472 3293049856
3908833280 3314147328 3282364416
3909529600 3314679808 3282969600
3915993088 3321212928 3289598976
3920539648 3326070784 3294174208
3920175104 3325558784 3293667328
3917107200 3319730176 3290385408
3916804096 3319222272 3289937920
3932737536 3337388032 3307787264
3908792320 3311955968 3282138112
3915816960 3320803328 3291105280
3908218880 3311230976 3281546240
3910021120 3313295360 3283261440
3909210112 3314675712 3284643840
