3865919488 3268268032 3239211008
3865731072 3268136960 3238926336
3866034176 3268460544 3239176192
3865210880 3267772416 3238488064
3865202688 3267555328 3238291456
3866013696 3270434816 3241188352
3865726976 3268382720 3239053312
3866124288 3271131136 3241713664
3866648576 3270729728 3240048640
3865726976 3269935104 3239143424
3865526272 3269689344 3239032832
3866640384 3270975488 3240026112
3865468928 3269898240 3238918144
3866251264 3270832128 3239845888
3865726976 3270299648 3239216128
3866173440 3270852608 3239710720
3865473024 3270168576 3238964224
3866521600 3270836224 3239980032
3866353664 3270627328 3239802880
3865759744 3270250496 3239159808
3865739264 3270336512 3239294976
3865653248 3270430720 3239463936
3866660864 3271151616 3240077312
3866337280 3270918144 3239872512
3865796608 3267813376 3238898688
3866189824 3268190208 3239371776
3868762112 3272818688 3243831296
3865739264 3268157440 3238883328
3866005504 3270279168 3241127936
3865214976 3267485696 3238405120
3866521600 3268956160 3239688192
3866259456 3270828032 3241483264
