3849478144 3250843648 3222592512
3849478144 3251015680 3222775808
3849482240 3251130368 3222690816
3849482240 3251228672 3222736896
3848949760 3250765824 3222296576
3849474048 3253288960 3224824832
3849474048 3251175424 3222798336
3849216000 3251159040 3222632448
3849732096 3252674560 3223322624
3849736192 3252506624 3223041024
3849211904 3252162560 3222666240
3850002432 3253035008 3223474176
3849478144 3252359168 3222821888
3849998336 3253047296 3223445504
3849736192 3252695040 3223117824
3849998336 3253178368 3223422976
3849482240 3252289536 3222776832
3850006528 3253026816 3223492608
3849482240 3252535296 3223013376
3849220096 3252412416 3222800384
3849748480 3252748288 3223134208
3849216000 3252764672 3223024640
3849478144 3252629504 3223010304
3849478144 3252547584 3222906880
3849478144 3250470912 3222542336
3849740288 3250782208 3222866944
3849748480 3251027968 3222955008
3849224192 3250286592 3222299648
3849482240 3252613120 3224601600
3849224192 3250462720 3222406144
3850006528 3251068928 3223130112
3849744384 3253153792 3225092096
