3967557632 3369943040 3340631040
3952140288 3354689536 3325280256
3955941376 3358703616 3329031168
3952271360 3355209728 3325544448
3952128000 3354959872 3325321216
3992309760 3397804032 3368210432
3954835456 3358167040 3328235520
3965571072 3370848256 3340945408
3960041472 3364528128 3333446656
3954589696 3359232000 3328073728
3993677824 3403182080 3371927552
3967987712 3372990464 3341529088
3953754112 3358593024 3327137792
3955871744 3360763904 3329345536
4016640000 3426430976 3394716672
3965624320 3370733568 3339017216
3951804416 3357011968 3325387776
3955417088 3360256000 3328885760
3972128768 3377266688 3345648640
3954569216 3359875072 3328076800
3971698688 3374903296 3343164416
3964583936 3369918464 3338291200
3973955584 3379417088 3347445760
3973128192 3378589696 3346661376
3968094208 3370713088 3341356032
3966844928 3369164800 3339865088
3997736960 3402452992 3372829696
3954909184 3357913088 3328080896
3965251584 3370287104 3340562432
3952779264 3355742208 3326038016
3957358592 3360837632 3330790400
3955449856 3362869248 3332820992
