1319043072 744116224 724318208
1320108032 744157184 724315136
1320095744 744153088 724307968
1320095744 744161280 724313088
1321152512 744128512 724276224
1321152512 744157184 724307968
1320083456 744153088 724307968
1320083456 744153088 724304896
1322209280 744173568 724305920
1322209280 744161280 724298752
1324392448 747356160 727555072
1321140224 744153088 724297728
1321140224 744103936 724302848
1321140224 744099840 724298752
1320071168 744165376 724304896
1320071168 744161280 724303872
1323266048 744202240 724336640
1323266048 744112128 724302848
1322196992 744161280 724298752
1322196992 744108032 724299776
1322196992 744161280 724298752
1322196992 744161280 724301824
1321127936 744095744 724300800
1321127936 744095744 724300800
1322196992 744173568 724315136
1322196992 744087552 724286464
1321127936 744169472 724314112
1321127936 744165376 724313088
1321127936 744161280 724313088
1321127936 744161280 724316160
1320058880 744153088 724321280
1323200512 750387200 730617856
