3960029184 3366232064 3336948736
3936665600 3339141120 3309836288
3958501376 3361116160 3331593216
3936804864 3339554816 3309929472
3937579008 3340365824 3310803968
3938123776 3342893056 3313343488
3939401728 3342434304 3312582656
3944787968 3350171648 3320344576
3941933056 3346280448 3315264512
3937206272 3341426688 3310533632
3940466688 3347472384 3316074496
3938717696 3343429632 3312200704
3936202752 3341127680 3309758464
3945201664 3349913600 3318714368
3942862848 3348025344 3316359168
3937226752 3342438400 3310675968
3948695552 3353448448 3322139648
3940151296 3344789504 3313570816
3942760448 3347832832 3316217856
3944730624 3349942272 3318435840
3943473152 3348422656 3316917248
3944632320 3349749760 3318228992
3941183488 3347103744 3314904064
3945369600 3355574272 3323559936
3944337408 3347034112 3317537792
3951632384 3354169344 3324692480
3945713664 3348582400 3318894592
3953070080 3353894912 3324226560
3983736832 3386306560 3356823552
3972808704 3380428800 3350863872
3940093952 3343364096 3313312768
3940495360 3343605760 3313711104
