3866759168 3272851456 3243859968
3864936448 3267153920 3238111232
3866095616 3268300800 3239307264
3864412160 3266822144 3237582848
3864154112 3266617344 3237466112
3864694784 3267088384 3237896192
3864944640 3267432448 3238249472
3865264128 3268030464 3238778880
3865026560 3268792320 3238341632
3864158208 3267928064 3237535744
3865243648 3271684096 3240892416
3864944640 3268882432 3238295552
3864678400 3269021696 3238209536
3865346048 3269390336 3238765568
3865620480 3269910528 3238989824
3864944640 3269521408 3238471680
3865985024 3270078464 3239384064
3865468928 3269521408 3238888448
3865260032 3269537792 3238817792
3865481216 3269570560 3238880256
3865288704 3269419008 3238787072
3865899008 3269935104 3239250944
3865210880 3270180864 3238786048
3865210880 3269738496 3238646784
3865194496 3267448832 3238438912
3866615808 3268648960 3239648256
3865276416 3267379200 3238346752
3864162304 3266351104 3237388288
3899383808 3297243136 3268495360
3865772032 3268034560 3239044096
3864961024 3267489792 3238305792
3864592384 3267006464 3237898240
