3987779584 3394134016 3364848640
3956387840 3358859264 3329551360
3985788928 3388518400 3358986240
3955933184 3358855168 3329222656
3957624832 3360395264 3330833408
3989979136 3399516160 3369962496
3975450624 3383246848 3353382912
3968925696 3374071808 3344235520
3962155008 3366600704 3335576576
3956908032 3361136640 3330235392
3961659392 3368542208 3337137152
3959525376 3364331520 3333085184
3956051968 3360980992 3329611776
3969171456 3373748224 3342540800
3965657088 3370868736 3339201536
3957854208 3363086336 3331322880
3973373952 3378208768 3346898944
3961024512 3365842944 3334624256
3966685184 3371634688 3340014592
3968696320 3373645824 3342139392
3966590976 3371683840 3340174336
3982970880 3392651264 3361130496
3961905152 3367731200 3335526400
3984957440 3395194880 3363173376
3967856640 3370639360 3341143040
3977080832 3379761152 3350284288
3982663680 3390320640 3360620544
3972239360 3373244416 3343580160
4040970240 3448393728 3418886144
4009435136 3416952832 3387387904
3960676352 3364130816 3334076416
3960266752 3363500032 3333590016
