3926949888 3333226496 3303967744
3905126400 3307692032 3278444544
3925725184 3328401408 3298878464
3905110016 3308044288 3278440448
3905277952 3307978752 3278670848
3905957888 3308593152 3279137792
3906637824 3309834240 3279994880
3917230080 3322544128 3292717056
3915735040 3320139776 3289132032
3905609728 3309989888 3279093760
3906949120 3314008064 3282627584
3906158592 3310964736 3279778816
3904901120 3309740032 3278391296
3918270464 3322765312 3291578368
3916505088 3321745408 3290079232
3905904640 3311185920 3279427584
3919974400 3324780544 3293488128
3907244032 3311947776 3280840704
3916079104 3321184256 3289570304
3917529088 3322454016 3290958848
3916619776 3321581568 3290082304
3917516800 3322654720 3291133952
3907563520 3313176576 3281173504
3905806336 3311325184 3279440896
3916480512 3319222272 3289730048
3921993728 3324739584 3295263744
3917832192 3320807424 3291131904
3904569344 3307560960 3277962240
3954528256 3357151232 3327647744
3922317312 3324948480 3295416320
3907203072 3310649344 3280622592
3915202560 3318386688 3288499200
