3973632000 3379888128 3350602752
3945463808 3347894272 3318584320
3971788800 3374440448 3344910336
3945099264 3348152320 3318526976
3946557440 3349336064 3319774208
3974967296 3384524800 3354971136
3960446976 3368194048 3338334208
3956801536 3362107392 3332271104
3950125056 3354562560 3323538432
3945926656 3350204416 3319307264
3949539328 3356381184 3324982272
3947786240 3352518656 3321281536
3945066496 3349938176 3318568960
3956916224 3361644544 3330437120
3954352128 3359494144 3327826944
3946196992 3351449600 3319686144
3961573376 3366334464 3335024640
3949428736 3354136576 3322917888
3954458624 3359510528 3327891456
3956740096 3361812480 3330301952
3955789824 3360780288 3329270784
3956441088 3361574912 3330054144
3949977600 3355975680 3323770880
3969748992 3379924992 3347903488
3955916800 3358621696 3329125376
3964440576 3367051264 3337574400
3971874816 3379412992 3349712896
3961655296 3362553856 3332881408
3996663808 3399266304 3369762816
4006952960 3414577152 3385012224
3949260800 3352637440 3322574848
3948986368 3352203264 3322293248
