3899645952 3306037248 3276753920
3890364416 3292741632 3263432704
3898597376 3301404672 3271882752
3890626560 3293536256 3263911936
3889438720 3292323840 3262767104
3889709056 3292598272 3263046656
3891683328 3294769152 3264918528
3893555200 3298746368 3268935680
3892334592 3296727040 3265723392
3889459200 3293839360 3262945280
3890937856 3297853440 3266459648
3890454528 3295002624 3263784960
3889582080 3294306304 3262938112
3893104640 3297841152 3266635776
3894046720 3299229696 3267571712
3889848320 3294994432 3263241216
3896700928 3301416960 3270110208
3891380224 3295961088 3264747520
3891843072 3296870400 3265258496
3894534144 3299622912 3268131840
3892146176 3297030144 3265526784
3892965376 3297976320 3266473984
3891191808 3296997376 3264812032
3891425280 3297099776 3265097728
3891806208 3294470144 3264977920
3896320000 3298926592 3269451776
3892994048 3295879168 3266183168
3888852992 3291906048 3262241792
3929051136 3331600384 3302099968
3896143872 3298947072 3269386240
3891224576 3294527488 3264475136
3890995200 3294150656 3264263168
