3862110208 3268014080 3239188480
3861266432 3263467520 3234539520
3861635072 3263672320 3234822144
3860742144 3263025152 3233979392
3860484096 3262750720 3233813504
3861024768 3263397888 3234367488
3861274624 3263610880 3234629632
3861807104 3264229376 3235169280
3861307392 3264851968 3234669568
3860488192 3264098304 3233930240
3861835776 3267772416 3237299200
3861274624 3265052672 3234700288
3861270528 3265105920 3234683904
3861422080 3265404928 3234968576
3861745664 3265871872 3235272704
3861536768 3265699840 3234992128
3861827584 3265622016 3235224576
3861798912 3265810432 3235414016
3861827584 3265581056 3235150848
3861626880 3265458176 3235041280
3861614592 3265277952 3234939904
3861925888 3265761280 3235368960
3861540864 3266117632 3235145728
3861540864 3265798144 3235095552
3861245952 3263156224 3234473984
3862159360 3264110592 3235406848
3861364736 3263172608 3234475008
3860492288 3262488576 3233803264
3895373824 3292966912 3264454656
3861925888 3263696896 3235003392
3861553152 3263397888 3234619392
3861086208 3263000576 3234148352
