3942678528 3349069824 3319794688
3919663104 3322134528 3292825600
3941265408 3344044032 3314533376
3919265792 3322073088 3292493824
3920248832 3322990592 3293428736
3920039936 3323011072 3293457408
3921670144 3324665856 3294810112
3930939392 3336171520 3306336256
3928666112 3333206016 3302190080
3920048128 3324276736 3293379584
3922096128 3329019904 3297622016
3920580608 3325382656 3294149632
3918655488 3323584512 3292321792
3931668480 3336306688 3305115648
3929747456 3334873088 3303206912
3920035840 3325198336 3293440000
3934171136 3338850304 3307553792
3921780736 3326353408 3295249408
3929473024 3334438912 3302819840
3931033600 3336065024 3304569856
3930140672 3335008256 3303504896
3931062272 3336130560 3304609792
3922214912 3327967232 3295837184
3939831808 3350241280 3318226944
3930218496 3332870144 3303373824
3936501760 3339202560 3309729792
3931791360 3334684672 3304996864
3918671872 3321638912 3291970560
3969032192 3371548672 3342053376
3936985088 3339767808 3310215168
3922116608 3325566976 3295511552
3928289280 3331334144 3301442560
