3845808128 3247013888 3219141632
3846062080 3247329280 3219375104
3845541888 3247091712 3219024896
3845275648 3246829568 3218716672
3845279744 3246731264 3218697216
3845808128 3247259648 3219186688
3845808128 3246878720 3219002368
3846066176 3247489024 3219509248
3845541888 3247845376 3219050496
3845283840 3247616000 3218669568
3846070272 3250388992 3221421056
3845808128 3248308224 3219344384
3845541888 3248009216 3219051520
3845808128 3248197632 3219258368
3845808128 3248238592 3219320832
3845808128 3248365568 3219359744
3846070272 3248373760 3219410944
3846070272 3248541696 3219577856
3846074368 3248496640 3219533824
3845812224 3248324608 3219328000
3845550080 3247779840 3218951168
3845812224 3248115712 3219269632
3845812224 3248205824 3219167232
3846074368 3248467968 3219527680
3845808128 3246411776 3218927616
3846078464 3246702592 3219110912
3845812224 3246608384 3218967552
3845812224 3246624768 3218962432
3879661568 3276230656 3248614400
3846074368 3246747648 3219155968
3846074368 3246788608 3219196928
3845545984 3246399488 3218683904
