3914256384 3320643584 3291360256
3895922688 3298492416 3269183488
3913121792 3315933184 3286410240
3895758848 3298607104 3268982784
3895898112 3298762752 3269201920
3896184832 3299065856 3269513216
3898241024 3301265408 3271412736
3906228224 3311378432 3281560576
3904712704 3309355008 3278346240
3896164352 3300466688 3269571584
3897425920 3304374272 3272980480
3896696832 3301490688 3270273024
3895574528 3300556800 3269188608
3906859008 3311538176 3280331776
3900690432 3305832448 3274173440
3896197120 3301588992 3269826560
3908677632 3313348608 3282044928
3897835520 3302461440 3271247872
3898671104 3303657472 3272042496
3901276160 3306340352 3274842112
3905470464 3310555136 3279051776
3906543616 3311538176 3280031744
3897749504 3303526400 3271396352
3896385536 3302055936 3270048768
3905462272 3308064768 3278568448
3910352896 3312930816 3283454976
3906686976 3309514752 3279818752
3895500800 3298463744 3268799488
3943018496 3345518592 3316018176
3910225920 3313025024 3283464192
3897733120 3301036032 3270983680
3904438272 3307520000 3277631488
