3856318464 3262017536 3233418240
3856285696 3258114048 3229467648
3855765504 3257872384 3229151232
3855499264 3257675776 3228872704
3855503360 3257364480 3228669952
3855781888 3258019840 3229177856
3856031744 3258126336 3229356032
3856551936 3258777600 3230038016
3856027648 3259379712 3229478912
3855507456 3258789888 3228845056
3856556032 3262226432 3232139264
3856293888 3259641856 3229624320
3856027648 3259637760 3229591552
3856293888 3259895808 3229708288
3856318464 3259912192 3229815808
3856293888 3259981824 3229826048
3856306176 3259871232 3229871104
3856818176 3260334080 3230270464
3856560128 3260018688 3229890560
3856297984 3259850752 3229693952
3856035840 3259650048 3229585408
3856560128 3260252160 3230100480
3856297984 3260071936 3229795328
3856560128 3260313600 3230102528
3856031744 3257327616 3229087744
3856588800 3258146816 3229770752
3856035840 3257643008 3229270016
3855511552 3257188352 3228745728
3889897472 3287392256 3259055104
3856560128 3258044416 3229674496
3856297984 3257851904 3229491200
3855781888 3257458688 3228928000
