3883323392 3289784320 3260504064
3878043648 3280596992 3251291136
3882692608 3285340160 3255847936
3877519360 3280445440 3250834432
3877523456 3280363520 3250845696
3878064128 3280777216 3251243008
3878576128 3281625088 3251820544
3879583744 3284926464 3255207936
3878748160 3283296256 3252294656
3877527552 3281788928 3250897920
3878612992 3285594112 3254221824
3878313984 3282911232 3251707904
3878047744 3282771968 3251425280
3880087552 3284668416 3253513216
3879350272 3284619264 3252979712
3878051840 3283341312 3251597312
3880955904 3285643264 3254350848
3879100416 3283759104 3252564992
3879415808 3284373504 3252786176
3879432192 3284504576 3253044224
3879055360 3284123648 3252645888
3880058880 3284942848 3253499904
3878842368 3284545536 3252461568
3878318080 3283820544 3251945472
3878768640 3281551360 3252073472
3881914368 3284488192 3255040000
3879362560 3282341888 3252696064
3877269504 3280273408 3250646016
3914682368 3317321728 3287847936
3881517056 3284344832 3254838272
3878854656 3282182144 3252160512
3878440960 3281674240 3251808256
