3874209792 3280580608 3251359744
3870441472 3272986624 3243738112
3873554432 3276161024 3246748672
3869917184 3272859648 3243291648
3869921280 3272658944 3243212800
3870461952 3273179136 3243713536
3870711808 3273768960 3244097536
3871502336 3274690560 3245062144
3870928896 3275149312 3244239872
3869925376 3274084352 3243276288
3871272960 3278012416 3246693376
3870449664 3275120640 3244010496
3870445568 3275149312 3243877376
3871600640 3276226560 3245158400
3871436800 3276533760 3245053952
3870449664 3275620352 3244025856
3872346112 3277082624 3245864960
3871236096 3275882496 3244733440
3871551488 3276365824 3244872704
3871477760 3276193792 3244907520
3871453184 3276152832 3244834816
3871813632 3276644352 3245342720
3870978048 3276566528 3244647424
3870978048 3276111872 3244383232
3871080448 3273646080 3244222464
3873382400 3275833344 3246468096
3871481856 3274170368 3244628992
3869929472 3272724480 3243183104
3906150400 3304583168 3275246592
3872817152 3275501568 3246099456
3870990336 3274227712 3244356608
3870732288 3273736192 3243996160
