3863781376 3269877760 3240998912
3862577152 3264880640 3235919872
3863212032 3265400832 3236513792
3862052864 3264495616 3235386368
3862056960 3264249856 3235257344
3862335488 3264798720 3235720192
3862847488 3265093632 3236055040
3863117824 3265646592 3236549632
3862630400 3266428928 3236142080
3862061056 3265597440 3235352576
3863146496 3269275648 3238701056
3862585344 3266605056 3236158464
3862581248 3266662400 3236081664
3863080960 3266957312 3236458496
3863412736 3267510272 3236799488
3862847488 3267211264 3236363264
3863310336 3267387392 3236875264
3863371776 3267268608 3236784128
3863150592 3267125248 3236603904
3862999040 3267063808 3236555776
3863011328 3266859008 3236436992
3863334912 3267371008 3236889600
3863113728 3267727360 3236554752
3862851584 3267338240 3236477952
3862949888 3264925696 3236106240
3863916544 3265867776 3237050368
3862749184 3264823296 3235984384
3862065152 3263930368 3235155968
3897053184 3294576640 3266015232
3863384064 3265363968 3236566016
3862863872 3265036288 3236112384
3862421504 3264544768 3235599360
