3895599104 3302019072 3272735744
3887742976 3290185728 3260876800
3894693888 3297550336 3268029440
3886956544 3289903104 3260279808
3886960640 3289841664 3260289024
3887501312 3290202112 3260650496
3888013312 3291078656 3261231104
3889774592 3295133696 3265341440
3888627712 3293073408 3262069760
3887226880 3291389952 3260495872
3888312320 3295215616 3263822848
3887751168 3292356608 3261142016
3887484928 3292266496 3260899328
3890335744 3294892032 3263690752
3889254400 3294453760 3262795776
3887489024 3292860416 3261107200
3891613696 3296358400 3265055744
3888799744 3293413376 3262202880
3889115136 3294146560 3262534656
3889639424 3294740480 3263249408
3889332224 3294203904 3262704640
3890085888 3295096832 3263601664
3888541696 3294294016 3262118912
3888017408 3293474816 3261476864
3889106944 3291766784 3262274560
3893039104 3295621120 3266146304
3889893376 3292803072 3263107072
3886706688 3289600000 3259938816
3925708800 3328237568 3298737152
3892658176 3295457280 3265896448
3888553984 3291852800 3261800448
3888226304 3291389952 3261505536
