3983982592 3384340480 3355152384
3965579264 3367981056 3338769408
3954503680 3357302784 3327747072
3966554112 3371421696 3341848576
3954221056 3357077504 3327493120
3953311744 3356286976 3326640128
3969884160 3375042560 3345229824
3972739072 3375890432 3346031616
4002066432 3413274624 3382160384
3969196032 3373551616 3342626816
3954274304 3361103872 3329831936
3953725440 3358494720 3327210496
3964870656 3369766912 3338396672
3972976640 3377680384 3346375680
3952189440 3357442048 3325679616
3953061888 3358433280 3326579712
3955609600 3360534528 3329010688
3956740096 3361767424 3330418688
3977629696 3382759424 3351081984
3953758208 3361116160 3329366016
3952672768 3357822976 3326136320
3953381376 3360272384 3328675840
3954782208 3360423936 3328272384
3976761344 3382153216 3350318080
3969896448 3374551040 3345009664
3967598592 3370172416 3340844032
3971010560 3373805568 3344232448
3955175424 3358150656 3328463872
3954810880 3359653888 3330025472
3964588032 3367530496 3337834496
3957592064 3360878592 3330874368
3997827072 3401158656 3371227136
