3908296704 3308695552 3279538176
3891224576 3293655040 3264445440
3890421760 3293204480 3263692800
3891167232 3294019584 3264447488
3890110464 3292971008 3263394816
3889848320 3292741632 3263098880
3893051392 3298091008 3268307968
3893874688 3297112064 3267257344
3903827968 3312906240 3281839104
3892867072 3296948224 3266074624
3889844224 3296509952 3265266688
3889582080 3294457856 3263192064
3890642944 3295612928 3264266240
3893653504 3298410496 3267113984
3889061888 3294334976 3262594048
3890110464 3295391744 3263563776
3891163136 3296071680 3264553984
3890610176 3295424512 3264098304
3896647680 3301847040 3270215680
3889594368 3296813056 3265098752
3889594368 3294793728 3263175680
3889852416 3296923648 3265342464
3890126848 3295858688 3263722496
3898146816 3303473152 3271646208
3892658176 3297140736 3267631104
3891478528 3293835264 3264543744
3894681600 3297427456 3267894272
3889807360 3292856320 3263177728
3889893376 3294830592 3265202176
3890515968 3293474816 3263782912
3891044352 3294294016 3264297984
3903983616 3307257856 3277361152
