3972087808 3372507136 3343319040
3954176000 3356688384 3327476736
3944812544 3347681280 3318125568
3954737152 3359662080 3330088960
3945242624 3347959808 3318375424
3943968768 3346759680 3317112832
3958120448 3363241984 3333429248
3960606720 3363819520 3333960704
3982958592 3394281472 3363167232
3957841920 3362017280 3331099648
3944792064 3351441408 3320170496
3943981056 3348828160 3317559296
3953586176 3358511104 3327140864
3960401920 3365175296 3333870592
3942162432 3347542016 3315787776
3944165376 3349401600 3317552128
3945553920 3350523904 3319000064
3947417600 3352240128 3320895488
3964502016 3369676800 3338000384
3943849984 3351052288 3319309312
3943063552 3348324352 3316645888
3944271872 3351269376 3319672832
3945467904 3351171072 3319027712
3971325952 3376775168 3344940032
3957940224 3362648064 3333106688
3955470336 3357863936 3328536576
3958935552 3361751040 3332193280
3952386048 3355168768 3325483008
3945136128 3350011904 3320387584
3953287168 3356344320 3326652416
3947917312 3351240704 3321248768
3983613952 3386699776 3356768256
