3946995712 3347378176 3318190080
3929509888 3331874816 3302675456
3919110144 3321921536 3292419072
3929718784 3334504448 3304931328
3918823424 3321491456 3292016640
3918221312 3321294848 3291705344
3932499968 3337564160 3307766784
3933794304 3336904704 3307070464
3943534592 3352760320 3321654272
3931844608 3336179712 3305269248
3918802944 3325595648 3294423040
3918368768 3323174912 3292065792
3928948736 3333820416 3302457344
3933507584 3338256384 3306951680
3917496320 3322601472 3290960896
3918184448 3323379712 3291582464
3919429632 3324362752 3292868608
3920056320 3325063168 3293799424
3936796672 3341774848 3310136320
3918245888 3325652992 3293959168
3917758464 3322798080 3291283456
3918307328 3325267968 3293826048
3919093760 3324641280 3292627968
3940868096 3346268160 3314465792
3931865088 3336470528 3306948608
3929985024 3332538368 3303223296
3932688384 3335393280 3305856000
3927457792 3330424832 3300743168
3919433728 3324219392 3294672896
3928596480 3331547136 3301863424
3920699392 3323973632 3294034944
3949780992 3353047040 3323147264
