3972038656 3372421120 3343233024
3954139136 3356618752 3327407104
3943710720 3346534400 3316978688
3954667520 3359543296 3329970176
3943571456 3346247680 3316663296
3943399424 3346157568 3316510720
3957985280 3363061760 3333249024
3960446976 3363622912 3333764096
3982946304 3392286720 3361172480
3957755904 3361890304 3330972672
3943415808 3350298624 3319027712
3942879232 3347693568 3316420608
3953524736 3358412800 3327042560
3960254464 3364986880 3333682176
3941105664 3346456576 3314698240
3942240256 3347709952 3315860480
3944439808 3349360640 3317836800
3945721856 3350523904 3319179264
3964321792 3369447424 3337778176
3942490112 3349917696 3318174720
3942502400 3347734528 3316047872
3942612992 3349581824 3317985280
3943829504 3349495808 3317356544
3970961408 3376386048 3344550912
3957829632 3362496512 3332955136
3955372032 3357728768 3328401408
3958816768 3361607680 3332049920
3952123904 3355131904 3325446144
3944013824 3348852736 3319224320
3953225728 3356258304 3326562304
3946233856 3349524480 3319528448
3982901248 3386208256 3356276736
