3922452480 3322806272 3293625344
3905261568 3307671552 3278461952
3897393152 3300188160 3270647808
3905290240 3308019712 3278447616
3898765312 3301519360 3271942144
3897892864 3300712448 3271069696
3907297280 3312422912 3282619392
3908288512 3311419392 3281564672
3904901120 3314188288 3283093504
3906912256 3311247360 3280346112
3897106432 3303993344 3272730624
3896975360 3301810176 3270544384
3904765952 3309645824 3278282752
3907780608 3312504832 3281208320
3896832000 3302031360 3270290432
3896807424 3302055936 3270227968
3897876480 3302801408 3271283712
3898318848 3303100416 3271774208
3910135808 3315326976 3283695616
3896733696 3304169472 3272438784
3896680448 3301826560 3270151168
3897593856 3304607744 3273026560
3897483264 3303165952 3271029760
3913052160 3318517760 3286690816
3906662400 3311394816 3281860608
3905384448 3307950080 3278642176
3903107072 3305816064 3276266496
3897466880 3300438016 3270756352
3897581568 3302432768 3272804352
3904364544 3307372544 3277680640
3898740736 3301982208 3271986176
3919372288 3322605568 3292688384
