3893530624 3293863936 3264772096
3876569088 3279028224 3249867776
3876003840 3278630912 3249161216
3876454400 3279171584 3249616896
3875692544 3278499840 3248986112
3875954688 3278684160 3249072128
3877330944 3282227200 3252474880
3878096896 3280936960 3251215360
3890077696 3299192832 3268164608
3877359616 3281477632 3250671616
3875688448 3282501632 3251270656
3875426304 3280195584 3248959488
3875942400 3280855040 3249521664
3877621760 3282292736 3251021824
3875426304 3280646144 3248947200
3875426304 3280666624 3248958464
3876483072 3281338368 3249869824
3876319232 3281182720 3249883136
3878875136 3283996672 3252428800
3875696640 3282960384 3251283968
3875962880 3281018880 3249372160
3875958784 3282931712 3251382272
3875966976 3281690624 3249591296
3880009728 3285209088 3253478400
3877064704 3281768448 3252267008
3876478976 3278827520 3249539072
3877761024 3280449536 3250938880
3875909632 3278757888 3249118208
3875999744 3280769024 3251179520
3876126720 3278966784 3249304576
3876560896 3279831040 3249903616
3882770432 3286065152 3256193024
