3984617472 3384958976 3355770880
3966226432 3368587264 3339375616
3960299520 3363078144 3333522432
3967238144 3372085248 3342512128
3960672256 3363471360 3333886976
3959668736 3362594816 3332947968
3970822144 3375943680 3346130944
3973713920 3376852992 3346994176
4007583744 3418767360 3387653120
3969986560 3374329856 3343405056
3960635392 3367440384 3336161280
3984490496 3393953792 3362669568
3965579264 3370446848 3339076608
3974131712 3378827264 3347522560
3957899264 3363090432 3331328000
3958874112 3364208640 3332355072
3961626624 3366522880 3334999040
3962798080 3367825408 3336476672
3978891264 3384061952 3352384512
3959578624 3366899712 3335149568
3958976512 3364077568 3332390912
3959422976 3366518784 3334922240
3983511552 3394088960 3361937408
3984666624 3390021632 3358186496
3970736128 3375378432 3345837056
3968438272 3370979328 3341650944
3971997696 3374780416 3345207296
3961073664 3364040704 3334353920
3960381440 3365429248 3335800832
3965341696 3368280064 3338584064
3963768832 3367014400 3337010176
4000088064 3403423744 3373492224
