3897593856 3297914880 3268741120
3880624128 3282989056 3253781504
3879673856 3282472960 3252979712
3880493056 3283177472 3253615616
3879624704 3282243584 3252708352
3879624704 3282554880 3252918272
3881291776 3286441984 3256651776
3881984000 3285184512 3255346176
3893760000 3303075840 3271987200
3881521152 3285676032 3254787072
3879620608 3286335488 3255086080
3879358464 3284090880 3252835328
3879948288 3284791296 3253439488
3881771008 3286487040 3255195648
3879096320 3284336640 3252608000
3879358464 3284668416 3252843520
3880415232 3285323776 3253816320
3880251392 3285118976 3253801984
3883208704 3288424448 3256805376
3879366656 3286761472 3255061504
3879632896 3284787200 3253123072
3879890944 3286765568 3255200768
3879899136 3285581824 3253458944
3884584960 3289841664 3258049536
3881177088 3285757952 3256238080
3880329216 3282841600 3253535744
3881639936 3284500480 3254958080
3879841792 3282657280 3252982784
3879669760 3284680704 3255071744
3880108032 3283005440 3253317632
3880542208 3283881984 3253924864
3887886336 3291107328 3261203456
