3888607232 3288784896 3259721728
3871657984 3273965568 3244828672
3871023104 3273793536 3244364800
3871551488 3274178560 3244681216
3870973952 3273682944 3244208128
3870973952 3273846784 3244308480
3872010240 3276890112 3247252480
3872874496 3275603968 3246009344
3885260800 3294310400 3263306752
3872444416 3276443648 3245662208
3870969856 3277602816 3246422016
3870707712 3275390976 3244220416
3871088640 3275943936 3244648448
3872387072 3277049856 3245842432
3870707712 3275849728 3244227584
3870969856 3275964416 3244336128
3871764480 3276611584 3245185024
3871338496 3276169216 3244903424
3873386496 3278405632 3246922752
3870978048 3278106624 3246498816
3871244288 3276316672 3244725248
3871240192 3276169216 3244725248
3871248384 3276713984 3244767232
3873931264 3279224832 3247596544
3872030720 3276582912 3247119360
3871268864 3273748480 3244493824
3872657408 3275108352 3245714432
3871191040 3273900032 3244363776
3871281152 3275968512 3246472192
3871084544 3274059776 3244443648
3871830016 3274874880 3245041664
3876651008 3279642624 3249871872
