3889164288 3289399296 3260328960
3872206848 3274498048 3245359104
3871547392 3274326016 3244892160
3872100352 3274747904 3245240320
3871498240 3274211328 3244732416
3871498240 3274379264 3244832768
3872571392 3277455360 3247802368
3873423360 3276177408 3246563328
3885797376 3294851072 3263841280
3872993280 3277008896 3246219264
3871494144 3278163968 3246971904
3871232000 3275915264 3244739584
3871625216 3276496896 3245201408
3872944128 3277676544 3246469120
3871232000 3276369920 3244730368
3871232000 3276492800 3244857344
3872288768 3277086720 3245646848
3871862784 3276697600 3245430784
3873972224 3279015936 3247519744
3871502336 3278651392 3247034368
3871768576 3276865536 3245270016
3871764480 3276742656 3245290496
3871772672 3277312000 3245331456
3874836480 3279937536 3248287744
3872591872 3277131776 3247662080
3871805440 3274276864 3245014016
3873239040 3275739136 3246316544
3871715328 3274444800 3244894208
3871805440 3276484608 3246976000
3871608832 3274588160 3244964864
3872354304 3275415552 3245568000
3877310464 3280375808 3250592768
