3908861952 3309240320 3280062464
3891687424 3294121984 3264912384
3891470336 3294281728 3264745472
3891744768 3294543872 3264971776
3891159040 3294023680 3264447488
3890188288 3293085696 3263442944
3893702656 3298635776 3268832256
3894435840 3297636352 3267781632
3903827968 3312934912 3281843200
3893915648 3298021376 3267127296
3890315264 3297001472 3265741824
3890196480 3294814208 3263548416
3891232768 3296157696 3264794624
3893932032 3298693120 3267396608
3889332224 3294609408 3262868480
3890110464 3295395840 3263567872
3892211712 3297124352 3265606656
3891142656 3295952896 3264626688
3897696256 3302899712 3271268352
3889975296 3297214464 3265483776
3889758208 3295014912 3263343616
3890057216 3297132544 3265551360
3890417664 3296153600 3264017408
3898724352 3303997440 3272170496
3893198848 3297693696 3268159488
3892035584 3294375936 3265068032
3895734272 3298500608 3268951040
3890364416 3293380608 3263702016
3890442240 3295358976 3265730560
3891683328 3294523392 3264831488
3891576832 3294818304 3264822272
3903983616 3307356160 3277438976
