3872866304 3272253440 3243996160
3856027648 3257884672 3229374464
3856044032 3258015744 3229345792
3856031744 3257925632 3229196288
3855769600 3257880576 3229140992
3856031744 3258118144 3229398016
3855519744 3259621376 3230872576
3856302080 3258281984 3229576192
3869921280 3277697024 3247905792
3856068608 3259138048 3229350912
3855765504 3261145088 3231196160
3856027648 3259412480 3229401088
3855769600 3259224064 3229176832
3856031744 3259666432 3229580288
3856027648 3259457536 3229414400
3856027648 3259588608 3229409280
3856822272 3260141568 3230202880
3856297984 3259654144 3229747200
3856293888 3259826176 3229713408
3855773696 3261419520 3231240192
3856564224 3259953152 3229917184
3856035840 3259727872 3229638656
3856293888 3260018688 3229790208
3855261696 3258970112 3228829696
3856035840 3259211776 3231039488
3855527936 3257028608 3228760064
3856302080 3257782272 3229431808
3855777792 3257364480 3229020160
3855777792 3259334656 3231074304
3855781888 3257450496 3229018112
3856564224 3258134528 3229763584
3856064512 3257761792 3229329408
