1310715904 333107200 313387008
1311748096 333135872 313379840
1311735808 333127680 313368576
1311756288 333135872 313373696
1312792576 333103104 313333760
1312813056 333127680 313364480
1311744000 339308544 319549440
1311744000 333119488 313360384
1313869824 333148160 313363456
1313869824 333131776 313355264
1312780288 335224832 315444224
1312800768 333123584 313354240
1312780288 333127680 313355264
1312800768 333127680 313352192
1311731712 333131776 313357312
1311731712 333193216 313362432
1314926592 333139968 313360384
1314926592 333135872 313355264
1313857536 337014784 317180928
1313857536 335237120 315441152
1313857536 333135872 313359360
1313857536 333131776 313358336
1312788480 333176832 313353216
1312788480 333123584 313357312
1313857536 333197312 313367552
1313857536 333111296 313338880
1312788480 333135872 313366528
1312788480 333135872 313369600
1312788480 333131776 313369600
1312788480 333189120 313372672
1311719424 333119488 313373696
1310642176 333111296 313393152
