3983982592 3384340480 3355152384
3965579264 3367972864 3338761216
3953631232 3356524544 3326968832
3966554112 3371417600 3341844480
3953356800 3356307456 3326723072
3952447488 3355521024 3325874176
3969859584 3375013888 3345201152
3972726784 3375874048 3346015232
4002066432 3413270528 3382156288
3969183744 3373522944 3342598144
3953438720 3360333824 3329061888
3952922624 3357724672 3326440448
3964858368 3369742336 3338372096
3972952064 3377647616 3346342912
3950968832 3356221440 3324459008
3952291840 3357659136 3325805568
3954786304 3359764480 3328240640
3955879936 3361005568 3329656832
3977580544 3382706176 3351028736
3952459776 3359825920 3328075776
3951861760 3357048832 3325362176
3952599040 3359506432 3327909888
3953942528 3359670272 3327518720
3975991296 3381374976 3349539840
3969871872 3374514176 3344972800
3967586304 3370156032 3340827648
3970985984 3373776896 3344203776
3954372608 3357392896 3327706112
3953963008 3358887936 3329259520
3964588032 3367526400 3337830400
3956752384 3360083968 3330079744
3997741056 3401068544 3371137024
