3975499776 3375808512 3346653184
3957026816 3359412224 3330200576
3953631232 3356295168 3326854144
3958099968 3362779136 3333386240
3953356800 3356192768 3326608384
3951501312 3354456064 3324809216
3960700928 3365732352 3335919616
3963518976 3366658048 3336799232
3993636864 3404857344 3373743104
3960602624 3364798464 3334008832
3953438720 3360034816 3328984064
3951841280 3356590080 3325305856
3955826688 3360673792 3329303552
3964379136 3369058304 3337761792
3950968832 3356160000 3324454912
3951210496 3356561408 3324707840
3953704960 3358609408 3327085568
3954798592 3359809536 3328460800
3968958464 3373826048 3342394368
3951378432 3358703616 3326953472
3951861760 3356930048 3325313024
3952058368 3358932992 3327336448
3953942528 3359465472 3327424512
3975786496 3380994048 3349330944
3961364480 3365826560 3336453120
3959078912 3361378304 3332303872
3961827328 3364605952 3335032832
3953963008 3356729344 3327235072
3953963008 3358617600 3329157120
3955572736 3358474240 3328806912
3956076544 3359350784 3329346560
3988537344 3391741952 3361921024
