3910778880 3310968832 3281787904
3893583872 3295854592 3266644992
3893571584 3296292864 3266912256
3893362688 3296227328 3266655232
3893518336 3296202752 3266625536
3891744768 3294707712 3265064960
3895414784 3300425728 3270622208
3896426496 3299446784 3269592064
3904352256 3313537024 3282442240
3895103488 3299295232 3268397056
3892420608 3299196928 3267937280
3891781632 3296481280 3265215488
3893125120 3297841152 3266478080
3895676928 3300507648 3269211136
3890888704 3296231424 3264490496
3891376128 3296727040 3264899072
3894308864 3299110912 3267793920
3892740096 3297624064 3266297856
3900260352 3305308160 3273676800
3891556352 3298861056 3267130368
3891314688 3296587776 3264916480
3891888128 3298770944 3267189760
3892002816 3297832960 3265696768
3900645376 3305975808 3274148864
3894874112 3299454976 3269920768
3893686272 3296108544 3266800640
3897905152 3300749312 3271199744
3892215808 3295039488 3265360896
3892039680 3297030144 3267401728
3893792768 3296718848 3267026944
3893170176 3296497664 3266501632
3906457600 3309613056 3279695872
