3858935808 3257253888 3230263296
3842396160 3243028480 3215762432
3842138112 3242790912 3215559680
3842138112 3242606592 3215453184
3842138112 3242803200 3215505408
3842138112 3242799104 3215510528
3842138112 3244466176 3217426432
3842396160 3242999808 3215742976
3842134016 3243298816 3215576064
3842400256 3243393024 3215596544
3842134016 3245494272 3217649664
3842396160 3243442176 3215646720
3842138112 3243380736 3215448064
3842138112 3243319296 3215493120
3842396160 3243352064 3215634432
3842396160 3243581440 3215706112
3842404352 3243565056 3215721472
3842142208 3243634688 3215808512
3842400256 3243524096 3215669248
3842142208 3245367296 3217659904
3842408448 3243458560 3215732736
3842142208 3243298816 3215516672
3842138112 3243491328 3215602688
3842142208 3243130880 3215505408
3842142208 3242188800 3215248384
3842146304 3242192896 3215314944
3842408448 3242274816 3215453184
3842146304 3242229760 3215381504
3842146304 3244396544 3217461248
3842150400 3242438656 3215419392
3842146304 3242348544 3215427584
3842146304 3242225664 3215395840
