3923050496 3323224064 3294043136
3905597440 3308072960 3278871552
3899043840 3301920768 3272387584
3905622016 3308445696 3278873600
3900076032 3302879232 3273330688
3899207680 3302105088 3272466432
3907964928 3312918528 3283115008
3908698112 3311923200 3282068480
3905437696 3314524160 3283429376
3907567616 3311722496 3280818176
3898748928 3305504768 3274242048
3898609664 3303137280 3272018944
3905335296 3310022656 3278671872
3908202496 3313029120 3281732608
3898142720 3303403520 3271662592
3898167296 3303526400 3271698432
3899244544 3304251392 3272733696
3899936768 3304804352 3273478144
3910926336 3315937280 3284305920
3898392576 3305631744 3273925632
3898286080 3303518208 3271842816
3898437632 3305480192 3273952256
3898867712 3304665088 3272532992
3913961472 3319246848 3287419904
3907317760 3311865856 3282348032
3906015232 3308388352 3279092736
3903492096 3306274816 3276737536
3899396096 3302187008 3272505344
3898945536 3303948288 3274332160
3904901120 3307732992 3278041088
3900137472 3303530496 3273534464
3920551936 3323625472 3293705216
