3910574080 3313139712 3283792896
3923566592 3325853696 3296671744
3919929344 3322728448 3293087744
3920949248 3323879424 3294291968
3924484096 3327098880 3297613824
3916267520 3318956032 3289456640
3927552000 3328606208 3298784256
3927621632 3330551808 3300762624
3907731456 3312144384 3281004544
3917869056 3322257408 3291259904
3936694272 3341541376 3310156800
3911282688 3316084736 3284793344
3910049792 3314663424 3283408896
3926159360 3330834432 3299662848
3922227200 3327156224 3295575040
3911942144 3317248000 3285414912
3916656640 3321556992 3290204160
3930189824 3336859648 3305576448
3910774784 3318038528 3286242304
3910475776 3315425280 3283948544
3910029312 3315253248 3283610624
3922472960 3327336448 3295883264
3909296128 3314892800 3282790400
3923251200 3330572288 3298662400
3910500352 3313147904 3283716096
3911147520 3313610752 3284235264
3908890624 3311730688 3282072576
3928965120 3331870720 3302293504
3909865472 3312775168 3283106816
3923877888 3326758912 3297160192
3910062080 3313377280 3283319808
3909857280 3315130368 3285145600
