3922620416 3325214720 3295867904
3937996800 3340304384 3311122432
3933663232 3336503296 3306862592
3934892032 3337809920 3308221440
3939233792 3343757312 3314271232
3929411584 3332120576 3302612992
3939586048 3340652544 3310823424
3942506496 3345485824 3315696640
3919142912 3323789312 3292649472
3931033600 3335462912 3304461312
3950354432 3355238400 3323853824
3924029440 3328843776 3297547264
3922231296 3326861312 3295599616
3938168832 3342901248 3311695872
3936411648 3341365248 3309784064
3923701760 3329028096 3297195008
3929747456 3334676480 3303323648
3946102784 3352924160 3321640960
3922952192 3330236416 3298440192
3922669568 3327647744 3296171008
3922108416 3327365120 3295718400
3936731136 3341647872 3310194688
3921162240 3326767104 3294664704
3937554432 3344904192 3312994304
3923087360 3325730816 3296299008
3923456000 3325972480 3296596992
3920683008 3323523072 3293864960
3944636416 3347296256 3317714944
3921993728 3324915712 3295247360
3938516992 3341209600 3311610880
3922583552 3325960192 3295902720
3922022400 3327315968 3297331200
