3894566912 3296989184 3267643392
3898650624 3300945920 3271891968
3896061952 3298947072 3269315584
3896799232 3299520512 3269933056
3899129856 3301740544 3272419328
3893338112 3295870976 3266491392
3909681152 3310612480 3280821248
3903619072 3306663936 3277001728
3891159040 3295764480 3264624640
3894517760 3298807808 3267814400
3918766080 3323691008 3292311552
3892985856 3297828864 3266544640
3891851264 3296624640 3265375232
3891515392 3298148352 3266948096
3898585088 3303604224 3272024064
3893084160 3298435072 3266608128
3893948416 3298775040 3267429376
3903709184 3310247936 3278968832
3892793344 3299942400 3268146176
3892367360 3297271808 3265795072
3892715520 3297832960 3266191360
3900190720 3305127936 3273675776
3891449856 3297214464 3265126400
3898695680 3306135552 3274225664
3892686848 3295236096 3265808384
3892666368 3295289344 3265916928
3892998144 3295973376 3266319360
3904475136 3307171840 3277595648
3893788672 3296538624 3266873344
3900534784 3303464960 3273874432
3891998720 3295465472 3265409024
3892191232 3297685504 3267703808
