3878309888 3280769024 3251434496
3881156608 3283566592 3254392832
3879944192 3282825216 3253246976
3879948288 3282882560 3253302272
3881144320 3283775488 3254366208
3878027264 3280797696 3251312640
3878576128 3281514496 3251724288
3883065344 3286233088 3256494080
3876737024 3281166336 3250033664
3878359040 3282657280 3251685376
3879956480 3284787200 3253417984
3878633472 3283386368 3252120576
3877527552 3282206720 3250985984
3877261312 3283992576 3252802560
3880742912 3285737472 3254183936
3878572032 3283791872 3252021248
3878912000 3283628032 3252320256
3883634688 3290263552 3259003904
3878313984 3285540864 3253788672
3877793792 3282780160 3251352576
3878080512 3283128320 3251519488
3880869888 3285876736 3254458368
3877531648 3283070976 3251058688
3880853504 3288158208 3256297472
3878318080 3281047552 3251639296
3878055936 3280625664 3251280896
3877269504 3280125952 3250498560
3883245568 3286171648 3256626176
3877793792 3280691200 3251066880
3881578496 3284377600 3254817792
3878055936 3281305600 3251293184
3877531648 3282817024 3252852736
