3928768512 3331280896 3301938176
3939950592 3342442496 3313264640
3935555584 3338342400 3308726272
3936808960 3339673600 3310085120
3941396480 3346227200 3316741120
3930775552 3333439488 3303963648
3945644032 3346747392 3316917248
3945353216 3348361216 3318604800
3924922368 3329531904 3298396160
3932676096 3337113600 3306116096
3952336896 3357159424 3325773824
3929767936 3334516736 3303219200
3927961600 3332890624 3301628928
3944259584 3348877312 3317683200
3938267136 3343413248 3311878144
3954298880 3364290560 3332456448
3931086848 3336073216 3304720384
3949379584 3356024832 3324810240
3929182208 3336396800 3304615936
3928850432 3333750784 3302265856
3928141824 3333406720 3301760000
3939065856 3343962112 3312508928
3926806528 3332747264 3300644864
3939696640 3347095552 3315185664
3928576000 3331276800 3301849088
3929714688 3332198400 3302818816
3926544384 3329392640 3299750912
3947307008 3350233088 3320683520
3928014848 3331014656 3301350400
3940737024 3343699968 3314101248
3928059904 3331477504 3301420032
3927707648 3333328896 3303344128
