3939303424 3341971456 3312611328
3953430528 3355758592 3326567424
3948277760 3351126016 3321478144
3949936640 3352637440 3323041792
3955269632 3359780864 3330294784
3943174144 3345891328 3316375552
3956367360 3357437952 3327607808
3958923264 3361980416 3332191232
3952066560 3354435584 3323282432
3945189376 3349643264 3318629376
3965100032 3369828352 3338429440
3940581376 3345444864 3314147328
3938828288 3343482880 3312221184
3954569216 3359289344 3328082944
3951263744 3356286976 3324702720
3959345152 3369496576 3337659392
3943182336 3347927040 3316574208
3964121088 3370655744 3339372544
3939860480 3347177472 3315380224
3968700416 3378405376 3346928640
3939315712 3344580608 3312926720
3952001024 3356975104 3325521920
3937505280 3343167488 3311049728
3952820224 3360235520 3328325632
3939172352 3341860864 3312429056
3940478976 3343036416 3313656832
3937497088 3340357632 3310703616
3961683968 3364442112 3334859776
3939196928 3342143488 3312479232
3954290688 3357061120 3327462400
3939115008 3342565376 3312499712
3938549760 3343863808 3313879040
