3927396352 3329921024 3300598784
3938582528 3341004800 3311822848
3933978624 3336937472 3307296768
3935617024 3338391552 3308807168
3940118528 3344744448 3315282944
3929534464 3332370432 3302861824
3944153088 3345412096 3315581952
3943600128 3346722816 3316933632
3923763200 3328278528 3297159168
3931648000 3335954432 3304948736
3951042560 3355787264 3324405760
3928391680 3333124096 3301859328
3926728704 3331538944 3300297728
3942903808 3347582976 3316376576
3936935936 3342004224 3310432256
3954036736 3364233216 3332399104
3930021888 3334823936 3303471104
3947646976 3354333184 3323065344
3927789568 3335069696 3303272448
3927474176 3332427776 3300942848
3926880256 3332096000 3300449280
3937304576 3342397440 3310964736
3925618688 3331428352 3299317760
3938197504 3345694720 3313780736
3927347200 3329933312 3300521984
3928346624 3330830336 3301454848
3925082112 3328126976 3298464768
3945705472 3348561920 3318979584
3926786048 3329671168 3300002816
3939270656 3342094336 3312507904
3926585344 3330146304 3300113408
3926511616 3331973120 3302012928
