3903533056 3305943040 3276596224
3912417280 3314790400 3285609472
3909287936 3312189440 3282553856
3910352896 3313119232 3283531776
3913199616 3315978240 3286493184
3905966080 3308822528 3279323136
3919708160 3320877056 3291055104
3916738560 3319721984 3289932800
3900133376 3304697856 3273558016
3907289088 3311558656 3280562176
3923861504 3328806912 3297426432
3903610880 3308240896 3276950528
3903016960 3307773952 3276519424
3901792256 3308421120 3277216768
3912187904 3317231616 3285650432
3904524288 3309944832 3278111744
3906646016 3311439872 3280087040
3918495744 3325054976 3293771776
3904626688 3311726592 3279930368
3903574016 3308642304 3277165568
3904225280 3309334528 3277691904
3911471104 3316449280 3284996096
3901599744 3307327488 3275225088
3912040448 3319459840 3287549952
3903250432 3305762816 3276331008
3903643648 3306213376 3276837888
3904540672 3307507712 3277849600
3917504512 3320233984 3290656768
3903619072 3306393600 3276725248
3912994816 3315736576 3286137856
3902750720 3306196992 3276139520
3901997056 3307417600 3277435904
