3944243200 3346903040 3317547008
3965145088 3367440384 3338257408
3960496128 3363328000 3333680128
3960958976 3363905536 3334322176
3967991808 3372466176 3342980096
3954507776 3357175808 3327660032
3961368576 3362410496 3332584448
3972128768 3375185920 3345400832
3956457472 3359059968 3327906816
3957043200 3361492992 3330483200
3976966144 3381919744 3350520832
3945705472 3350577152 3319283712
3943706624 3348348928 3317087232
3959361536 3364073472 3332867072
3963125760 3368099840 3336531968
3974148096 3384233984 3352396800
3954581504 3359371264 3328018432
3977203712 3383709696 3352446976
3944869888 3352166400 3320369152
3968962560 3378675712 3347190784
3943718912 3348942848 3317285888
3964149760 3369127936 3337674752
3942264832 3347902464 3315788800
3964936192 3372318720 3340429312
3944067072 3346710528 3317278720
3945472000 3348013056 3318633472
3941711872 3344560128 3314897920
3974512640 3377262592 3347692544
3943616512 3346546688 3316878336
3966902272 3369828352 3340250112
3943956480 3347386368 3317320704
3943419904 3348692992 3318712320
