3940392960 3344900096 3315679232
3940683776 3345207296 3316064256
3941314560 3344003072 3314500608
3938709504 3341361152 3311859712
3938381824 3341082624 3311582208
3958734848 3361529856 3331980288
3988283392 3396194304 3366267904
3937685504 3343097856 3313165312
3943198720 3347742720 3316611072
3967094784 3371376640 3340497920
3941773312 3346649088 3315283968
3942309888 3349291008 3317993472
3958013952 3362652160 3331423232
3946651648 3351289856 3319961600
3948761088 3358093312 3326385152
3950141440 3355213824 3323632640
3944976384 3349946368 3318474752
3939078144 3344277504 3312695296
3954081792 3357331456 3325595648
3938619392 3343740928 3312130048
3945816064 3350986752 3319344128
3938852864 3344388096 3312516096
3953713152 3359219712 3327327232
3954606080 3360038912 3328185344
3938779136 3341455360 3312013312
3939414016 3342049280 3312650240
3943550976 3348303872 3318761472
3939729408 3342565376 3312893952
3966926848 3374637056 3344933888
3940089856 3345080320 3315375104
3939295232 3342508032 3312615424
3951742976 3355152384 3325155328
