1319043072 746160128 726394880
1320108032 744091648 724315136
1320095744 744071168 724287488
1320095744 744099840 724313088
1321152512 744103936 724311040
1321152512 744067072 724279296
1320083456 744087552 724303872
1320083456 744050688 724267008
1322209280 744083456 724276224
1326407680 748269568 728468480
1321140224 744071168 724274176
1321140224 744062976 724269056
1321140224 744083456 724286464
1321140224 744075264 724275200
1320071168 746168320 726352896
1320071168 744099840 724303872
1323266048 744103936 724299776
1323266048 744103936 724298752
1322196992 744071168 724270080
1322196992 744075264 724271104
1322196992 744071168 724270080
1322196992 744067072 724269056
1321127936 744058880 724268032
1321127936 744062976 724272128
1322196992 744079360 724282368
1322196992 744079360 724282368
1321127936 746221568 726427648
1321127936 744071168 724280320
1321127936 744071168 724288512
1321127936 744071168 724287488
1324257280 748253184 728482816
1318989824 744030208 724289536
