3888254976 3292696576 3263482880
3888857088 3291258880 3262120960
3888386048 3291226112 3261736960
3888013312 3290656768 3261160448
3888009216 3290787840 3261289472
3895930880 3298828288 3269281792
3895209984 3298598912 3268678656
3887751168 3293290496 3263362048
3889606656 3294150656 3263025152
3899469824 3303895040 3273022464
3889156096 3293990912 3262633984
3889586176 3296342016 3265060864
3896422400 3300986880 3269767168
3890958336 3295801344 3264490496
3891494912 3300892672 3269196800
3892232192 3297325056 3265757184
3890507776 3295535104 3264076800
3888275456 3293421568 3261852672
3888017408 3293114368 3261395968
3888541696 3293708288 3262116864
3890188288 3295285248 3263665152
3888279552 3293683712 3261849600
3893395456 3298820096 3266963456
3894898688 3300311040 3268462592
3888537600 3290996736 3261556736
3888553984 3290980352 3261598720
3889725440 3294441472 3264919552
3888713728 3291512832 3261863936
3888017408 3290865664 3261194240
3888914432 3293859840 3264183296
3888279552 3291439104 3261554688
3893915648 3297124352 3267141632
