3864809472 3268956160 3239995392
3865264128 3267448832 3238515712
3864993792 3267366912 3238288384
3864944640 3267305472 3238173696
3864678400 3266981888 3237916672
3867193344 3269554176 3240364032
3866099712 3268849664 3239523328
3864682496 3267674112 3238225920
3865128960 3269169152 3238453248
3868151808 3272200192 3241660416
3865300992 3269623808 3238807552
3865993216 3272237056 3241500672
3867676672 3271626752 3240995840
3865489408 3269783552 3239016448
3865710592 3274186752 3243187200
3865296896 3269709824 3238789120
3866435584 3270762496 3239818240
3865206784 3269697536 3238619136
3864948736 3269296128 3238439936
3865473024 3269681152 3238803456
3865223168 3269599232 3238717440
3864948736 3269652480 3238528000
3865989120 3270369280 3239378944
3866734592 3271282688 3240289280
3865206784 3267432448 3238465536
3865223168 3267162112 3238257664
3865432064 3269423104 3240582144
3865382912 3267575808 3238555648
3865210880 3267293184 3238267904
3865321472 3269636096 3240539136
3864948736 3267219456 3238095872
3867287552 3269713920 3240398848
