3852103680 3255836672 3227474944
3852619776 3254374400 3225984000
3852357632 3254280192 3225760768
3852623872 3254505472 3225994240
3852619776 3254382592 3225860096
3853148160 3255169024 3226499072
3852357632 3254517760 3225809920
3852361728 3254620160 3225896960
3852357632 3255300096 3225640960
3853410304 3256578048 3226814464
3852881920 3256020992 3226264576
3853410304 3256680448 3226926080
3853406208 3256631296 3226759168
3852619776 3255918592 3226033152
3852881920 3260387328 3230466048
3852357632 3255926784 3225952256
3853676544 3256770560 3226995712
3852886016 3256127488 3226279936
3852890112 3256082432 3226212352
3852890112 3256340480 3226382336
3852627968 3255975936 3226127360
3852890112 3256205312 3226287104
3852627968 3256164352 3226161152
3853152256 3256565760 3226577920
3852623872 3253653504 3225712640
3852627968 3253891072 3225732096
3852627968 3256053760 3227900928
3852890112 3254239232 3226055680
3852890112 3254013952 3225909248
3853152256 3254497280 3226246144
3852365824 3253776384 3225516032
3853938688 3255312384 3227010048
