3904053248 3308376064 3279162368
3900116992 3302481920 3273344000
3904761856 3307487232 3277992960
3899457536 3302068224 3272567808
3898888192 3301580800 3272082432
3910434816 3313053696 3283506176
3913760768 3316854784 3286933504
3900080128 3305594880 3275666432
3905667072 3310129152 3278998528
3919650816 3323789312 3292911616
3901370368 3306168320 3274811392
3901042688 3307810816 3276523520
3909738496 3314462720 3283243008
3907596288 3312422912 3281106944
3908427776 3317813248 3286113280
3906379776 3311431680 3279850496
3906707456 3311747072 3280288768
3900313600 3305455616 3273885696
3898322944 3303579648 3271853056
3900608512 3305684992 3274092544
3906699264 3311824896 3280203776
3899080704 3304468480 3272625152
3911016448 3316408320 3284535296
3912437760 3317792768 3285939200
3898998784 3301605376 3272164352
3901407232 3303960576 3274577920
3907346432 3312021504 3282487296
3899670528 3302408192 3272755200
3898732544 3301703680 3272028160
3900829696 3305717760 3276034048
3899310080 3302457344 3272567808
3911045120 3314323456 3284333568
