3914452992 3318771712 3289558016
3906781184 3311235072 3282109440
3914735616 3317469184 3287970816
3905413120 3308163072 3278669824
3905413120 3308126208 3278635008
3925925888 3328618496 3299069952
3925356544 3328524288 3298603008
3904770048 3310391296 3280471040
3916218368 3320709120 3289578496
3931000832 3335176192 3304298496
3907403776 3312193536 3280835584
3907645440 3314565120 3283282944
3926020096 3330531328 3299318784
3918397440 3323232256 3291928576
3919409152 3328757760 3297069056
3920478208 3325526016 3293944832
3917639680 3322462208 3291002880
3906347008 3311460352 3279889408
3904774144 3310092288 3278381056
3905662976 3310784512 3279207424
3917463552 3322564608 3290939392
3905597440 3311079424 3279257600
3922378752 3327823872 3295943680
3923771392 3329277952 3297424384
3905413120 3308167168 3278741504
3905986560 3308650496 3279283200
3908292608 3313004544 3283462144
3906207744 3309023232 3279384576
3905228800 3308285952 3278627840
3906863104 3311767552 3282073600
3905933312 3309080576 3279203328
3922051072 3325267968 3295278080
