3914801152 3319173120 3289959424
3913433088 3317673984 3288622080
3915128832 3317915648 3288445952
3911782400 3314544640 3285075968
3911696384 3314499584 3285000192
3927302144 3330097152 3300556800
3926892544 3330093056 3300237312
3911348224 3316604928 3286758400
3916685312 3321290752 3290160128
3932901376 3337187328 3306317824
3913830400 3318546432 3287192576
3914977280 3321614336 3290344448
3927314432 3331944448 3300719616
3919347712 3324039168 3292727296
3920478208 3329646592 3297949696
3921432576 3326529536 3294981120
3918073856 3322986496 3291531264
3912339456 3317280768 3285783552
3911196672 3316330496 3284619264
3911909376 3317092352 3285548032
3918102528 3323305984 3291684864
3911901184 3317391360 3285560320
3923550208 3329089536 3297202176
3924856832 3330465792 3298612224
3912556544 3315007488 3285577728
3912658944 3315118080 3285734400
3915304960 3320127488 3290585088
3912564736 3315449856 3285794816
3912376320 3315150848 3285480448
3913433088 3318452224 3288754176
3912237056 3315548160 3285662720
3922882560 3326218240 3296232448
