3845025792 3248062464 3220252672
3845017600 3246215168 3218336768
3845017600 3246301184 3218355200
3845283840 3246403584 3218492416
3845017600 3246428160 3218432000
3845283840 3246493696 3218550784
3845017600 3246239744 3218286592
3845283840 3246817280 3218761728
3844755456 3247001600 3218158592
3845283840 3247456256 3218600960
3845017600 3247128576 3218291712
3845545984 3247648768 3218820096
3845279744 3247771648 3218796544
3845017600 3247296512 3218516992
3845279744 3251699712 3222798336
3845017600 3247312896 3218422784
3845287936 3247681536 3218764800
3845283840 3247673344 3218706432
3845025792 3247267840 3218441216
3845025792 3247599616 3218566144
3845025792 3247214592 3218360320
3845287936 3247726592 3218714624
3845025792 3247448064 3218461696
3845287936 3247587328 3218647040
3845021696 3245465600 3218046976
3845025792 3245682688 3218070528
3845025792 3247587328 3220088832
3845287936 3245797376 3218280448
3845025792 3245756416 3218217984
3845287936 3246116864 3218502656
3845025792 3245719552 3218072576
3845550080 3246313472 3218729984
