2134351872 1556291584 1534219264
2134347776 1554214912 1532175360
2134331392 1554087936 1531981824
2134335488 1554239488 1532171264
2135392256 1554120704 1532164096
2135396352 1554202624 1532119040
2134323200 1554128896 1532133376
2134323200 1554149376 1532097536
2139656192 1554067456 1531876352
2139656192 1554395136 1532131328
2138587136 1554382848 1532155904
2138591232 1554452480 1532143616
2138587136 1554366464 1532086272
2138587136 1554317312 1532137472
2137518080 1558462464 1536279552
2137518080 1554350080 1532100608
2139381760 1554112512 1531869184
2139643904 1554362368 1532133376
2138574848 1554440192 1532145664
2138574848 1554239488 1531961344
2138574848 1554227200 1531937792
2138574848 1554395136 1532122112
2137501696 1554243584 1531956224
2137505792 1554227200 1531931648
2136436736 1554055168 1532020736
2136449024 1554046976 1532022784
2135379968 1555968000 1533921280
2135379968 1554034688 1531995136
2135384064 1553973248 1532040192
2135379968 1554071552 1532050432
2134310912 1553911808 1531876352
2134577152 1554104320 1532080128
