3927273472 3331719168 3302498304
3923214336 3327569920 3298426880
3928076288 3330695168 3301192704
3921383424 3324141568 3294640128
3921723392 3324547072 3295047680
3941683200 3344543744 3314995200
3941224448 3344543744 3314618368
3921436672 3326742528 3296809984
3929763840 3334180864 3303049216
3948269568 3352395776 3321517056
3923697664 3328417792 3297052672
3924414464 3331129344 3299831808
3941404672 3346132992 3314908160
3932450816 3337224192 3305896960
3933945856 3343183872 3311479808
3935293440 3340247040 3308665856
3931099136 3336093696 3304630272
3921997824 3327021056 3295438848
3920551936 3325718528 3293982720
3922161664 3327156224 3295562752
3931504640 3336515584 3304890368
3921715200 3327012864 3295154176
3937783808 3343147008 3311255552
3938918400 3344195584 3312342016
3921678336 3324194816 3294752768
3922325504 3324809216 3295410176
3929743360 3334680576 3305138176
3922231296 3325140992 3295482880
3921317888 3324190720 3294500864
3923132416 3328200704 3298502656
3921936384 3325214720 3295325184
3936768000 3339919360 3309929472
