3940392960 3344838656 3315617792
3940139008 3344515072 3315372032
3941289984 3343888384 3314385920
3937906688 3340709888 3311208448
3938119680 3340955648 3311455232
3958403072 3361075200 3331525632
3987787776 3395866624 3365940224
3937685504 3343007744 3313075200
3943149568 3347595264 3316463616
3966791680 3370971136 3340092416
3941761024 3346542592 3315177472
3941769216 3348537344 3317239808
3957673984 3362254848 3331028992
3946315776 3351130112 3319801856
3948630016 3357859840 3326151680
3950030848 3355004928 3323423744
3944951808 3349827584 3318364160
3939078144 3344130048 3312547840
3953541120 3356700672 3324964864
3938078720 3343081472 3311477760
3945766912 3350847488 3319204864
3938312192 3343691776 3311819776
3953532928 3358953472 3327060992
3954462720 3359805440 3327951872
3938238464 3340816384 3311374336
3939414016 3341922304 3312523264
3943493632 3348168704 3318626304
3938926592 3341889536 3312218112
3957395456 3365040128 3335336960
3939287040 3344408576 3314703360
3939295232 3342372864 3312480256
3951632384 3354845184 3324855296
