3857084416 3260850176 3232359424
3857600512 3259506688 3230982144
3857350656 3259224064 3230572544
3857604608 3259555840 3230857216
3857338368 3259351040 3230627840
3858391040 3260506112 3231613952
3857473536 3259691008 3230801920
3857342464 3259678720 3230751744
3857076224 3260567552 3230576640
3858513920 3261980672 3231972352
3857911808 3261378560 3231358976
3858653184 3262136320 3232019456
3858497536 3261890560 3231820800
3857637376 3261153280 3230997504
3857862656 3265748992 3235491840
3857362944 3261132800 3230882816
3858718720 3262246912 3232070656
3857604608 3261399040 3231179776
3857608704 3261243392 3231117312
3857870848 3261640704 3231361024
3857608704 3261251584 3231077376
3857870848 3261542400 3231227904
3857633280 3261362176 3231120384
3858194432 3261964288 3231677440
3857866752 3259105280 3230831616
3857620992 3259109376 3230709760
3857608704 3261313024 3232922624
3857883136 3259453440 3230990336
3857608704 3259174912 3230774272
3857883136 3261521920 3233041408
3857346560 3258929152 3230457856
3858919424 3260612608 3232010240
