3888529408 3293040640 3263826944
3889381376 3291586560 3262448640
3888922624 3291557888 3262068736
3888275456 3290972160 3261475840
3888533504 3291123712 3261625344
3897712640 3300356096 3270809600
3896500224 3299610624 3269690368
3888013312 3293609984 3263681536
3889905664 3294502912 3263377408
3900837888 3304988672 3274112000
3890204672 3294855168 3263498240
3890900992 3297738752 3266457600
3897954304 3302506496 3271286784
3891531776 3296194560 3264883712
3892649984 3301838848 3270142976
3893665792 3298779136 3267203072
3891589120 3296436224 3264977920
3888799744 3293749248 3262180352
3888279552 3293454336 3261731840
3889065984 3294027776 3262436352
3891552256 3296735232 3265115136
3888803840 3294040064 3262201856
3894345728 3299799040 3267942400
3895857152 3301310464 3269457920
3888799744 3291312128 3261872128
3888816128 3291312128 3261930496
3890012160 3294793728 3265271808
3888975872 3291832320 3262183424
3888279552 3291164672 3261493248
3889176576 3294183424 3264506880
3888541696 3291766784 3261882368
3894816768 3298041856 3268059136
