1319043072 746164224 726394880
1320108032 744099840 724315136
1320095744 744075264 724287488
1320095744 744103936 724313088
1321152512 744112128 724312064
1321152512 744071168 724279296
1320083456 744091648 724303872
1320083456 744054784 724267008
1322209280 744087552 724276224
1326407680 748273664 728468480
1321140224 744075264 724274176
1321140224 744067072 724269056
1321140224 744087552 724286464
1321140224 744079360 724275200
1320071168 746172416 726352896
1320071168 744103936 724303872
1323266048 744112128 724300800
1323266048 744108032 724298752
1322196992 744075264 724270080
1322196992 744079360 724271104
1322196992 744075264 724270080
1322196992 744071168 724269056
1321127936 744062976 724268032
1321127936 744067072 724272128
1322196992 744083456 724282368
1322196992 744083456 724282368
1321127936 746225664 726427648
1321127936 744075264 724280320
1321127936 744075264 724288512
1321127936 744075264 724287488
1324257280 748257280 728482816
1318989824 744034304 724289536
