3878682624 3283062784 3253851136
3879419904 3281809408 3252672512
3878887424 3281690624 3252219904
3878576128 3281367040 3251879936
3878834176 3281477632 3251995648
3884359680 3287023616 3257491456
3883446272 3286663168 3256771584
3878313984 3283918848 3254022144
3879686144 3284164608 3253041152
3886571520 3290738688 3259874304
3879718912 3284447232 3253107712
3880148992 3286933504 3255678976
3884277760 3289018368 3257815040
3880673280 3285532672 3254235136
3881160704 3290431488 3258825728
3881414656 3286319104 3254840320
3880853504 3285741568 3254285312
3878838272 3283972096 3252407296
3878580224 3283755008 3252078592
3879366656 3284398080 3252837376
3880206336 3285331968 3253732352
3878842368 3284213760 3252410368
3882168320 3287556096 3255733248
3883442176 3288821760 3256984576
3879100416 3281657856 3252227072
3879116800 3281694720 3252319232
3880034304 3284824064 3255316480
3879276544 3282018304 3252392960
3878842368 3281707008 3252049920
3879477248 3284357120 3254744064
3878842368 3282026496 3252153344
3883220992 3286380544 3256413184
