3853414400 3257061376 3228661760
3853930496 3255668736 3227245568
3853668352 3255480320 3226940416
3853934592 3255734272 3227185152
3853668352 3255554048 3226984448
3854458880 3256496128 3227779072
3853668352 3255734272 3226985472
3853672448 3255857152 3227088896
3853406208 3256598528 3226872832
3854721024 3257925632 3228098560
3854192640 3257319424 3227515904
3854721024 3257958400 3228162048
3854454784 3257909248 3227986944
3853930496 3257225216 3227273216
3854192640 3261657088 3231679488
3853668352 3257208832 3227175936
3854725120 3258105856 3228240896
3853934592 3257331712 3227426816
3853938688 3257311232 3227397120
3854200832 3257651200 3227648000
3853938688 3257262080 3227353088
3854200832 3257499648 3227512832
3853938688 3257393152 3227336704
3854462976 3257880576 3227825152
3853934592 3255009280 3226953728
3853938688 3255189504 3226977280
3853938688 3257331712 3229115392
3854200832 3255541760 3227315200
3853938688 3255275520 3227119616
3854200832 3257790464 3229479936
3853676544 3255037952 3226724352
3854987264 3256598528 3228248064
