3904602112 3308937216 3279723520
3902996480 3305414656 3276272640
3905335296 3308072960 3278574592
3901796352 3304419328 3274917888
3901730816 3304415232 3274916864
3913355264 3316006912 3286459392
3914842112 3317993472 3288072192
3901140992 3306631168 3276702720
3906301952 3310776320 3279645696
3920949248 3325104128 3294226432
3904520192 3309338624 3277980672
3903950848 3310747648 3279457280
3913424896 3317915648 3286691840
3908329472 3313164288 3281848320
3909156864 3318571008 3286870016
3908079616 3313152000 3281570816
3907579904 3312406528 3280948224
3903459328 3308584960 3277015040
3901157376 3306450944 3274720256
3902038016 3307147264 3275553792
3907383296 3312500736 3280878592
3901956096 3307360256 3275516928
3911974912 3317407744 3285531648
3913351168 3318726656 3286873088
3901865984 3304476672 3275035648
3902455808 3305037824 3275655168
3907969024 3312656384 3283113984
3902521344 3305271296 3275616256
3902173184 3305144320 3275465728
3903975424 3308896256 3279205376
3902164992 3305299968 3275410432
3911811072 3315113984 3285124096
