3904602112 3308974080 3279760384
3903520768 3307995136 3278853120
3905347584 3308109824 3278623744
3901796352 3304435712 3274942464
3901730816 3304439808 3274949632
3913412608 3316092928 3286553600
3914878976 3318026240 3288145920
3901403136 3306647552 3276735488
3906301952 3310804992 3279678464
3921010688 3325194240 3294328832
3905044480 3309883392 3278537728
3904475136 3311296512 3280018432
3913986048 3318509568 3287293952
3908349952 3313168384 3281893376
3909169152 3318611968 3286919168
3908628480 3313729536 3282156544
3907579904 3312410624 3280971776
3903983616 3309137920 3277571072
3901157376 3306471424 3274752000
3902038016 3307171840 3275590656
3907395584 3312521216 3280911360
3901956096 3307372544 3275549696
3912011776 3317473280 3285613568
3913396224 3318759424 3286959104
3901865984 3304497152 3275071488
3902455808 3305041920 3275678720
3907981312 3312693248 3283159040
3902521344 3305304064 3275649024
3902697472 3305680896 3276022784
3904499712 3309453312 3279763456
3902164992 3305328640 3275451392
3911835648 3315179520 3285189632
