3889590272 3294015488 3264792576
3887771648 3290017792 3260820480
3891625984 3296489472 3266866176
3886231552 3291246592 3261660160
3889721344 3292524544 3262915584
3886964736 3289743360 3260151808
3887075328 3290271744 3260469248
3891646464 3294736384 3264965632
3887742976 3292381184 3261250560
3885912064 3290419200 3259290624
3887955968 3292717056 3261442048
3897327616 3302043648 3270854656
3887226880 3292061696 3260678144
3886563328 3291267072 3260006400
3888074752 3293302784 3261611008
3889405952 3294547968 3262880768
3903184896 3312668672 3281286144
3887890432 3294461952 3263253504
3887235072 3292270592 3260638208
3892752384 3300151296 3268371456
3893080064 3298287616 3266613248
3892416512 3297550336 3266032640
3887230976 3292864512 3260752896
3890638848 3296206848 3264301056
3887230976 3289944064 3260362752
3886964736 3289481216 3260113920
3888967680 3291648000 3262074880
3889057792 3292020736 3262365696
3889156096 3292098560 3262414848
3888431104 3291410432 3261624320
3888709632 3292217344 3262199808
3887120384 3290386432 3260465152
