3879034880 3283386368 3254169600
3877302272 3279712256 3250523136
3880353792 3285139456 3255576576
3876270080 3281448960 3251876864
3878887424 3281686528 3252131840
3877265408 3280113664 3250540544
3877638144 3280584704 3250812928
3880108032 3283120128 3253422080
3878043648 3282591744 3251472384
3876474880 3280957440 3249845248
3877797888 3282341888 3251086336
3883913216 3288608768 3257451520
3877265408 3282186240 3250822144
3876601856 3281350656 3250114560
3878031360 3283214336 3251553280
3878813696 3284029440 3252395008
3892269056 3301888000 3270541312
3877478400 3284160512 3252960256
3877273600 3282354176 3250760704
3880976384 3288363008 3256616960
3881013248 3286265856 3254607872
3881025536 3286134784 3254666240
3877531648 3283136512 3251078144
3879514112 3284979712 3253148672
3877269504 3280146432 3250588672
3877265408 3279691776 3250342912
3878621184 3281477632 3251937280
3878580224 3281375232 3251747840
3878674432 3281543168 3251904512
3877969920 3281039360 3251271680
3878539264 3281862656 3251888128
3877421056 3280531456 3250638848
