3948367872 3352956928 3323722752
3945271296 3347664896 3318464512
3955081216 3360202752 3330572288
3939893248 3345043456 3315453952
3950338048 3353350144 3323729920
3941023744 3343937536 3314332672
3942420480 3345616896 3315793920
3956662272 3359809536 3330007040
3942498304 3347202048 3316054016
3938893824 3343454208 3312306176
3944923136 3349585920 3318284288
3999010816 3408433152 3377220608
3941892096 3346849792 3315444736
3940941824 3345797120 3314521088
3944534016 3349872640 3318162432
3948019712 3353329664 3321655296
3949461504 3359207424 3327824896
3945091072 3351826432 3320604672
3942473728 3347693568 3316034560
3957063680 3364519936 3332712448
3959103488 3364397056 3332713472
3957792768 3362832384 3331303424
4006535168 3414962176 3382831104
3952156672 3357655040 3325734912
3941056512 3343843328 3314258944
3941670912 3344240640 3314861056
3947139072 3350032384 3320439808
3948441600 3351511040 3321835520
3947171840 3350261760 3320572928
3946110976 3349368832 3319569408
3946459136 3349962752 3319926784
3942207488 3345465344 3315532800
