3932471296 3336900608 3307666432
3929530368 3331923968 3302723584
3937333248 3342356480 3312726016
3921047552 3326038016 3296448512
3933614080 3336507392 3306894336
3921584128 3324493824 3294888960
3923587072 3326681088 3296858112
3938226176 3341242368 3311447040
3923050496 3327623168 3296471040
3920265216 3324764160 3293616128
3930140672 3334750208 3303454720
3950231552 3354882048 3323681792
3922583552 3327496192 3296092160
3921960960 3326771200 3295502336
3929374720 3334635520 3302925312
3932336128 3337568256 3305893888
3933282304 3342925824 3311543296
3930087424 3336749056 3305534464
3922927616 3328045056 3296387072
3939180544 3346497536 3314696192
3940548608 3345711104 3314035712
3939434496 3344363520 3312835584
3954966528 3365515264 3333384192
3935608832 3341049856 3309137920
3922001920 3324743680 3295159296
3922010112 3324596224 3295223808
3931226112 3333971968 3304380416
3932708864 3335479296 3305804800
3931750400 3334758400 3305071616
3930849280 3333795840 3304002560
3931041792 3334393856 3304372224
3922886656 3326099456 3296166912
