3971616768 3376087040 3346845696
3966676992 3369136128 3339921408
3979730944 3384750080 3355105280
3958738944 3363667968 3334064128
3973959680 3376668672 3347048448
3960152064 3363135488 3333530624
3962732544 3365740544 3335904256
3982565376 3385516032 3355700224
3962994688 3367473152 3336307712
3957645312 3362254848 3331092480
3966492672 3371200512 3339876352
4036112384 3445485568 3414262784
3961757696 3366719488 3335314432
3960238080 3365191680 3333912576
3966586880 3371728896 3339994112
3970596864 3375718400 3344036864
3973423104 3382980608 3351598080
3984027648 3388489728 3357253632
3989458944 3399409664 3367743488
3981766656 3389071360 3357249536
3984683008 3389812736 3358126080
3983470592 3388514304 3356985344
4018122752 3428507648 3396376576
3975729152 3381260288 3349336064
3960893440 3363704832 3334120448
3960659968 3363344384 3333964800
3969843200 3372564480 3342964736
3971395584 3374256128 3344580608
3986022400 3387080704 3357383680
3968794624 3371831296 3342031872
3968868352 3372134400 3342098432
3961798656 3365113856 3335181312
