3868270592 3272441856 3243456512
3866939392 3269181440 3240113152
3868368896 3273166848 3243817984
3866570752 3271217152 3241840640
3867615232 3270311936 3240958976
3867303936 3269926912 3240529920
3867414528 3270041600 3240628224
3868151808 3270762496 3241421824
3867820032 3272036352 3241140224
3866513408 3270709248 3239819264
3866996736 3271401472 3240484864
3870195712 3274530816 3243650048
3867041792 3271729152 3240598528
3866640384 3271000064 3240007680
3867807744 3272589312 3241250816
3867922432 3272445952 3241296896
3881443328 3290808320 3259738112
3866996736 3273265152 3242368000
3867049984 3271720960 3240477696
3869179904 3276070912 3244657664
3868844032 3273609216 3242327040
3869143040 3273560064 3242508288
3867308032 3272581120 3240925184
3868139520 3272962048 3241700352
3867308032 3269918720 3240593408
3867041792 3269361664 3240231936
3868241920 3270492160 3241335808
3867738112 3270184960 3240843264
3867856896 3270291456 3241037824
3867549696 3270254592 3240801280
3867664384 3270631424 3241061376
3866935296 3269738496 3240274944
