3869380608 3273748480 3244708864
3868049408 3270451200 3241347072
3869872128 3274600448 3245181952
3867619328 3272421376 3242980352
3869044736 3271745536 3242323968
3868352512 3271106560 3241643008
3868463104 3271356416 3241839616
3869466624 3272220672 3242813440
3868868608 3273363456 3242366976
3867561984 3271962624 3240982528
3868381184 3272798208 3241736192
3871989760 3276378112 3245368320
3868352512 3273048064 3241808896
3867688960 3272212480 3241153536
3868856320 3273883648 3242447872
3869069312 3273940992 3242626048
3882803200 3292164096 3260982272
3868119040 3274645504 3243616256
3868098560 3273027584 3241652224
3870433280 3277684736 3246128128
3870134272 3275198464 3243764736
3870420992 3275227136 3244012544
3868618752 3273850880 3242057728
3869630464 3274526720 3243052032
3868618752 3271147520 3241728000
3868352512 3270647808 3241422848
3869290496 3271712768 3242448896
3868884992 3271585792 3242140672
3869011968 3271696384 3242308608
3868672000 3271565312 3241994240
3869011968 3272007680 3242295296
3868246016 3271024640 3241441280
