3932385280 3336790016 3307555840
3929432064 3331796992 3302596608
3937054720 3342045184 3312427008
3918036992 3322961920 3293462528
3933372416 3336212480 3306624000
3918458880 3321458688 3291862016
3919880192 3323031552 3293249536
3937849344 3340849152 3311066112
3919945728 3324497920 3293394944
3917197312 3321647104 3290617856
3930079232 3334656000 3303360512
3949457408 3354079232 3322878976
3919458304 3324383232 3293056000
3918860288 3323674624 3292450816
3929350144 3334590464 3302880256
3932225536 3337433088 3305771008
3933159424 3342774272 3311391744
3930001408 3336638464 3305423872
3919794176 3324915712 3293270016
3938865152 3346182144 3314380800
3940102144 3345240064 3313564672
3939143680 3344035840 3312520192
3954966528 3365474304 3333343232
3935375360 3340783616 3308883968
3918950400 3321724928 3292148736
3919003648 3321516032 3292221440
3931152384 3333873664 3304282112
3932299264 3335294976 3305632768
3931652096 3334631424 3304944640
3930464256 3333640192 3303846912
3930968064 3334307840 3304286208
3919753216 3322896384 3293099008
