3970445312 3375005696 3345771520
3965800448 3368169472 3338954752
3978248192 3383111680 3353466880
3951407104 3356643328 3327039488
3972505600 3375366144 3345745920
3952934912 3355828224 3326223360
3955306496 3358519296 3328696320
3980431360 3383463936 3353661440
3955318784 3359993856 3328841728
3950845952 3355459584 3324297216
3965775872 3370389504 3339065344
4032757760 3442204672 3410981888
3954540544 3359469568 3328064512
3953430528 3358224384 3326945280
3965718528 3370991616 3339270144
3969482752 3374727168 3343052800
3972165632 3381825536 3350443008
3966083072 3372736512 3341500416
3984154624 3393994752 3362331648
3980251136 3387625472 3355803648
3982647296 3387883520 3356196864
3981533184 3386638336 3355109376
4017336320 3425853440 3393722368
3974500352 3379937280 3348017152
3953647616 3356368896 3326784512
3953614848 3356246016 3326866432
3968790528 3371638784 3342039040
3970469888 3373236224 3343560704
3968352256 3371356160 3341659136
3967631360 3370782720 3340983296
3967840256 3371241472 3341205504
3954847744 3358019584 3328087040
