3868545024 3272871936 3243867136
3867226112 3269619712 3240531968
3868954624 3273641984 3244268544
3866832896 3271630848 3242228736
3868184576 3270815744 3241428992
3867566080 3270303744 3240891392
3867676672 3270479872 3241032704
3868508160 3271254016 3241878528
3868082176 3272478720 3241534464
3866775552 3271151616 3240215552
3867557888 3271897088 3240919040
3870617600 3275141120 3244209152
3867566080 3272175616 3241000960
3866902528 3271413760 3240399872
3868069888 3273052160 3241662464
3868221440 3272990720 3241769984
3881979904 3291238400 3260138496
3867283456 3273719808 3242779648
3867312128 3272187904 3240890368
3869515776 3276627968 3245144064
3869188096 3274158080 3242812416
3869478912 3274153984 3243025408
3867832320 3273035776 3241303040
3868712960 3273478144 3242129408
3867832320 3270320128 3240963072
3867303936 3269779456 3240601600
3868504064 3270934528 3241736192
3868037120 3270631424 3241254912
3868155904 3270791168 3241479168
3867836416 3270701056 3241200640
3868200960 3271122944 3241488384
3867459584 3270164480 3240646656
