3871526912 3275853824 3246736384
3870240768 3272413184 3243286528
3871985664 3276902400 3247416320
3869454336 3274354688 3244858368
3871326208 3273912320 3244432384
3870187520 3273060352 3243559936
3870560256 3273404416 3243765760
3871928320 3274706944 3245211648
3870965760 3275419648 3244383232
3869396992 3273900032 3242882048
3870289920 3274969088 3243796480
3874754560 3279233024 3248150528
3870449664 3275124736 3243823104
3869523968 3274215424 3243067392
3870953472 3275972608 3244421120
3871326208 3276255232 3244822528
3884961792 3294355456 3263096832
3870334976 3276738560 3245624320
3870195712 3275104256 3243603968
3872763904 3280056320 3248405504
3872595968 3277725696 3246183424
3872845824 3277770752 3246447616
3870453760 3275935744 3244029952
3871686656 3276873728 3245223936
3870453760 3273134080 3243649024
3870187520 3272613888 3243326464
3871449088 3273912320 3244507136
3871125504 3273895936 3244349440
3870982144 3273928704 3244388352
3870601216 3273662464 3243983872
3870945280 3274297344 3244432384
3870081024 3273121792 3243415552
