3882577920 3286904832 3257683968
3880828928 3283087360 3253892096
3884126208 3288956928 3259366400
3879677952 3284738048 3255152640
3882512384 3285250048 3255665664
3880411136 3283365888 3253781504
3880783872 3283841024 3254048768
3883966464 3286949888 3257213952
3881451520 3285880832 3254755328
3879620608 3284123648 3252997120
3881066496 3285782528 3254513664
3888111616 3292876800 3261696000
3880673280 3285483520 3254106112
3880009728 3284668416 3253410816
3881439232 3286515712 3254843392
3882381312 3287523328 3255874560
3895844864 3305443328 3274085376
3881021440 3287609344 3256401920
3880419328 3285598208 3253988352
3884830720 3292262400 3260496896
3884916736 3290157056 3258486784
3884806144 3289923584 3258427392
3880677376 3286450176 3254367232
3883237376 3288715264 3256825856
3880677376 3283439616 3253867520
3880411136 3282964480 3253604352
3882053632 3284910080 3255345152
3881930752 3284881408 3255244800
3881963520 3285057536 3255392256
3881525248 3284484096 3254708224
3882070016 3285344256 3255345152
3880566784 3283820544 3253899264
