3888840704 3291332608 3262008320
3885912064 3288408064 3259143168
3893882880 3296534528 3267073024
3885391872 3288367104 3258733568
3884339200 3287072768 3257574400
3885912064 3290718208 3261145088
3887730688 3290902528 3261096960
3891232768 3294363648 3264542720
3888254976 3294760960 3263739904
3886493696 3292487680 3261599744
3885125632 3290083328 3258604544
3887484928 3292205056 3260938240
3887566848 3292143616 3260935168
3885473792 3290202112 3258856448
3885772800 3290943488 3259220992
3886440448 3291971584 3260062720
3885920256 3290742784 3259323392
3886276608 3290927104 3259628544
3885658112 3290918912 3259241472
3885920256 3291205632 3259493376
3885658112 3290959872 3259231232
3889700864 3296899072 3265331200
3886182400 3291623424 3259731968
3893960704 3299307520 3267492864
3885920256 3288469504 3259038720
3887882240 3290304512 3261080576
3886993408 3289858048 3260196864
3886481408 3289300992 3259631616
3886432256 3289284608 3259674624
3886473216 3289411584 3259761664
3891793920 3295014912 3265123328
3891548160 3296874496 3266934784
