3972374528 3374862336 3345516544
3958464512 3362869248 3333602304
3989184512 3391840256 3362370560
3956088832 3359113216 3329471488
3954790400 3357503488 3327997952
3958456320 3363401728 3333824512
3969687552 3372785664 3342958592
4017205248 3425095680 3395252224
3971231744 3377680384 3346638848
3978092544 3384111104 3353207808
3956064256 3360907264 3329411072
3981094912 3383775232 3352491008
3967574016 3372310528 3341085696
3958747136 3363643392 3332281344
3958571008 3363905536 3332162560
3958382592 3363909632 3331960832
3960598528 3365437440 3333997568
3983798272 3393220608 3361897472
3958693888 3363819520 3332132864
3959214080 3364503552 3332777984
3958366208 3363651584 3331912704
3976912896 3384033280 3352453120
3961106432 3366662144 3334721536
3990253568 3395522560 3363665920
3959668736 3362349056 3332902912
3968638976 3370979328 3341743104
3968094208 3370921984 3341242368
3961540608 3364384768 3334699008
3963809792 3366572032 3336953856
3993800704 3401375744 3371704320
3983024128 3386224640 3356309504
3981512704 3386724352 3356753920
