3866030080 3268227072 3239305216
3864940544 3267301376 3238356992
3867418624 3269718016 3240652800
3864682496 3267215360 3238003712
3863891968 3266146304 3237047296
3864416256 3268927488 3239851008
3864928256 3267502080 3238301696
3866525696 3268947968 3239837696
3865128960 3271106560 3240642560
3864997888 3268714496 3238322176
3864416256 3268653056 3237913600
3865726976 3269804032 3239198720
3865272320 3269308416 3238846464
3864240128 3268497408 3237745664
3864539136 3269091328 3238133760
3865468928 3270049792 3238958080
3864686592 3269033984 3238169600
3865042944 3268919296 3238392832
3864686592 3268694016 3238011904
3864948736 3269324800 3238475776
3864686592 3269124096 3238163456
3865681920 3272007680 3241202688
3864948736 3269120000 3238328320
3867119616 3271471104 3240620032
3864686592 3266609152 3237828608
3865731072 3267596288 3238895616
3864940544 3267039232 3238169600
3865247744 3267428352 3238385664
3864932352 3266965504 3238091776
3865247744 3267166208 3238321152
3866611712 3268829184 3239756800
3866578944 3270844416 3241696256
