3891716096 3294154752 3264850944
3888271360 3290906624 3261674496
3897548800 3300249600 3270788096
3888013312 3290800128 3261161472
3886960640 3289563136 3260077056
3888271360 3293188096 3263675392
3890642944 3293790208 3263984640
3894362112 3297447936 3267672064
3891146752 3297619968 3266622464
3889127424 3295109120 3264237568
3887747072 3292573696 3261107200
3890106368 3294789632 3263547392
3890094080 3294851072 3263662080
3887833088 3292753920 3261407232
3888132096 3293446144 3261719552
3889061888 3294482432 3262577664
3888279552 3293290496 3261871104
3888635904 3293487104 3262183424
3888279552 3293327360 3261687808
3888541696 3293691904 3261996032
3888279552 3293433856 3261723648
3892891648 3300032512 3268488192
3888803840 3294158848 3262283776
3897565184 3302891520 3271113728
3888541696 3290984448 3261578240
3890708480 3293052928 3263845376
3889795072 3292635136 3262996480
3888840704 3291783168 3262129152
3889160192 3291910144 3262312448
3889131520 3292004352 3262363648
3895132160 3298287616 3268415488
3894861824 3300171776 3270289408
