3919216640 3321696256 3292370944
3908567040 3311009792 3281743872
3928047616 3330756608 3301286912
3907948544 3310968832 3281327104
3906695168 3309412352 3279909888
3909140480 3314053120 3284475904
3912314880 3315445760 3285637120
3923509248 3326709760 3296885760
3918508032 3324993536 3293970432
3915542528 3321548800 3290650624
3907133440 3312185344 3280700416
3911626752 3316310016 3285032960
3917152256 3321913344 3290699776
3908374528 3313201152 3281847296
3908567040 3313823744 3282096128
3909328896 3314675712 3282758656
3908972544 3313942528 3282519040
3909988352 3314753536 3283448832
3908653056 3313696768 3282015232
3909292032 3314397184 3282684928
3908182016 3313516544 3281782784
3921661952 3328856064 3297280000
3909939200 3315290112 3283384320
3928326144 3333763072 3301936128
3908751360 3311394816 3281963008
3917819904 3320131584 3290902528
3916562432 3319521280 3289846784
3910033408 3312963584 3283286016
3915378688 3318308864 3288690688
3915481088 3318403072 3288747008
3924795392 3328069632 3298173952
3924590592 3329720320 3299780608
