3873910784 3276447744 3247145984
3872280576 3274702848 3245455360
3877003264 3279511552 3250117632
3872022528 3274846208 3245248512
3870969856 3273588736 3244165120
3872018432 3276791808 3247250432
3873050624 3276021760 3246318592
3875442688 3278491648 3248787456
3873169408 3279654912 3248659456
3872337920 3276644352 3245789184
3871756288 3276570624 3245161472
3873329152 3277991936 3246789632
3872960512 3277660160 3246515200
3871580160 3276435456 3245161472
3872141312 3277123584 3245512704
3872546816 3277971456 3246174208
3872026624 3276959744 3245587456
3872382976 3277131776 3245904896
3872026624 3277037568 3245448192
3872550912 3277578240 3245969408
3872026624 3277094912 3245497344
3874193408 3281141760 3249686528
3872288768 3277533184 3245802496
3876626432 3281747968 3250153472
3872026624 3274534912 3245162496
3873415168 3275567104 3246414848
3872649216 3275440128 3245887488
3872587776 3275427840 3245852672
3872464896 3275182080 3245700096
3872649216 3275345920 3245753344
3875364864 3278397440 3248660480
3875442688 3280515072 3250714624
