3959701504 3362164736 3332833280
3946618880 3349069824 3319802880
3974586368 3377197056 3347727360
3945144320 3348090880 3318449152
3942969344 3345604608 3316102144
3946766336 3351638016 3322060800
3957514240 3360657408 3330844672
4006342656 3414261760 3384432640
3959095296 3365634048 3334600704
3965960192 3371847680 3340948480
3944443904 3349430272 3317934080
3968720896 3371462656 3340178432
3955802112 3360329728 3329116160
3947192320 3351973888 3320615936
3946823680 3352055808 3320327168
3946672128 3352018944 3320092672
3948351488 3353292800 3321868288
3972182016 3381776384 3350460416
3947470848 3352522752 3320840192
3946917888 3352027136 3320312832
3946258432 3351461888 3319727104
3964280832 3371499520 3339923456
3948470272 3353882624 3321959424
3975426048 3380690944 3348849664
3947302912 3349897216 3320462336
3957231616 3359715328 3330479104
3955388416 3358363648 3328684032
3948613632 3351576576 3321891840
3952398336 3355357184 3325739008
3968348160 3376111616 3346440192
3969224704 3372482560 3342579712
3968143360 3373367296 3343405056
