3890262016 3292794880 3263470592
3887222784 3289694208 3260429312
3895644160 3298365440 3268903936
3886702592 3289612288 3259978752
3885649920 3288350720 3258852352
3887222784 3292012544 3262439424
3889164288 3292344320 3262538752
3892760576 3295920128 3266099200
3889676288 3296223232 3265201152
3887804416 3293827072 3262939136
3886436352 3291373568 3259893760
3888795648 3293560832 3262294016
3888947200 3293540352 3262331904
3886784512 3291521024 3260175360
3887083520 3292241920 3260519424
3887751168 3293241344 3261332480
3887230976 3292078080 3260658688
3887587328 3292229632 3260931072
3886968832 3292172288 3260491776
3887230976 3292508160 3260795904
3886968832 3292237824 3260509184
3891253248 3298459648 3266891776
3887493120 3292979200 3261087744
3895660544 3301064704 3269246976
3887230976 3289755648 3260324864
3889274880 3291680768 3262456832
3888398336 3291312128 3261650944
3887792128 3290587136 3260917760
3887779840 3290648576 3261035520
3887796224 3290722304 3261072384
3893395456 3296559104 3266667520
3893137408 3298488320 3268548608
