3875827712 3278323712 3249039360
3873853440 3276484608 3247226880
3879079936 3281666048 3252253696
3873857536 3276595200 3247000576
3872804864 3275325440 3245876224
3873853440 3278643200 3249089536
3874996224 3277946880 3248214016
3877486592 3280474112 3250826240
3875110912 3281596416 3250589696
3874172928 3278499840 3247633408
3873329152 3278336000 3246900224
3875164160 3279921152 3248698368
3874856960 3279585280 3248423936
3873415168 3278278656 3246983168
3873714176 3278921728 3247272960
3874381824 3279855616 3248014336
3873861632 3278725120 3247337472
3874217984 3278929920 3247684608
3873861632 3278848000 3247229952
3874123776 3279351808 3247722496
3873599488 3278864384 3247225856
3876188160 3283087360 3251638272
3874123776 3279368192 3247581184
3878789120 3284066304 3252429824
3873861632 3276308480 3246974976
3875299328 3277500416 3248338944
3874508800 3277189120 3247731712
3874422784 3277225984 3247633408
3874299904 3277062144 3247539200
3874258944 3277148160 3247532032
3877416960 3280523264 3250760704
3877470208 3282620416 3252760576
