3948474368 3350900736 3321573376
3939241984 3341910016 3312643072
3961712640 3364446208 3335009280
3937669120 3340566528 3310924800
3936706560 3339292672 3309790208
3939704832 3344502784 3314929664
3946450944 3349516288 3319719936
3990544384 3398340608 3368530944
3947765760 3354222592 3323205632
3958579200 3364421632 3333526528
3937542144 3342479360 3310987264
3943780352 3348475904 3317195776
3944656896 3349405696 3318192128
3939627008 3344367616 3313009664
3940196352 3345395712 3313667072
3939278848 3344801792 3312886784
3940552704 3345432576 3314008064
3971919872 3381424128 3350108160
3939504128 3344769024 3313086464
3939508224 3344814080 3313103872
3939221504 3344396288 3312665600
3951919104 3359043584 3327471616
3941412864 3347017728 3315108864
3962470400 3367936000 3336098816
3940610048 3343151104 3313719296
3946147840 3348533248 3319308288
3944751104 3347677184 3318001664
3941216256 3344109568 3314428928
3941990400 3344867328 3315253248
3968086016 3375738880 3346071552
3957043200 3360178176 3330308096
3956273152 3361411072 3331448832
