3909218304 3311730688 3282406400
3903291392 3305926656 3276661760
3916976128 3319586816 3290117120
3901124608 3304001536 3274359808
3901558784 3304206336 3274703872
3902693376 3307565056 3277987840
3909181440 3312218112 3282409472
3913142272 3316236288 3286412288
3908329472 3314757632 3283735552
3905593344 3311497216 3280602112
3900833792 3305811968 3274328064
3905089536 3309670400 3278396416
3907039232 3311730688 3280517120
3902668800 3307433984 3276080128
3902644224 3307835392 3276107776
3902251008 3307802624 3275885568
3902431232 3307319296 3275898880
3903700992 3308404736 3277100032
3903057920 3308290048 3276608512
3902939136 3308232704 3276520448
3902541824 3307806720 3276072960
3911151616 3318263808 3286687744
3902623744 3308175360 3276269568
3917127680 3322449920 3290622976
3902267392 3304857600 3275425792
3908014080 3310272512 3281047552
3906494464 3309355008 3279684608
3904581632 3307454464 3277780992
3905445888 3308322816 3278704640
3905531904 3308376064 3278723072
3912749056 3315916800 3286024192
3913523200 3318820864 3288881152
