3871727616 3274047488 3244891136
3870183424 3272429568 3243425792
3874328576 3276890112 3247550464
3869925376 3272695808 3243130880
3868872704 3271462912 3242075136
3869659136 3274612736 3245108224
3870830592 3273781248 3244104704
3872829440 3275747328 3246216192
3870961664 3277328384 3246383104
3870240768 3274207232 3243638784
3869659136 3274461184 3243085824
3871232000 3275763712 3244585984
3870814208 3275395072 3244284928
3869483008 3274285056 3243072512
3869782016 3274940416 3243395072
3870711808 3275837440 3244145664
3869929472 3274563584 3243458560
3870285824 3274940416 3243757568
3869929472 3274731520 3243284480
3870453760 3275411456 3243858944
3869929472 3274973184 3243421696
3871903744 3278741504 3247342592
3870191616 3275329536 3243672576
3873853440 3278880768 3247538176
3869929472 3272110080 3243019264
3871023104 3273203712 3244215296
3870515200 3273056256 3243727872
3870490624 3273240576 3243711488
3870367744 3273023488 3243578368
3870515200 3273199616 3243657216
3873001472 3275821056 3246206976
3872817152 3277795328 3248169984
