3961643008 3364290560 3334944768
3951419392 3353968640 3324701696
3977515008 3380355072 3350885376
3949871104 3352825856 3323184128
3947532288 3350155264 3320649728
3951525888 3356467200 3326889984
3959382016 3362385920 3332558848
4007702528 3415506944 3385663488
3960614912 3367215104 3336178688
3970867200 3376836608 3345941504
3949084672 3354103808 3322607616
3973550080 3376193536 3344909312
3957809152 3362422784 3331197952
3951411200 3356221440 3324862464
3951591424 3356893184 3325150208
3951431680 3356893184 3324952576
3953164288 3358167040 3326728192
3972706304 3382358016 3351042048
3951767552 3356864512 3325181952
3951718400 3356921856 3325196288
3951468544 3356672000 3324937216
3966267392 3373273088 3341697024
3953381376 3358912512 3326971904
3978457088 3383926784 3352071168
3952664576 3355238400 3325799424
3958484992 3360997376 3331761152
3957751808 3360763904 3331084288
3953577984 3356647424 3326961664
3953627136 3356606464 3326988288
3978915840 3386392576 3356721152
3971747840 3375173632 3345262592
3970564096 3375976448 3346007040
