3841351680 3241529344 3214752768
3841347584 3241541632 3214839808
3841613824 3241570304 3214773248
3841351680 3241664512 3214757888
3841347584 3241431040 3214685184
3841347584 3241443328 3214635008
3841351680 3241398272 3214650368
3841609728 3241664512 3214859264
3841609728 3244453888 3217112064
3841613824 3242307584 3214948352
3841347584 3242401792 3214851072
3841347584 3242033152 3214818304
3841351680 3242401792 3214877696
3841347584 3242102784 3214742528
3841347584 3242258432 3214848000
3841613824 3242254336 3214876672
3841355776 3241914368 3214629888
3841351680 3242246144 3214757888
3841355776 3242340352 3214822400
3841355776 3242106880 3214797824
3841355776 3242471424 3214880768
3841355776 3244261376 3216815104
3841355776 3242213376 3214750720
3841355776 3242012672 3214742528
3841617920 3241234432 3214646272
3841351680 3241086976 3214466048
3841351680 3241025536 3214414848
3841355776 3241095168 3214568448
3841355776 3241304064 3214615552
3841617920 3241299968 3214741504
3841613824 3241156608 3214659584
3841355776 3243192320 3216577536
