3919278080 3321823232 3292497920
3909709824 3312226304 3282960384
3928281088 3331063808 3301594112
3909070848 3312148480 3282506752
3907280896 3310055424 3280552960
3909763072 3314737152 3285159936
3913572352 3316760576 3286951936
3942776832 3350507520 3320683520
3918594048 3325145088 3294121984
3915542528 3321618432 3290720256
3908501504 3313344512 3281859584
3912290304 3317030912 3285753856
3917451264 3322015744 3290802176
3910045696 3314925568 3283571712
3909722112 3315048448 3283320832
3910438912 3315855360 3283938304
3910377472 3315142656 3283719168
3911159808 3315965952 3284661248
3909795840 3314905088 3283223552
3909898240 3315077120 3283364864
3909574656 3314724864 3282991104
3922055168 3329044480 3297468416
3911094272 3316523008 3284617216
3928829952 3334082560 3302255616
3909885952 3312603136 3283171328
3917869056 3320242176 3291013120
3916587008 3319615488 3289940992
3910643712 3313643520 3283965952
3915640832 3318370304 3288752128
3915481088 3318460416 3288804352
3925217280 3328290816 3298395136
3924738048 3329945600 3300009984
