3867103232 3269308416 3240303616
3865989120 3268321280 3239269376
3868794880 3271069696 3241954304
3865731072 3268272128 3238929408
3864678400 3267108864 3237947392
3865464832 3270148096 3240858624
3866034176 3268624384 3239361536
3867705344 3270189056 3240961024
3866214400 3272286208 3241673728
3865784320 3269750784 3239288832
3865464832 3269869568 3238861824
3866775552 3271004160 3240159232
3866320896 3270500352 3239755776
3865288704 3269537792 3238651904
3865587712 3270127616 3239021568
3866255360 3271102464 3239879680
3865735168 3270066176 3239096320
3865829376 3270160384 3239352320
3865473024 3269898240 3238915072
3865997312 3270500352 3239434240
3865735168 3270221824 3239128064
3866890240 3273269248 3242338304
3865735168 3270311936 3239263232
3868471296 3272855552 3241875456
3865473024 3267686400 3238743040
3866779648 3268575232 3239808000
3866013696 3268313088 3239192576
3866034176 3268481024 3239325696
3865763840 3268079616 3239047168
3866034176 3268431872 3239287808
3867566080 3270090752 3240906752
3867570176 3272130560 3242872832
