3858702336 3260379136 3231936512
3858386944 3260309504 3231721472
3859013632 3261116416 3232365568
3858128896 3260321792 3231412224
3857600512 3259531264 3230741504
3857862656 3259998208 3231109120
3858391040 3260399616 3231557632
3859472384 3261575168 3232788480
3858161664 3263582208 3233650688
3857940480 3261493248 3231523840
3857862656 3261595648 3231406080
3859173376 3262967808 3232648192
3858427904 3262038016 3231837184
3857600512 3261366272 3231141888
3857924096 3261726720 3231468544
3858915328 3262816256 3232474112
3858132992 3261759488 3231538176
3858128896 3261673472 3231557632
3857870848 3261583360 3231399936
3858395136 3262193664 3231834112
3858132992 3261779968 3231541248
3857932288 3263737856 3233515520
3858132992 3261956096 3231688704
3859042304 3262861312 3232535552
3858132992 3259396096 3231151104
3858739200 3260125184 3231773696
3857879040 3259600896 3231099904
3858407424 3260186624 3231690752
3858132992 3259609088 3231168512
3858132992 3259850752 3231395840
3858825216 3260645376 3232086016
3858694144 3262513152 3233937408
