3871727616 3274117120 3244891136
3870183424 3272626176 3243429888
3874328576 3276914688 3247554560
3869925376 3272699904 3243134976
3868872704 3271467008 3242079232
3869659136 3274616832 3245112320
3870830592 3273785344 3244108800
3873091584 3275812864 3246220288
3870961664 3277328384 3246383104
3870240768 3274420224 3243644928
3869659136 3274465280 3243089920
3871232000 3275767808 3244590080
3870814208 3275399168 3244289024
3869483008 3274313728 3243076608
3869782016 3274944512 3243399168
3870711808 3275853824 3244155904
3869929472 3274792960 3243458560
3870285824 3274952704 3243761664
3869929472 3274813440 3243288576
3870453760 3275415552 3243863040
3869929472 3274977280 3243425792
3871903744 3278745600 3247346688
3870191616 3275333632 3243676672
3874115584 3279065088 3247542272
3869929472 3272372224 3243023360
3871023104 3273342976 3244219392
3870515200 3273244672 3243731968
3870490624 3273244672 3243715584
3870367744 3273027584 3243582464
3870515200 3273203712 3243661312
3873001472 3275890688 3246206976
3872817152 3277910016 3248174080
