2134343680 1554063360 1532128256
2134323200 1554255872 1532210176
2134310912 1554128896 1532141568
2134310912 1554006016 1531943936
2135367680 1554075648 1532086272
2135367680 1554116608 1532081152
2134302720 1554194432 1532110848
2134302720 1554227200 1532128256
2139631616 1556463616 1534218240
2139635712 1554292736 1532110848
2138562560 1554284544 1532134400
2138566656 1554206720 1531994112
2138566656 1554219008 1532107776
2138562560 1554395136 1532148736
2137493504 1554182144 1531977728
2137493504 1554231296 1532123136
2139623424 1554231296 1531890688
2139619328 1554165760 1531948032
2138554368 1554239488 1532106752
2138554368 1554374656 1532125184
2138554368 1554329600 1532142592
2138554368 1556299776 1534149632
2137485312 1554206720 1531944960
2137489408 1554194432 1531949056
2136424448 1554079744 1532036096
2136424448 1554112512 1532034048
2135355392 1553887232 1531832320
2135359488 1553829888 1531893760
2135355392 1554108416 1532055552
2135621632 1554079744 1532093440
2134286336 1554030592 1532049408
2134298624 1555898368 1533908992
