3891142656 3293745152 3264420864
3888009216 3290554368 3261289472
3896815616 3299647488 3270185984
3887489024 3290419200 3260784640
3886436352 3289194496 3259692032
3888009216 3292868608 3263294464
3890311168 3293331456 3263525888
3893739520 3296968704 3267147776
3890573312 3297165312 3266143232
3888590848 3294687232 3263799296
3887222784 3292192768 3260712960
3889844224 3294416896 3263150080
3889795072 3294457856 3263248384
3887570944 3292377088 3261030400
3887869952 3293073408 3261349888
3888537600 3294101504 3262188544
3888017408 3292913664 3261494272
3888373760 3293085696 3261783040
3887755264 3292987392 3261306880
3888017408 3293335552 3261623296
3887755264 3293077504 3261346816
3892244480 3299516416 3267947520
3888279552 3293790208 3261898752
3896832000 3302326272 3270500352
3888017408 3290619904 3261189120
3890397184 3292590080 3263366144
3889246208 3292246016 3262581760
3888578560 3291389952 3261719552
3888623616 3291521024 3261906944
3888869376 3291623424 3261970432
3894448128 3297718272 3267825664
3894452224 3299647488 3269707776
