3879120896 3281764352 3252442112
3876999168 3279613952 3250352128
3882627072 3285385216 3255944192
3877003264 3279769600 3250144256
3875688448 3278446592 3248974848
3876999168 3281788928 3252227072
3878285312 3281260544 3251488768
3881197568 3284279296 3254493184
3878440960 3285012480 3253996544
3877318656 3281715200 3250838528
3876474880 3281436672 3249988608
3878572032 3283202048 3251948544
3878350848 3282907136 3251721216
3876560896 3281338368 3250019328
3876859904 3282132992 3250429952
3877789696 3283058688 3251189760
3877007360 3281887232 3250475008
3877363712 3282063360 3250780160
3877007360 3281997824 3250354176
3877269504 3282526208 3250852864
3876745216 3282079744 3250390016
3879600128 3286618112 3255088128
3877269504 3282567168 3250728960
3882680320 3287949312 3256247296
3877007360 3279532032 3250118656
3878531072 3280863232 3251678208
3877703680 3280572416 3250949120
3877568512 3280420864 3250790400
3877445632 3280343040 3250763776
3877466112 3280330752 3250700288
3881226240 3284336640 3254486016
3880931328 3286208512 3256302592
