3960766464 3363385344 3334050816
3950141440 3352731648 3323464704
3976077312 3378860032 3349390336
3948560384 3351601152 3321959424
3946287104 3348975616 3319470080
3950247936 3355213824 3325636608
3958816768 3361849344 3332023296
4007256064 3415109632 3385267200
3959922688 3366326272 3335288832
3969564672 3375570944 3344671744
3947851776 3352928256 3321432064
3972198400 3374809088 3343524864
3956101120 3360763904 3329550336
3950604288 3355508736 3324150784
3950301184 3355627520 3323885568
3950153728 3355623424 3323683840
3951595520 3356385280 3324950528
3972706304 3382161408 3350845440
3950477312 3355611136 3323928576
3950440448 3355676672 3323951104
3949682688 3354976256 3323241472
3965276160 3372355584 3340779520
3952050176 3357593600 3325661184
3976986624 3382394880 3350553600
3950858240 3353538560 3324099584
3957628928 3360202752 3330966528
3956617216 3359420416 3329740800
3953025024 3355856896 3326172160
3952959488 3355734016 3326115840
3968872448 3376513024 3346841600
3970498560 3373891584 3343988736
3969355776 3374718976 3344756736
