3882721280 3285348352 3256025088
3880407040 3282853888 3253590016
3886555136 3289362432 3259906048
3880148992 3283001344 3253371904
3879096320 3281674240 3252187136
3880144896 3285065728 3255493632
3881590784 3284774912 3254984704
3884896256 3288064000 3258255360
3882053632 3288571904 3257552896
3880726528 3285024768 3254137856
3879620608 3284602880 3253132288
3881717760 3286511616 3255247872
3881615360 3286327296 3255122944
3879706624 3284635648 3253296128
3880267776 3285368832 3253654528
3880935424 3286388736 3254492160
3880153088 3285114880 3253700608
3880509440 3285364736 3254066176
3880153088 3285303296 3253638144
3880415232 3285737472 3254039552
3880153088 3285389312 3253671936
3883098112 3290324992 3258767360
3880415232 3285868544 3253996544
3886632960 3292094464 3260328960
3880153088 3282829312 3253407744
3882061824 3284353024 3255136256
3881209856 3283972096 3254320128
3880976384 3283750912 3254093824
3880853504 3283578880 3253981184
3880923136 3283681280 3254039552
3885105152 3288281088 3258418176
3884752896 3290042368 3260129280
