3884666880 3287265280 3257942016
3881979904 3284639744 3255375872
3888717824 3291529216 3262072832
3881721856 3284697088 3255063552
3880669184 3283398656 3253907456
3881979904 3286872064 3257299968
3883794432 3286740992 3256947712
3886874624 3290050560 3260234752
3884019712 3290566656 3259547648
3882561536 3288637440 3257750528
3881455616 3286388736 3254914048
3883552768 3288334336 3257068544
3883511808 3288219648 3257011200
3881541632 3286454272 3255112704
3881840640 3287138304 3255424000
3882770432 3288170496 3256266752
3881988096 3286921216 3255506944
3882344448 3287138304 3255839744
3881988096 3287101440 3255435264
3882250240 3287515136 3255810048
3881988096 3287195648 3255478272
3885412352 3292401664 3260839936
3882250240 3287707648 3255832576
3889070080 3294326784 3262550016
3881988096 3284627456 3255205888
3884015616 3286261760 3257041920
3883102208 3285848064 3256192000
3882549248 3285524480 3255863296
3882688512 3285430272 3255832576
3882770432 3285528576 3255879680
3887194112 3290370048 3260504064
3886866432 3292225536 3262302208
