3908263936 3310981120 3281656832
3899621376 3302207488 3272942592
3915857920 3318403072 3288937472
3898302464 3301199872 3271558144
3897884672 3300515840 3271013376
3899297792 3304144896 3274567680
3908476928 3311505408 3281696768
3912265728 3315331072 3285507072
3907637248 3314028544 3283006464
3904794624 3310919680 3280028672
3898023936 3303018496 3271534592
3901382656 3306151936 3274877952
3906428928 3311087616 3279874048
3898978304 3303698432 3272351744
3899240448 3304427520 3272699904
3899408384 3304923136 3273006080
3900055552 3304960000 3273539584
3899981824 3304652800 3273348096
3899113472 3304316928 3272635392
3899256832 3304501248 3272788992
3899654144 3304927232 3273193472
3910287360 3317346304 3285773312
3899723776 3305226240 3273323520
3916021760 3321278464 3289451520
3899375616 3301961728 3272529920
3907346432 3309596672 3280371712
3905884160 3308699648 3279029248
3903004672 3305807872 3276137472
3904897024 3307765760 3278147584
3904995328 3307790336 3278137344
3908669440 3311755264 3281862656
3912613888 3317878784 3287939072
