3948023808 3352621056 3323264000
3975278592 3377651712 3348462592
3967713280 3370561536 3340968960
3953094656 3356155904 3326476288
3951726592 3354656768 3324956672
3948490752 3353440256 3323803648
3956961280 3360043008 3330215936
4020228096 3428048896 3398188032
3963449344 3367677952 3336672256
3960299520 3365031936 3333800960
3949346816 3354103808 3322641408
3946582016 3351371776 3320000512
3950313472 3355086848 3323703296
3947606016 3352432640 3321153536
4000964608 3410993152 3379335168
3969671168 3379949568 3348025344
3956355072 3361153024 3329721344
3963375616 3370209280 3338826752
3986309120 3398045696 3366319104
3948335104 3355607040 3323855872
3946291200 3351302144 3319715840
3971010560 3378040832 3346530304
3947847680 3353432064 3321365504
3949330432 3354947584 3322969088
3948474368 3351392256 3321799680
3946418176 3349061632 3319617536
3951566848 3354374144 3324807168
3968606208 3371216896 3341689856
3945390080 3348480000 3318669312
3966976000 3369824256 3340170240
3951124480 3356483584 3326430208
3965005824 3370246144 3340397568
