3928035328 3332771840 3303415808
3948093440 3350499328 3321314304
3942420480 3345330176 3315742720
3931013120 3333980160 3304305664
3930226688 3333337088 3303641088
3928686592 3333521408 3303884800
3933626368 3336839168 3307015168
3963351040 3371188224 3341331456
3939151872 3343437824 3312432128
3936464896 3341357056 3310126080
3929088000 3334119424 3302658048
3927015424 3331932160 3300566016
3929276416 3334242304 3302859776
3927801856 3332558848 3301280768
3951140864 3356405760 3324751872
3927969792 3333414912 3301490688
3933126656 3338125312 3306693632
3938709504 3345678336 3314295808
3956895744 3366678528 3334951936
3928092672 3335585792 3303843840
3926560768 3331526656 3299954688
3944898560 3351920640 3320435712
3928104960 3333640192 3301595136
3929227264 3334713344 3302734848
3928506368 3331338240 3301745664
3927035904 3329576960 3300132864
3930939392 3333627904 3304060928
3942764544 3345543168 3316022272
3925807104 3328909312 3299116032
3941830656 3344699392 3315063808
3930017792 3335532544 3305490432
3939868672 3345088512 3315247104
