3873857536 3278540800 3249216512
3878375424 3280490496 3251424256
3877490688 3280097280 3250574336
3874320384 3277172736 3247538176
3874639872 3277430784 3247840256
3873591296 3278393344 3248917504
3875381248 3278135296 3248649216
3878653952 3281555456 3251880960
3876589568 3280867328 3249885184
3875852288 3280384000 3249187840
3873501184 3278270464 3246871552
3873067008 3277828096 3246509056
3873857536 3278635008 3247314944
3873329152 3277991936 3246801920
3878809600 3283943424 3252448256
3874119680 3279597568 3247769600
3875266560 3279994880 3248620544
3876057088 3282948096 3251666944
3873857536 3278905344 3247275008
3873341440 3280474112 3248833536
3872550912 3277545472 3246089216
3877498880 3284299776 3252994048
3873341440 3278770176 3247004672
3873865728 3279351808 3247475712
3873599488 3276443648 3246902272
3873603584 3276214272 3246818304
3874557952 3277070336 3247683584
3877273600 3279835136 3250374656
3872821248 3275755520 3246148608
3877130240 3280080896 3250493440
3874013184 3279421440 3249469440
3876433920 3281498112 3251790848
