3861798912 3266015232 3237251072
3862175744 3264282624 3235527680
3862151168 3264208896 3235297280
3861532672 3263909888 3234862080
3862056960 3264356352 3235231744
3861270528 3263635456 3234600960
3862061056 3264430080 3235438592
3863261184 3265474560 3236447232
3862360064 3265835008 3235633152
3861770240 3265810432 3235316736
3861032960 3264782336 3234349056
3861008384 3264913408 3234411520
3861274624 3265302528 3234778112
3861270528 3265060864 3234628608
3862368256 3266523136 3235940352
3862061056 3266351104 3235561472
3862228992 3266297856 3235781632
3862429696 3268378624 3237883904
3861274624 3265314816 3234779136
3861020672 3267366912 3236729856
3860492288 3264344064 3233944576
3862482944 3268435968 3238056960
3861020672 3265318912 3234662400
3861544960 3265769472 3235111936
3861540864 3263389696 3234651136
3861544960 3263381504 3234692096
3861712896 3263557632 3234955264
3862233088 3263979520 3235286016
3861024768 3263008768 3234187264
3862491136 3264450560 3235750912
3861581824 3265724416 3236843520
3861803008 3265835008 3237083136
