3846594560 3247616000 3219805184
3846066176 3247443968 3219447808
3846332416 3247837184 3219665920
3846070272 3247538176 3219509248
3846590464 3247947776 3219835904
3846328320 3247820800 3219655680
3846594560 3248066560 3220014080
3846590464 3248041984 3220033536
3846590464 3248783360 3219924992
3846594560 3248971776 3219956736
3846066176 3248476160 3219454976
3846066176 3248500736 3219529728
3846070272 3248766976 3219589120
3846066176 3248709632 3219615744
3846590464 3248910336 3219894272
3846594560 3249147904 3220034560
3846602752 3248902144 3219952640
3846336512 3250929664 3221776384
3846070272 3248558080 3219488768
3846340608 3251187712 3221898240
3846074368 3248480256 3219425280
3846336512 3251032064 3221949440
3846078464 3248660480 3219565568
3846340608 3248873472 3219774464
3846336512 3247022080 3219519488
3846864896 3247554560 3219877888
3846598656 3247394816 3219661824
3846602752 3247398912 3219661824
3845820416 3246723072 3219075072
3846598656 3247513600 3219760128
3846602752 3247435776 3219679232
3846340608 3249217536 3221501952
