3913945088 3318538240 3289194496
3930349568 3332608000 3303431168
3925929984 3328737280 3299153920
3916505088 3319549952 3289876480
3916034048 3318902784 3289220096
3914092544 3318996992 3289463808
3918712832 3321733120 3291915264
3929673728 3332657152 3302816768
3922837504 3327279104 3296277504
3921633280 3326320640 3295089664
3914674176 3319533568 3288072192
3913441280 3318210560 3286886400
3915235328 3320066048 3288688640
3913572352 3318210560 3286935552
3932344320 3337486336 3305833472
3913981952 3319328768 3287412736
3918073856 3322851328 3291481088
3923009536 3329966080 3298599936
3914928128 3320168448 3288441856
3913781248 3321118720 3289384960
3912290304 3317420032 3285868544
3927420928 3334553600 3303088128
3913560064 3319283712 3287251968
3914543104 3320143872 3288198144
3913973760 3316940800 3287364608
3913236480 3315933184 3286493184
3916251136 3319107584 3289544704
3925954560 3328753664 3299249152
3912511488 3315408896 3285619712
3925225472 3327967232 3298343936
3915460608 3320692736 3290817536
3923689472 3328933888 3299117056
