3943395328 3347886080 3318538240
3974057984 3376291840 3347102720
3966808064 3369529344 3339937792
3952734208 3355660288 3325981696
3946336256 3349159936 3319468032
3943854080 3348742144 3319105536
3956568064 3359535104 3329708032
4018929664 3426828288 3396968448
3962540032 3366907904 3335902208
3959758848 3364360192 3333133312
3944411136 3349348352 3317886976
3942060032 3346751488 3315388416
3944771584 3349671936 3318292480
3942985728 3347718144 3316443136
3999305728 3409235968 3377577984
3969409024 3379576832 3347652608
3955806208 3360759808 3329328128
3962368000 3369340928 3337958400
3986046976 3397672960 3365946368
3943395328 3350843392 3319096320
3941314560 3346259968 3314673664
3969781760 3376922624 3345416192
3943239680 3348758528 3316692992
3945160704 3350650880 3318672384
3943800832 3346812928 3317224448
3941896192 3344429056 3314984960
3947298816 3350024192 3320461312
3967344640 3370082304 3340555264
3940417536 3343429632 3313618944
3965894656 3368861696 3339207680
3945598976 3351093248 3321039872
3964162048 3369320448 3339471872
