3866255360 3270795264 3241712640
3868340224 3270660096 3241647104
3867791360 3270234112 3240958976
3866193920 3268923392 3239631872
3866513408 3269214208 3239876608
3865989120 3268509696 3239285760
3866791936 3269304320 3240029184
3868856320 3271565312 3242220544
3867758592 3271659520 3241004032
3867082752 3271319552 3240427520
3865489408 3270119424 3239028736
3865464832 3269894144 3238901760
3865993216 3270373376 3239402496
3865726976 3270029312 3239181312
3868667904 3273277440 3242172416
3866517504 3271340032 3240045568
3867045888 3271553024 3240509440
3867598848 3274072064 3243073536
3865993216 3270443008 3239325696
3865739264 3272413184 3241217024
3864948736 3269427200 3238456320
3868098560 3274317824 3243595776
3865739264 3270684672 3239359488
3866263552 3270823936 3239692288
3865997312 3268472832 3239218176
3866001408 3268313088 3239212032
3866431488 3268628480 3239611392
3867623424 3269988352 3240907776
3865481216 3268009984 3238709248
3868057600 3270402048 3241332736
3866148864 3270979584 3241526272
3867381760 3271761920 3242579968
