1319047168 744067072 724314112
1320095744 744099840 724311040
1320083456 744095744 724300800
1320083456 744099840 724301824
1321140224 744071168 724267008
1321140224 744095744 724299776
1323155456 747163648 727371776
1320075264 744083456 724291584
1322196992 744075264 724259840
1322196992 744103936 724288512
1321132032 744136704 724331520
1321132032 744091648 724289536
1321132032 744194048 724388864
1321132032 744095744 724287488
1320062976 744099840 724292608
1320062976 744095744 724291584
1323257856 744112128 724293632
1323257856 746201088 726368256
1322188800 744067072 724257792
1322188800 746196992 726384640
1322184704 744099840 724290560
1322188800 746196992 726363136
1321119744 744087552 724288512
1321119744 744091648 724289536
1322188800 744099840 724294656
1322188800 744075264 724270080
1321119744 744108032 724305920
1322315776 745279488 725492736
1321119744 744095744 724300800
1321119744 744157184 724365312
1320050688 743862272 724304896
1318993920 746127360 726378496
