3899297792 3301638144 3272413184
3907047424 3309412352 3280248832
3906826240 3309498368 3279986688
3913539584 3316281344 3286686720
3909963776 3312738304 3283239936
3897032704 3299827712 3270241280
3896328192 3299373056 3269591040
3898191872 3301253120 3271402496
3914059776 3318206464 3287341056
3906609152 3313168384 3282117632
3898568704 3303165952 3271963648
3909124096 3315724288 3284523008
3909632000 3314339840 3283066880
3896352768 3303026688 3271730176
3898355712 3303366656 3271809024
3896995840 3302354944 3270631424
3909525504 3314155520 3282910208
3897307136 3302154240 3270707200
3898245120 3303542784 3271753728
3912220672 3317473280 3285839872
3959156736 3362181120 3330533376
3905495040 3310624768 3279065088
3906596864 3313868800 3282049024
3896586240 3301969920 3270075392
3911626752 3314020352 3284721664
3904471040 3307012096 3277617152
3904061440 3306881024 3277232128
3896655872 3299631104 3269943296
3905609728 3308654592 3278923776
3897004032 3302412288 3272507392
3896811520 3300110336 3270134784
3898863616 3302125568 3272211456
