3869925376 3272241152 3243061248
3870298112 3272380416 3243398144
3871047680 3273490432 3244269568
3869138944 3273842688 3244392448
3871174656 3273695232 3244346368
3869188096 3272019968 3242535936
3869134848 3272118272 3242483712
3869523968 3272450048 3242747904
3872579584 3276476416 3245996032
3869839360 3274354688 3243342848
3870031872 3274641408 3243575296
3871072256 3277574144 3246487552
3871772672 3276390400 3245228032
3868876800 3275599872 3244395520
3870187520 3274956800 3243587584
3869659136 3274756096 3243207680
3871014912 3275698176 3244544000
3869401088 3274280960 3242933248
3868880896 3273916416 3242315776
3872022528 3276886016 3245465600
3921346560 3324211200 3292706816
3869528064 3274371072 3242995712
3870445568 3277463552 3245990912
3869143040 3274219520 3242633216
3872079872 3274579968 3245372416
3869663232 3271905280 3242851328
3869405184 3272011776 3242556416
3869143040 3271815168 3242274816
3869978624 3272708096 3243161600
3869155328 3272052736 3242304512
3869409280 3272331264 3242688512
3870564352 3273424896 3243749376
