3966046208 3373244416 3344012288
3947098112 3349417984 3320254464
3945394176 3348037632 3318512640
3954503680 3357294592 3327686656
3950112768 3352883200 3323385856
3938205696 3340988416 3311398912
3936784384 3339788288 3310006272
3940782080 3343921152 3314059264
3959599104 3363827712 3332952064
3945619456 3352158208 3321111552
3940605952 3345240064 3314024448
3991457792 3402895360 3371680768
3950870528 3355693056 3324406784
3959607296 3369193472 3337896960
3941105664 3346087936 3314530304
3938201600 3343343616 3311607808
3951034368 3355672576 3324420096
3938578432 3343384576 3311933440
3937071104 3342327808 3310532608
3956150272 3361185792 3329547264
4000747520 3403845632 3372183552
3943940096 3349016576 3317456896
3945222144 3352514560 3320684544
3937529856 3342901248 3311004672
3954102272 3356622848 3327324160
3941449728 3344023552 3314621440
3939311616 3342118912 3312462848
3955175424 3356037120 3326340096
3943571456 3346436096 3316694016
3937234944 3342589952 3312677888
3936346112 3339644928 3309656064
3941298176 3346444288 3316526080
