4010369024 3413430272 3384182784
3970588672 3372863488 3343696896
3969351680 3372097536 3342565376
3969794048 3372810240 3343202304
3974352896 3377070080 3347557376
3953778688 3356471296 3326881792
3952357376 3355467776 3325677568
3955261440 3358380032 3328506880
3986448384 3390717952 3359821824
3968589824 3375124480 3344048128
3956768768 3361378304 3330162688
4013182976 3424563200 3393348608
3975548928 3380183040 3348896768
3970482176 3379982336 3348684800
3956879360 3361918976 3330359296
3953414144 3358760960 3326997504
3975815168 3380412416 3349146624
3954614272 3359612928 3328150528
3968577536 3371696128 3339895808
3981787136 3386834944 3355192320
4025098240 3428208640 3396538368
3966627840 3371618304 3340057600
3968704512 3376177152 3344348160
3953381376 3358953472 3327033344
3979714560 3382259712 3352949760
3956621312 3359174656 3329765376
3955208192 3358003200 3328335872
3969970176 3370983424 3341286400
3965689856 3368759296 3339017216
3952193536 3357679616 3327763456
3951734784 3354996736 3324997632
3957420032 3362836480 3332927488
