3850264576 3251769344 3223638016
3849732096 3251290112 3223021568
3851051008 3252535296 3224189952
3849740288 3253624832 3225194496
3849998336 3251806208 3223409664
3850002432 3251736576 3223289856
3849998336 3251654656 3223177216
3850002432 3251752960 3223345152
3849998336 3253010432 3223589888
3849736192 3252838400 3223310336
3850784768 3253579776 3224076288
3850002432 3255193600 3225500672
3850264576 3253432320 3223828480
3849740288 3255033856 3225339904
3850526720 3253567488 3223890944
3850522624 3253518336 3223881728
3850006528 3252891648 3223385088
3850002432 3253161984 3223578624
3850006528 3252826112 3223311360
3850530816 3253665792 3223956480
3900387328 3297456128 3267791872
3849748480 3253014528 3223300096
3850006528 3255181312 3225456640
3850006528 3252916224 3223361536
3850526720 3251445760 3223579648
3850264576 3251335168 3223350272
3850006528 3251245056 3223224320
3849744384 3250839552 3222810624
3850006528 3251310592 3223274496
3849744384 3251064832 3223000064
3850010624 3251298304 3223203840
3850530816 3251748864 3223684096
