3887226880 3289673728 3260473344
3888857088 3291275264 3262116864
3889270784 3291877376 3262391296
3902971904 3305766912 3276230656
3890425856 3293143040 3263664128
3886489600 3289358336 3259780096
3885912064 3289047040 3259293696
3886960640 3290025984 3260191744
3893964800 3298119680 3267354624
3888603136 3295166464 3264300032
3887595520 3292250112 3261085696
3890319360 3297038336 3265882112
3891126272 3295797248 3264566272
3885916160 3292606464 3261346816
3887489024 3292491776 3260958720
3886698496 3291865088 3260193792
3890769920 3295506432 3264311296
3886702592 3291570176 3260213248
3886182400 3291299840 3259564032
3892682752 3297894400 3266345984
3940487168 3343486976 3311962112
3887669248 3292827648 3261327360
3888807936 3296071680 3264313344
3886182400 3291516928 3259695104
3891965952 3294457856 3265191936
3887280128 3289866240 3260528640
3886981120 3289841664 3260221440
3886182400 3288981504 3259346944
3888304128 3291205632 3261522944
3886194688 3289186304 3259486208
3886186496 3289354240 3259407360
3888128000 3291385856 3261508608
