3842400256 3242717184 3215673344
3842129920 3242713088 3215541248
3842400256 3242815488 3215600640
3842138112 3244892160 3217658880
3842134016 3242725376 3215544320
3842138112 3242602496 3215492096
3842134016 3242188800 3215254528
3842400256 3242762240 3215618048
3842134016 3243360256 3215595520
3842134016 3243556864 3215634432
3842396160 3243778048 3215877120
3842138112 3245690880 3217747968
3842400256 3243593728 3215755264
3842138112 3245228032 3217514496
3842400256 3243626496 3215811584
3842396160 3243368448 3215659008
3842142208 3243470848 3215608832
3842400256 3243634688 3215691776
3842142208 3243401216 3215527936
3842404352 3243577344 3215780864
3892523008 3287691264 3259857920
3842408448 3243466752 3215653888
3842142208 3245363200 3217460224
3842142208 3243413504 3215620096
3842400256 3242405888 3215542272
3842138112 3242352640 3215393792
3842142208 3242209280 3215331328
3842142208 3242139648 3215236096
3842142208 3242233856 3215378432
3842404352 3242348544 3215455232
3842146304 3242373120 3215385600
3842142208 3242270720 3215321088
