3852099584 3253530624 3225306112
3851304960 3253026816 3224665088
3852886016 3254509568 3226047488
3851575296 3255451648 3226941440
3851833344 3253628928 3225109504
3851575296 3253510144 3224945664
3851571200 3253444608 3224844288
3851837440 3253534720 3224999936
3851833344 3254861824 3225337856
3851571200 3254607872 3224945664
3852357632 3255382016 3225755648
3851575296 3257167872 3227261952
3852099584 3255377920 3225588736
3851575296 3256893440 3226991616
3852099584 3255541760 3225688064
3852095488 3255418880 3225655296
3851579392 3254763520 3225102336
3851837440 3255046144 3225296896
3851579392 3254718464 3225021440
3852103680 3255599104 3225719808
3902222336 3299360768 3269540864
3851583488 3254820864 3224954880
3851841536 3257171968 3227257856
3851579392 3254718464 3224953856
3852099584 3253284864 3225312256
3851837440 3253153792 3225066496
3851841536 3253063680 3224947712
3851317248 3252744192 3224569856
3851841536 3253121024 3224982528
3851579392 3252817920 3224638464
3851583488 3253067776 3224887296
3852365824 3253714944 3225534464
