3878313984 3280617472 3251423232
3879030784 3281354752 3252233216
3879796736 3282538496 3253082112
3894059008 3296858112 3267302400
3880194048 3282857984 3253422080
3877576704 3280347136 3250807808
3877261312 3280183296 3250450432
3877650432 3280707584 3250912256
3882622976 3286921216 3256121344
3878821888 3283435520 3252420608
3878420480 3283124224 3251973120
3880128512 3286806528 3255648256
3880718336 3285495808 3254269952
3877003264 3283619840 3252345856
3878313984 3283435520 3251927040
3877785600 3282882560 3251247104
3880202240 3285020672 3253830656
3877789696 3282591744 3251201024
3877007360 3282132992 3250414592
3881779200 3286986752 3255436288
3930365952 3333423104 3301850112
3877982208 3283083264 3251617792
3879280640 3286564864 3254881280
3877269504 3282599936 3250829312
3881496576 3283943424 3254749184
3878010880 3280625664 3251342336
3877793792 3280551936 3251011584
3877007360 3279986688 3250395136
3878764544 3281600512 3251966976
3877281792 3280314368 3250496512
3877273600 3280621568 3250714624
3878952960 3281993728 3252203520
