4010631168 3413786624 3384528896
3971153920 3373481984 3344311296
3969626112 3372474368 3342942208
3973988352 3376783360 3347175424
3975077888 3377860608 3348347904
3957448704 3360223232 3330633728
3955769344 3358912512 3329108992
3959025664 3362258944 3332372480
3987447808 3391770624 3360886784
3969060864 3375644672 3344568320
3960647680 3365400576 3334189056
4014002176 3425492992 3394278400
3976175616 3380895744 3349609472
3970744320 3380310016 3349016576
3960745984 3365892096 3334319104
3957379072 3362758656 3330981888
3976515584 3381170176 3349905408
3958165504 3362992128 3331587072
3972214784 3375411200 3343651840
3982655488 3387789312 3356146688
4025786368 3428962304 3397296128
3967057920 3372085248 3340524544
3969150976 3376648192 3344819200
3956555776 3362197504 3330352128
3980607488 3383201792 3353912320
3960696832 3363311616 3333898240
3959238656 3362033664 3332374528
3973959680 3374788608 3345189888
3966238720 3369082880 3339340800
3955605504 3361099776 3331179520
3955679232 3358957568 3328958464
3961835520 3367034880 3337106432
