3862847488 3264757760 3235990528
3862380544 3264512000 3235731456
3863896064 3265986560 3237075968
3862061056 3266605056 3237530624
3863019520 3265138688 3236236288
3862634496 3264864256 3235778560
3862319104 3264651264 3235597312
3862396928 3264921600 3235791872
3863523328 3266965504 3236858880
3862241280 3266285568 3235840000
3863216128 3266801664 3236558848
3862663168 3268784128 3238305792
3863486464 3267555328 3237052416
3862061056 3268231168 3237565440
3863109632 3267121152 3236632576
3862843392 3267158016 3236442112
3862978560 3266863104 3236523008
3862585344 3266592768 3236008960
3862065152 3266334720 3235646464
3863613440 3267784704 3237174272
3913347072 3315474432 3284814848
3862315008 3266322432 3235739648
3862626304 3268763648 3238160384
3862327296 3266457600 3235709952
3863752704 3265531904 3237013504
3862847488 3264618496 3235888128
3862327296 3264462848 3235615744
3862327296 3264335872 3235431424
3862585344 3264573440 3235841024
3862077440 3264401408 3235333120
3862331392 3264495616 3235637248
3863486464 3265622016 3236684800
