3971342336 3378585600 3349339136
3959316480 3361644544 3332473856
3958013952 3360731136 3331198976
3963412480 3366297600 3337152512
3962650624 3365416960 3335904256
3947163648 3349954560 3320877056
3945611264 3348578304 3319305216
3948617728 3351793664 3322433536
3973783552 3378053120 3347164160
3957387264 3363966976 3332890624
3950018560 3354599424 3323879424
4001710080 3413065728 3381851136
3964133376 3368751104 3337464832
3969957888 3379499008 3348201472
3950055424 3355000832 3323958272
3946848256 3352260608 3321014272
3963600896 3368222720 3336957952
3947638784 3352514560 3321551872
3945377792 3350646784 3319358464
3969376256 3374436352 3342793728
4013121536 3416227840 3384557568
3955978240 3361026048 3329465344
3957276672 3364548608 3332716544
3946536960 3351953408 3320528896
3967287296 3369848832 3340538880
3952865280 3355578368 3326160896
3948490752 3351351296 3322211328
3963686912 3364593664 3335355392
3955019776 3357872128 3328130048
3945517056 3350843392 3321439232
3945238528 3348549632 3319066624
3950870528 3355992064 3326574592
