3868090368 3270348800 3241223168
3868266496 3270533120 3241419776
3869200384 3271700480 3242388480
3867303936 3272040448 3242615808
3869110272 3271544832 3242272768
3867615232 3270172672 3240763392
3867561984 3270262784 3240752128
3867688960 3270533120 3240946688
3870294016 3274231808 3243648000
3867836416 3272351744 3241382912
3868459008 3272708096 3241778176
3868733440 3275317248 3244342272
3869757440 3274199040 3243129856
3867303936 3273850880 3242728448
3868352512 3272941568 3241736192
3868086272 3272978432 3241536512
3868962816 3273584640 3242545152
3867566080 3272384512 3241153536
3867045888 3272011776 3240545280
3869839360 3274559488 3243302912
3919306752 3322077184 3290718208
3867598848 3272376320 3241120768
3868426240 3275141120 3243924480
3867308032 3272310784 3240877056
3869990912 3272400896 3243268096
3867828224 3270254592 3241072640
3867570176 3270098944 3240754176
3867308032 3269955584 3240553472
3868045312 3270717440 3241279488
3867320320 3270152192 3240495104
3867574272 3270434816 3240884224
3868467200 3271385088 3241836544
