3920539648 3322859520 3293742080
3932450816 3334725632 3305562112
3931394048 3334209536 3304697856
3935043584 3337805824 3308260352
3935043584 3337752576 3308254208
3918602240 3321491456 3291921408
3917631488 3320578048 3290882048
3919536128 3322658816 3292881920
3942203392 3346362368 3315489792
3931688960 3338207232 3307156480
3920543744 3325116416 3294049280
3954585600 3365924864 3334729728
3935588352 3340316672 3309056000
3949207552 3358781440 3327489024
3920363520 3325427712 3294054400
3918389248 3323768832 3292292096
3935801344 3340378112 3309145088
3919081472 3323699200 3292645376
3917398016 3322601472 3291004928
3939512320 3344760832 3313139712
3985256448 3388297216 3356665856
3930267648 3335340032 3303780352
3931078656 3338592256 3306765312
3917955072 3323334656 3291666432
3938033664 3340464128 3311177728
3928530944 3331043328 3301644288
3919507456 3322298368 3292837888
3918393344 3321176064 3291821056
3930271744 3333091328 3303356416
3917557760 3322920960 3293201408
3917115392 3320422400 3290676224
3920883712 3324084224 3294465024
