3880148992 3282661376 3253437440
3881259008 3283546112 3254383616
3881918464 3284680704 3255180288
3895894016 3298840576 3269256192
3882463232 3285094400 3255615488
3879673856 3282399232 3252817920
3879096320 3282128896 3252362240
3879759872 3282747392 3252912128
3885035520 3289292800 3258449920
3881054208 3285651456 3254600704
3880517632 3285192704 3253999616
3882405888 3289079808 3257886720
3882962944 3287707648 3256436736
3878838272 3285610496 3254318080
3880411136 3285495808 3253942272
3879882752 3284930560 3253256192
3882496000 3287293952 3256056832
3879886848 3284660224 3253216256
3878842368 3284180992 3252413440
3884130304 3289378816 3257776128
3932610560 3335671808 3304030208
3880165376 3285241856 3253701632
3881439232 3288723456 3256930304
3879366656 3284639744 3252776960
3883798528 3286286336 3256994816
3880120320 3282698240 3253313536
3879890944 3282661376 3253017600
3879104512 3282042880 3252372480
3880685568 3283763200 3254041600
3879116800 3282300928 3252408320
3879370752 3282550784 3252594688
3881050112 3284144128 3254261760
