3947028480 3349573632 3320323072
3925454848 3327922176 3298635776
3936415744 3341307904 3311801344
3926958080 3329785856 3300255744
3940515840 3343142912 3313619968
3925696512 3328724992 3299100672
3925745664 3328929792 3299099648
3925110784 3328262144 3298506752
3926499328 3331272704 3300118528
3925807104 3330461696 3299243008
3925364736 3330646016 3299083264
3932774400 3337650176 3306293248
3929235456 3334037504 3302729728
3959492608 3368869888 3337589760
3922743296 3328139264 3296303104
3967041536 3376869376 3345313792
3942830080 3354648576 3323189248
3951595520 3360796672 3329602560
3938529280 3345608704 3314026496
3925151744 3332333568 3300633600
3931570176 3336617984 3305033728
3952836608 3355848704 3324297216
3945517056 3350896640 3319131136
3936329728 3341848576 3309784064
3939815424 3340636160 3311064064
3933335552 3335757824 3306450944
3924467712 3329683456 3299898368
3926540288 3329466368 3299779584
3941756928 3346702336 3317091328
3926474752 3329409024 3299760128
3925520384 3328798720 3298820096
3935248384 3340500992 3310557184
