3867586560 3269279744 3240832000
3850264576 3252203520 3223700480
3851317248 3253080064 3224528896
3850788864 3252633600 3224113152
3850784768 3252547584 3224019968
3851046912 3252744192 3224212480
3851046912 3252891648 3224340480
3850788864 3252641792 3224033280
3851046912 3254153216 3224508416
3851575296 3254697984 3225012224
3851313152 3254509568 3224777728
3851046912 3254206464 3224554496
3851046912 3254030336 3224384512
3851046912 3254296576 3224599552
3850788864 3254226944 3224444928
3851046912 3256385536 3226512384
3850792960 3255803904 3226176512
3851055104 3254169600 3224454144
3851046912 3256205312 3226486784
3850792960 3256041472 3226195968
3850530816 3253637120 3223909376
3867324416 3268636672 3238833152
3850788864 3254112256 3224326144
3850788864 3253989376 3224160256
3850264576 3251187712 3223300096
3851055104 3252187136 3224213504
3850792960 3254185984 3226092544
3851313152 3252416512 3224348672
3850792960 3254018048 3225996288
3851055104 3252338688 3224284160
3850797056 3252125696 3223965696
3850797056 3254161408 3225967616
