1310670848 333103104 313390080
1311731712 333123584 313373696
1311719424 333127680 313371648
1311719424 333131776 313369600
1312776192 333111296 313337856
1312788480 333123584 313357312
1311711232 333119488 313363456
1311744000 333119488 313360384
1313832960 333144064 313361408
1313832960 333139968 313360384
1312763904 333131776 313359360
1312763904 333123584 313354240
1312763904 333131776 313359360
1312763904 333127680 313352192
1311694848 333131776 313360384
1311698944 333131776 313358336
1314975744 335212544 315405312
1314975744 333090816 313313280
1313837056 335192064 315418624
1313906688 333123584 313344000
1313906688 333123584 313345024
1313906688 333115392 313341952
1312837632 333107200 313340928
1312837632 333103104 313336832
1313837056 333144064 313371648
1313857536 333111296 313338880
1312768000 335233024 315450368
1312768000 333131776 313365504
1312788480 333426688 313664512
1312788480 336265216 316506112
1311698944 333119488 313373696
1310625792 335204352 315469824
