3892015104 3294445568 3265199104
3874131968 3276607488 3247302656
3877134336 3281960960 3252504576
3875078144 3277828096 3248329728
3877847040 3280445440 3250991104
3874926592 3277647872 3248044032
3874676736 3277774848 3247909888
3874381824 3277303808 3247583232
3875176448 3279650816 3248505856
3875430400 3280068608 3248855040
3875168256 3280261120 3248747520
3876171776 3281002496 3249716224
3875160064 3279990784 3248727040
3876806656 3281379328 3250130944
3874381824 3279757312 3247988736
3880116224 3287052288 3255563264
3874910208 3281711104 3250293760
3877830656 3282300928 3251122176
3877744640 3284856832 3253299200
3874385920 3281608704 3249971200
3875717120 3280642048 3249128448
3893559296 3296620544 3265111040
3879432192 3284594688 3252939776
3876884480 3282374656 3250448384
3873857536 3276689408 3247124480
3876577280 3278929920 3249661952
3874648064 3279634432 3249902592
3874906112 3277897728 3248198656
3878531072 3283316736 3253760000
3874910208 3277701120 3248117760
3874652160 3277918208 3247984640
3876454400 3281666048 3251813376
