3983835136 3388313600 3359058944
3958194176 3360694272 3331362816
3977039872 3381985280 3352474624
3960262656 3362938880 3333396480
3982528512 3385348096 3355808768
3958857728 3361660928 3332024320
3958341632 3361431552 3331519488
3992829952 3400781824 3370944512
3981168640 3390390272 3359218688
3959095296 3363614720 3332386816
3957874688 3362975744 3331392512
3970699264 3375464448 3344092160
3965550592 3370229760 3338920960
4005351424 3414822912 3383537664
3974336512 3384676352 3352815616
4019195904 3429048320 3397468160
3993255936 3404861440 3373396992
4017913856 3427127296 3395904512
3979427840 3386490880 3354877952
3957096448 3364278272 3332544512
3968167936 3373371392 3341777920
3992727552 3395842048 3364269056
3990831104 3396198400 3364397056
3975430144 3381047296 3348982784
3971162112 3372015616 3342423040
3984175104 3384508416 3355182080
3956191232 3361456128 3331617792
3984683008 3392458752 3362729984
3984281600 3389153280 3359518720
3959443456 3362410496 3332748288
3957661696 3361005568 3331003392
3974393856 3379765248 3349794816
