3983511552 3388145664 3358891008
3957108736 3359502336 3330170880
3976904704 3381731328 3352220672
3958890496 3361722368 3332179968
3982311424 3385028608 3355489280
3956985856 3359952896 3330316288
3957522432 3360772096 3330860032
3978477568 3386327040 3356489728
3980906496 3390267392 3359095808
3957248000 3361910784 3330682880
3956785152 3361771520 3330188288
3970342912 3375251456 3343879168
3965276160 3370127360 3338818560
4000395264 3409764352 3378479104
3974336512 3384578048 3352717312
4018880512 3428618240 3397038080
3992993792 3404775424 3373310976
4017504256 3426856960 3395634176
3979005952 3386232832 3354619904
3956027392 3363110912 3331377152
3968131072 3373232128 3341638656
3992567808 3395575808 3364002816
3990540288 3395801088 3363999744
3975335936 3380850688 3348786176
3970113536 3370868736 3341276160
3982725120 3383209984 3353883648
3955634176 3360813056 3330974720
3984683008 3392339968 3362611200
3984084992 3388850176 3359215616
3958349824 3361234944 3331572736
3956580352 3359817728 3329815552
3974258688 3379490816 3349520384
