1310670848 333103104 313392128
1311731712 333123584 313377792
1311719424 333119488 313371648
1311719424 333123584 313371648
1312776192 333099008 313336832
1312788480 333115392 313357312
1311711232 333119488 313365504
1311744000 333115392 313359360
1313832960 333135872 313363456
1313832960 333131776 313361408
1312763904 333123584 313359360
1312763904 333119488 313355264
1312763904 333119488 313357312
1312763904 333111296 313349120
1311694848 333119488 313359360
1311698944 333115392 313355264
1314975744 335200256 315403264
1314975744 333086720 313314304
1313837056 335187968 315419648
1313906688 333115392 313345024
1313906688 333119488 313347072
1313906688 333111296 313342976
1312837632 333107200 313342976
1312837632 333103104 313338880
1313837056 333135872 313371648
1313857536 333099008 313336832
1312768000 335220736 315448320
1312768000 333119488 313363456
1312788480 333123584 313369600
1312788480 334163968 314412032
1311698944 333107200 313371648
1310625792 335196160 315468800
