3899547648 3301982208 3272780800
3881472000 3283873792 3254607872
3885268992 3290071040 3260680192
3882418176 3285180416 3255729152
3886489600 3289198592 3259748352
3882266624 3285008384 3255444480
3882016768 3284975616 3255297024
3881721856 3284668416 3254952960
3882516480 3287003136 3255916544
3882508288 3287261184 3256100864
3882508288 3287535616 3256104960
3883925504 3288756224 3257508864
3882762240 3287519232 3256252416
3884605440 3289444352 3258214400
3881459712 3286908928 3255119872
3889364992 3296391168 3264908288
3882250240 3289227264 3257848832
3885887488 3290521600 3259407360
3886157824 3293204480 3261702144
3881725952 3289010176 3257352192
3883397120 3288358912 3256860672
3901853696 3304808448 3273346048
3888308224 3293589504 3261971456
3884892160 3290497024 3258511360
3880935424 3283664896 3254154240
3884326912 3286777856 3257548800
3881725952 3286908928 3257175040
3882246144 3285164032 3255604224
3887288320 3292086272 3262585856
3882250240 3285209088 3255600128
3881992192 3285274624 3255379968
3884638208 3289784320 3259932672
