3900370944 3302825984 3273571328
3882258432 3284676608 3255349248
3886116864 3290992640 3261499392
3883204608 3285983232 3256454144
3887411200 3290091520 3260579840
3883053056 3285831680 3256198144
3882803200 3285946368 3256038400
3882508288 3285499904 3255731200
3883302912 3287842816 3256682496
3883294720 3288039424 3256817664
3883294720 3288375296 3256817664
3884748800 3289575424 3258250240
3883548672 3288285184 3256985600
3885715456 3290337280 3259058176
3882246144 3287638016 3255809024
3890323456 3297427456 3265855488
3883036672 3290062848 3258618880
3886759936 3291406336 3260206080
3887054848 3294146560 3262562304
3882512384 3289800704 3258114048
3884208128 3289210880 3257631744
3902726144 3305746432 3274193920
3889274880 3294674944 3262917632
3885772800 3291340800 3259314176
3881721856 3284439040 3254862848
3885162496 3287683072 3258380288
3882512384 3287724032 3257912320
3883032576 3286081536 3256357888
3888218112 3293130752 3263519744
3883036672 3285966848 3256316928
3882778624 3286061056 3256068096
3885498368 3290726400 3260773376
