3886125056 3288518656 3259321344
3868364800 3270864896 3241619456
3871162368 3275833344 3246475264
3869310976 3271823360 3242425344
3871014912 3273658368 3244302336
3869159424 3271843840 3242335232
3868909568 3271876608 3242141696
3868614656 3271544832 3241939968
3869409280 3273809920 3242741760
3869663232 3274309632 3243143168
3869663232 3274526720 3243094016
3870040064 3274641408 3243426816
3869392896 3274104832 3242943488
3870400512 3274977280 3243806720
3868876800 3274100736 3242445824
3872608256 3279421440 3248090112
3868880896 3275808768 3244483584
3870945280 3275550720 3244465152
3871059968 3278094336 3246723072
3868880896 3275771904 3244304384
3869237248 3274194944 3242841088
3887022080 3289964544 3258588160
3872251904 3277152256 3245712384
3870359552 3275788288 3243992064
3868352512 3271081984 3241632768
3870244864 3272642560 3243468800
3868880896 3273797632 3244186624
3869138944 3272015872 3242467328
3871842304 3276406784 3247004672
3869143040 3271802880 3242333184
3868884992 3271942144 3242193920
3870289920 3275235328 3245536256
