3872841728 3274645504 3246064640
3855769600 3257647104 3228958720
3856609280 3260755968 3232039936
3856031744 3258073088 3229326336
3856027648 3258081280 3229367296
3856289792 3258327040 3229547520
3856302080 3258359808 3229536256
3856031744 3258060800 3229222912
3856289792 3259662336 3229771776
3856818176 3260542976 3230432256
3856818176 3260432384 3230271488
3856551936 3259949056 3229883392
3856289792 3259756544 3229756416
3856551936 3260104704 3230018560
3856293888 3259957248 3229797376
3856302080 3262160896 3231958016
3856035840 3261546496 3231603712
3856347136 3259871232 3229832192
3856302080 3261837312 3231821824
3856035840 3261648896 3231504384
3855773696 3259211776 3229127680
3872567296 3274199040 3244075008
3856318464 3259904000 3229767680
3856044032 3259760640 3229527040
3855245312 3256516608 3228416000
3856297984 3257634816 3229460480
3856297984 3259736064 3231397888
3856293888 3257896960 3229502464
3856310272 3259625472 3231360000
3856297984 3257860096 3229500416
3856039936 3257794560 3229321216
3856039936 3259863040 3231346688
