3876585472 3278467072 3249790976
3859451904 3261612032 3232727040
3860869120 3265007616 3236182016
3859726336 3261902848 3233011712
3860070400 3262246912 3233362944
3859984384 3262287872 3233310720
3859996672 3262275584 3233252352
3859701760 3261968384 3232970752
3860234240 3263746048 3233591296
3860750336 3264634880 3234177024
3860488192 3264622592 3234096128
3860320256 3264204800 3233789952
3860008960 3263893504 3233604608
3860570112 3264303104 3233967104
3859963904 3264073728 3233521664
3860418560 3266461696 3236020224
3859968000 3265703936 3235434496
3860488192 3264159744 3233861632
3860418560 3266048000 3235828736
3859705856 3265753088 3235284992
3859468288 3263348736 3233020928
3876634624 3278467072 3248088064
3860221952 3264192512 3233811456
3860123648 3264081920 3233540096
3859177472 3260846080 3232371712
3860004864 3261722624 3233298432
3859968000 3263799296 3235176448
3859963904 3261935616 3233270784
3860238336 3263901696 3235454976
3859968000 3261775872 3233222656
3859972096 3261861888 3233126400
3859808256 3263942656 3235177472
