3921956864 3324502016 3295247360
3896442880 3298926592 3269599232
3909152768 3313995776 3284487168
3897208832 3299983360 3270446080
3911757824 3314339840 3284801536
3896434688 3299377152 3269740544
3897491456 3300634624 3270722560
3896709120 3299672064 3269863424
3896901632 3301588992 3270421504
3896836096 3301396480 3270170624
3896987648 3302178816 3270615040
3907497984 3312324608 3280982016
3899359232 3304169472 3272862720
3908001792 3312820224 3281536000
3894992896 3300306944 3268458496
3917877248 3325067264 3293487104
3897036800 3304079360 3272628224
3910172672 3314659328 3283444736
3910606848 3317841920 3286251520
3896590336 3303796736 3272088576
3906109440 3311161344 3279577088
3925553152 3328647168 3297086464
3914878976 3320242176 3288463360
3908960256 3314528256 3282475008
3894755328 3297464320 3267875840
3907411968 3309899776 3280587776
3896475648 3301515264 3271694336
3898245120 3301318656 3271591936
3912839168 3317620736 3288004608
3896901632 3299782656 3270125568
3896233984 3299581952 3269582848
3908378624 3313594368 3283637248
