3860508672 3261181952 3233769472
3843448832 3244613632 3216899072
3843715072 3244957696 3217145856
3843710976 3244650496 3217062912
3843706880 3244765184 3217108992
3843706880 3244802048 3217168384
3843706880 3244789760 3217180672
3843710976 3244691456 3217070080
3843969024 3245809664 3217387520
3844235264 3246030848 3217566720
3843973120 3245731840 3217342464
3843969024 3245621248 3217304576
3843706880 3245748224 3217283072
3843969024 3245727744 3217328128
3843973120 3246059520 3217454080
3843706880 3247644672 3219201024
3843715072 3247394816 3219030016
3843715072 3245539328 3217177600
3843969024 3247755264 3219398656
3843452928 3247353856 3218945024
3843715072 3245494272 3217055744
3860246528 3260071936 3231683584
3843710976 3245740032 3217208320
3843710976 3245211648 3217076224
3843710976 3243814912 3216745472
3843977216 3244216320 3217136640
3843715072 3246452736 3219089408
3843973120 3244429312 3217169408
3843715072 3246129152 3218925568
3843977216 3244314624 3217183744
3843719168 3244154880 3216849920
3843981312 3246358528 3219083264
