3871780864 3273658368 3245097984
3854721024 3256692736 3228041216
3855798272 3259760640 3231066112
3854983168 3257106432 3228383232
3855241216 3257098240 3228410880
3855241216 3257331712 3228601344
3855253504 3257413632 3228633088
3854983168 3257126912 3228307456
3855241216 3258683392 3228820480
3856031744 3259482112 3229479936
3855769600 3259342848 3229278208
3855503360 3258888192 3228923904
3855241216 3258798080 3228835840
3855503360 3259101184 3229070336
3855245312 3258994688 3228896256
3855503360 3261169664 3230993408
3855249408 3260559360 3230653440
3855523840 3258851328 3228869632
3855241216 3260841984 3230865408
3854987264 3260624896 3230527488
3854725120 3258261504 3228219392
3871780864 3273207808 3243120640
3855245312 3258843136 3228767232
3854983168 3258728448 3228548096
3854458880 3255549952 3227494400
3855249408 3256684544 3228554240
3855249408 3258757120 3230458880
3855245312 3256864768 3228533760
3855249408 3258617856 3230382080
3855249408 3256823808 3228522496
3855253504 3256733696 3228327936
3855253504 3258834944 3230375936
