3922268160 3324698624 3295443968
3896967168 3299590144 3270262784
3909513216 3314241536 3284732928
3898347520 3301003264 3271465984
3911901184 3314630656 3285092352
3897561088 3300392960 3270756352
3897491456 3300773888 3270861824
3897233408 3300343808 3270528000
3898011648 3302600704 3271433216
3897679872 3302391808 3271165952
3897548800 3302641664 3271077888
3907809280 3312529408 3281180672
3899645952 3304353792 3273047040
3908325376 3313053696 3281769472
3895799808 3301253120 3269400576
3918098432 3325440000 3293859840
3898195968 3305140224 3273689088
3910279168 3314909184 3283694592
3910979584 3318116352 3286525952
3897184256 3304255488 3272543232
3906158592 3311353856 3279769600
3925921792 3328901120 3297340416
3915350016 3320623104 3288844288
3909058560 3314782208 3282724864
3895578624 3298418688 3268830208
3907747840 3310120960 3280808960
3896799232 3301978112 3272157184
3898507264 3301474304 3271747584
3912998912 3317919744 3288303616
3898015744 3300782080 3271124992
3897348096 3300564992 3270565888
3908476928 3313831936 3283874816
