3871256576 3273121792 3244565504
3854196736 3256119296 3227504640
3854999552 3259179008 3230498816
3854458880 3256557568 3227875328
3854454784 3256500224 3227824128
3854716928 3256778752 3228077056
3854729216 3256897536 3228132352
3854458880 3256573952 3227780096
3854979072 3258146816 3228311552
3855507456 3258916864 3228963840
3855245312 3258744832 3228728320
3854979072 3258372096 3228436480
3854716928 3258216448 3228276736
3854979072 3258494976 3228502016
3854721024 3258458112 3228396544
3854979072 3260645376 3230484480
3854725120 3260006400 3230135296
3854999552 3258310656 3228357632
3854716928 3260305408 3230342144
3854462976 3260051456 3229965312
3854200832 3257671680 3227667456
3871256576 3272654848 3242585088
3854721024 3258302464 3228241920
3854458880 3258216448 3228062720
3853934592 3255042048 3227003904
3854725120 3256111104 3228002304
3854725120 3258167296 3229894656
3854983168 3256352768 3228046336
3854725120 3258097664 3229879296
3854725120 3256283136 3228003328
3854729216 3256172544 3227785216
3854729216 3258265600 3229837312
