3922898944 3325190144 3295935488
3899064320 3301511168 3272192000
3910004736 3314835456 3285335040
3899748352 3302555648 3273018368
3912753152 3315343360 3285804032
3898941440 3301920768 3272284160
3898949632 3302154240 3272242176
3899068416 3302268928 3272453120
3899396096 3304124416 3272962048
3899568128 3304087552 3272861696
3898941440 3304169472 3272598528
3908202496 3313012736 3281659904
3900215296 3305074688 3273767936
3908718592 3313516544 3282252800
3897421824 3302551552 3270849536
3919142912 3326345216 3294765056
3922124800 3333840896 3302429696
3910737920 3315458048 3284243456
3911507968 3318759424 3287169024
3898556416 3305750528 3274071040
3906793472 3311800320 3280217088
3926392832 3329482752 3297922048
3916046336 3321405440 3289626624
3909812224 3315326976 3283278848
3897212928 3299897344 3270321152
3908132864 3310583808 3281271808
3898425344 3303632896 3273832448
3899207680 3302313984 3272607744
3913613312 3318603776 3288987648
3899404288 3302297600 3272648704
3898716160 3302064128 3272065024
3909206016 3314393088 3284435968
