3884777472 3287265280 3258112000
3867054080 3269611520 3240387584
3869777920 3274473472 3245172736
3868000256 3270524928 3241169920
3869749248 3272187904 3242878976
3867848704 3270615040 3241139200
3867598848 3270651904 3240979456
3867566080 3270307840 3240756224
3868098560 3272499200 3241508864
3868352512 3273105408 3241955328
3868352512 3273265152 3241895936
3868635136 3273236480 3242084352
3868344320 3272843264 3241762816
3868991488 3273527296 3242442752
3867566080 3272818688 3241244672
3870896128 3277680640 3246440448
3867832320 3274588160 3243304960
3869478912 3274022912 3243023360
3869831168 3276546048 3245303808
3867570176 3274477568 3243101184
3868069888 3272785920 3241541632
3885817856 3288457216 3257171968
3870625792 3275464704 3244170240
3869175808 3274235904 3242600448
3867303936 3269853184 3240456192
3868835840 3271172096 3242105856
3867832320 3272552448 3243026432
3868090368 3270721536 3241259008
3870289920 3274825728 3245509632
3867832320 3270479872 3241101312
3867836416 3270643712 3241010176
3868893184 3273822208 3244242944
