3911081984 3313381376 3284126720
3890704384 3293167616 3263840256
3896377344 3301134336 3271625728
3891978240 3294728192 3265190912
3900702720 3303501824 3273963520
3891314688 3294240768 3264604160
3893030912 3296129024 3266216960
3890819072 3293995008 3264189440
3891699712 3296378880 3265214464
3891765248 3296333824 3265107968
3891412992 3296550912 3264987136
3894984704 3299790848 3268448256
3894829056 3299610624 3268303872
3895369728 3300130816 3268846592
3890094080 3295395840 3263554560
3904684032 3311677440 3280100352
3891806208 3298873344 3267422208
3899334656 3304046592 3272837120
3897663488 3304865792 3273280512
3890937856 3298123776 3266416640
3893518336 3298541568 3266957312
3912798208 3315830784 3284270080
3901607936 3306901504 3275122688
3896696832 3302240256 3270194176
3889692672 3292385280 3262797824
3894792192 3297263616 3267952640
3890888704 3295916032 3266096128
3893260288 3296321536 3266594816
3899781120 3304521728 3274909696
3891707904 3294593024 3264935936
3891617792 3294969856 3264973824
3897516032 3302703104 3272745984
