3891027968 3293622272 3264281600
3890098176 3292372992 3263194112
3891011584 3295576064 3265983488
3894652928 3297390592 3267919872
3899121664 3303636992 3274135552
3890659328 3293380608 3263824896
3892269056 3295506432 3265654784
3899609088 3302801408 3272900608
3909267456 3315765248 3284818944
3891200000 3295694848 3264674816
3897815040 3302502400 3271220224
3899531264 3304267776 3272981504
3891195904 3296223232 3264777216
3894423552 3299160064 3267890176
3894083584 3299184640 3267587072
3899924480 3305086976 3273416704
3895115776 3299901440 3268665344
3893260288 3297988608 3266643968
3891875840 3297046528 3265311744
3890716672 3295907840 3264261120
3891326976 3296387072 3264750592
3891400704 3296604160 3264969728
3891032064 3296509952 3264689152
3891113984 3296509952 3264591872
3899117568 3301388288 3272167424
3890053120 3292602368 3263161344
3895111680 3297869824 3268297728
3897704448 3300507648 3270973440
3899965440 3302952960 3273303040
3889537024 3292737536 3262901248
3892084736 3295121408 3265315840
3892998144 3296182272 3266343936
