3944468480 3347042304 3317683200
3976368128 3383500800 3354292224
3961896960 3371507712 3341899776
3975217152 3375906816 3346423808
3968532480 3373125632 3343622144
3964604416 3372208128 3342642176
3953704960 3356864512 3327011840
3970564096 3373780992 3343870976
3964456960 3371114496 3340151808
3943976960 3348377600 3317349376
3966066688 3370860544 3339561984
3971432448 3376054272 3344763904
3944546304 3349475328 3318026240
3959427072 3364036608 3332765696
3957637120 3362729984 3331120128
3967631360 3372789760 3341108224
3957501952 3362291712 3331049472
3955924992 3360591872 3329240064
3946143744 3351240704 3319503872
3944157184 3349438464 3317780480
3944734720 3349893120 3318247424
3945152512 3350237184 3318590464
3944779776 3350122496 3318297600
3945418752 3350999040 3319064576
3969073152 3371372544 3342148608
3942125568 3344723968 3315275776
3959984128 3362873344 3333293056
3962482688 3365371904 3335818240
3966312448 3369160704 3339499520
3941502976 3344764928 3314907136
3946860544 3349987328 3320178688
3947094016 3350114304 3320275968
