3861536768 3263578112 3234723840
3861008384 3263033344 3234244608
3861798912 3265789952 3236825088
3861979136 3264065536 3235159040
3861659648 3265871872 3236965376
3861008384 3263254528 3234229248
3861364736 3263713280 3234670592
3862237184 3264593920 3235444736
3862056960 3267903488 3237701632
3861536768 3265474560 3235061760
3862237184 3266097152 3235781632
3862478848 3266334720 3235876864
3862056960 3266166784 3235529728
3860983808 3264909312 3234467840
3861446656 3265519616 3234947072
3861917696 3266048000 3235414016
3862315008 3265945600 3235662848
3861602304 3265638400 3235112960
3861946368 3265925120 3235422208
3861053440 3265183744 3234586624
3862077440 3265884160 3235411968
3861803008 3265912832 3235284992
3861557248 3265548288 3235038208
3861553152 3265675264 3234958336
3862577152 3264036864 3235645440
3861278720 3262914560 3234286592
3862171648 3263819776 3235237888
3861262336 3263184896 3234514944
3862753280 3264692224 3235971072
3860754432 3263012864 3234073600
3861803008 3263737856 3235089408
3862323200 3264372736 3235614720
