3885916160 3288576000 3259236352
3885125632 3287334912 3258157056
3885916160 3290513408 3260928000
3888701440 3291275264 3261807616
3891286016 3296006144 3266507776
3885387776 3288096768 3258541056
3886772224 3289960448 3260115968
3892011008 3295358976 3265459200
3903766528 3310481408 3279535104
3885654016 3290071040 3259052032
3890962432 3295756288 3264474112
3892092928 3296944128 3265660928
3886436352 3291242496 3259796480
3888181248 3292930048 3261660160
3887648768 3292692480 3261097984
3890921472 3296276480 3264611328
3888205824 3292946432 3261710336
3887394816 3292237824 3260893184
3886637056 3291770880 3260036096
3885506560 3290615808 3258973184
3886194688 3291267072 3259630592
3886182400 3291389952 3259755520
3885936640 3291385856 3259569152
3885670400 3291164672 3259252736
3891802112 3294224384 3265007616
3885133824 3287621632 3258180608
3888848896 3291746304 3262174208
3889315840 3292086272 3262556160
3891200000 3294040064 3264394240
3884609536 3287736320 3257900032
3886718976 3289837568 3260032000
3887226880 3290402816 3260564480
