3911012352 3313623040 3284281344
3931459584 3338407936 3309222912
3911176192 3315970048 3286373376
3936829440 3337486336 3308015616
3925299200 3329880064 3300377600
3910758400 3313500160 3283941376
3917099008 3320291328 3290438656
3926413312 3329613824 3299703808
3929587712 3336138752 3305189376
3911139328 3315605504 3284585472
3923755008 3328528384 3297245184
3926417408 3331248128 3299961856
3911589888 3316506624 3285060608
3919552512 3324227584 3292957696
3918077952 3323146240 3291547648
3924656128 3329847296 3298173952
3918454784 3323260928 3292018688
3917410304 3322130432 3290785792
3912081408 3317190656 3285455872
3910864896 3315908608 3284260864
3911196672 3316191232 3284554752
3912040448 3317174272 3285534720
3911114752 3316510720 3284685824
3911229440 3316629504 3284703232
3925618688 3327926272 3298705408
3909496832 3312173056 3282732032
3919986688 3322773504 3293201408
3921551360 3324325888 3294791680
3923828736 3326636032 3296983040
3909234688 3312328704 3282482176
3912933376 3315994624 3286185984
3913138176 3316375552 3286537216
