3900690432 3303301120 3273959424
3899363328 3301814272 3272629248
3900395520 3305115648 3275518976
3925377024 3325861888 3296403456
3913338880 3317972992 3288470528
3900289024 3303157760 3273598976
3905884160 3308941312 3279100928
3914346496 3317616640 3287717888
3918798848 3325583360 3294633984
3900944384 3305271296 3274251264
3912142848 3317010432 3285727232
3914543104 3319209984 3287923712
3901845504 3306639360 3275193344
3908354048 3313143808 3281886208
3907186688 3312353280 3280766976
3912794112 3318075392 3286402048
3908878336 3313479680 3282245632
3906699264 3311525888 3280181248
3901935616 3307159552 3275424768
3900203008 3305541632 3273893888
3900661760 3305885696 3274249216
3900887040 3306242048 3274602496
3900858368 3306119168 3274298368
3900694528 3306229760 3274311680
3913703424 3316072448 3286851584
3899691008 3302268928 3272827904
3908882432 3311734784 3282162688
3910373376 3312996352 3283462144
3912220672 3315138560 3285485568
3900174336 3303161856 3273319424
3902017536 3305181184 3275375616
3902181376 3305353216 3275514880
