3884605440 3287072768 3257733120
3883552768 3285876736 3256698880
3884343296 3289038848 3259454464
3886981120 3289608192 3260141568
3889364992 3294056448 3264562176
3883814912 3286593536 3257037824
3885150208 3288391680 3258547200
3890323456 3293466624 3263566848
3902455808 3309015040 3278068736
3884081152 3288612864 3257593856
3889123328 3293962240 3262681088
3890147328 3295006720 3263727616
3884863488 3289726976 3258281984
3886440448 3291230208 3259960320
3885965312 3291066368 3259474944
3889045504 3294408704 3262743552
3886821376 3291385856 3260149760
3885740032 3290628096 3259283456
3885064192 3290193920 3258459136
3883933696 3289092096 3257453568
3884621824 3289837568 3258204160
3884609536 3289874432 3258240000
3884625920 3289878528 3258064896
3884097536 3289661440 3257753600
3889926144 3292352512 3263135744
3883560960 3286118400 3256677376
3887144960 3290079232 3260507136
3887513600 3290357760 3260827648
3889385472 3292241920 3262596096
3883036672 3286265856 3256429568
3885146112 3288350720 3258549248
3885654016 3288838144 3258999808
