3848429568 3250028544 3221800960
3848425472 3250073600 3221786624
3848691712 3252375552 3223977984
3848949760 3250589696 3222223872
3848687616 3252215808 3223841792
3848425472 3250221056 3221746688
3848683520 3250294784 3221888000
3848949760 3250638848 3222158336
3848949760 3254083584 3224669184
3848953856 3251900416 3222393856
3849216000 3252072448 3222571008
3848945664 3251982336 3222405120
3849211904 3252146176 3222605824
3848429568 3251486720 3221835776
3848691712 3251728384 3222154240
3848695808 3252043776 3222313984
3849224192 3252162560 3222622208
3848695808 3251757056 3222181888
3848953856 3251900416 3222388736
3848433664 3251638272 3221995520
3849220096 3252084736 3222565888
3848957952 3252215808 3222551552
3848699904 3251867648 3222199296
3848957952 3252076544 3222478848
3849220096 3250040832 3222213632
3848433664 3249594368 3221641216
3848953856 3250053120 3222117376
3848433664 3249700864 3221654528
3849220096 3250475008 3222495232
3848433664 3249569792 3221541888
3849482240 3250573312 3222601728
3849478144 3250642944 3222629376
