3902500864 3305168896 3275827200
3901825024 3304251392 3275090944
3902840832 3307601920 3278005248
3925745664 3326353408 3296882688
3914190848 3318718464 3289216000
3902562304 3305259008 3275700224
3906207744 3309379584 3279526912
3915186176 3318329344 3288419328
3920871424 3327463424 3296514048
3903303680 3307749376 3276729344
3912888320 3317600256 3286317056
3915145216 3319947264 3288660992
3904208896 3309117440 3277671424
3909058560 3313709056 3282439168
3907805184 3312832512 3281233920
3913633792 3318779904 3287106560
3909214208 3313946624 3282704384
3907297280 3311972352 3280627712
3904294912 3309608960 3277874176
3902955520 3307995136 3276347392
3903139840 3308339200 3276702720
3903627264 3308695552 3277060096
3902545920 3307974656 3276166144
3902656512 3308126208 3276199936
3914518528 3316760576 3287539712
3901050880 3303780352 3274339328
3909537792 3312254976 3282682880
3910864896 3313590272 3284064256
3912953856 3315724288 3286079488
3902533632 3305578496 3275760640
3904638976 3307659264 3277850624
3904000000 3307266048 3277448192
