3845545984 3246366720 3218755584
3845541888 3246641152 3218774016
3845545984 3248857088 3220832256
3845804032 3246968832 3219092480
3845541888 3248713728 3220775936
3845541888 3246768128 3218751488
3845537792 3246804992 3218890752
3845804032 3246981120 3219089408
3845804032 3250188288 3221489664
3845808128 3248173056 3219272704
3845808128 3248283648 3219300352
3845799936 3248287744 3219281920
3846066176 3248558080 3219490816
3845283840 3247779840 3218824192
3845545984 3248242688 3219197952
3845812224 3248046080 3219132416
3845816320 3248422912 3219403776
3845550080 3248111616 3219088384
3845808128 3248107520 3219203072
3845550080 3248181248 3219031040
3846074368 3248300032 3219381248
3845812224 3248406528 3219316736
3845554176 3247988736 3218946048
3845812224 3248189440 3219332096
3845812224 3246456832 3219019776
3845550080 3246243840 3218622464
3845808128 3246559232 3218920448
3845550080 3246411776 3218718720
3846074368 3246948352 3219254272
3845287936 3246297088 3218579456
3846074368 3246940160 3219314688
3846070272 3246792704 3219219456
