3873857536 3276410880 3247133696
3873067008 3275399168 3246311424
3874119680 3278573568 3249181696
3875663872 3278340096 3248899072
3876941824 3281457152 3252143104
3873329152 3276128256 3246601216
3874361344 3277348864 3247633408
3877642240 3280789504 3250980864
3891707904 3298316288 3267386368
3873857536 3278245888 3247237120
3877113856 3281711104 3250487296
3877523456 3282296832 3251057664
3874377728 3279122432 3247707136
3875176448 3279843328 3248744448
3874635776 3279769600 3248243712
3877224448 3282313216 3250741248
3875745792 3280273408 3249141760
3874865152 3279589376 3248280576
3874316288 3279532032 3247902720
3873447936 3278647296 3247059968
3874398208 3279577088 3248003072
3874123776 3279261696 3247704064
3873878016 3279089664 3247385600
3873873920 3278979072 3247293440
3877699584 3280080896 3250887680
3873075200 3275640832 3246278656
3875917824 3278610432 3249116160
3875651584 3278385152 3248942080
3877355520 3280146432 3250568192
3872813056 3275948032 3246172160
3874398208 3277283328 3247753216
3874906112 3278041088 3248284672
