3869925376 3272531968 3243215872
3869134848 3271540736 3242419200
3870187520 3274858496 3245345792
3871428608 3274039296 3244631040
3872391168 3276943360 3247546368
3869396992 3272237056 3242753024
3870306304 3273314304 3243609088
3872890880 3275952128 3246200832
3887775744 3294105600 3263234048
3869925376 3274334208 3243348992
3872473088 3277070336 3245902848
3873021952 3277717504 3246545920
3870445568 3275231232 3243857920
3870896128 3275571200 3244395520
3870531584 3275390976 3243965440
3872497664 3277635584 3246152704
3871715328 3276222464 3245122560
3870691328 3275313152 3244058624
3870646272 3275587584 3244035072
3869515776 3274559488 3243073536
3870466048 3275481088 3244025856
3870191616 3275227136 3243767808
3869945856 3275055104 3243457536
3869941760 3275079680 3243395072
3872911360 3275317248 3246177280
3869405184 3271954432 3242638336
3871645696 3274203136 3244777472
3871281152 3273932800 3244554240
3872796672 3275485184 3246003200
3869143040 3272138752 3242417152
3870466048 3273433088 3243785216
3870973952 3273932800 3244242944
