3861012480 3263123456 3234320384
3860484096 3262636032 3233865728
3861274624 3265384448 3236448256
3861430272 3263610880 3234720768
3861360640 3265433600 3236548608
3860484096 3262853120 3233841152
3861090304 3263307776 3234284544
3861626880 3264114688 3234979840
3861794816 3267477504 3237298176
3861274624 3265024000 3234649088
3861925888 3265642496 3235353600
3861905408 3265896448 3235467264
3861532672 3265748992 3235133440
3860684800 3264483328 3234061312
3860897792 3265064960 3234514944
3861331968 3265556480 3234967552
3861753856 3265482752 3235228672
3861340160 3265228800 3234735104
3861671936 3265482752 3235010560
3860779008 3264749568 3234179072
3861553152 3265470464 3235027968
3861278720 3265503232 3234893824
3861032960 3265134592 3234642944
3861028864 3265265664 3234586624
3861991424 3263549440 3235186688
3860754432 3262480384 3233873920
3861622784 3263389696 3234836480
3860963328 3262771200 3234114560
3862429696 3264208896 3235514368
3860492288 3262586880 3233674240
3861540864 3263295488 3234676736
3862061056 3264004096 3235263488
