3888799744 3291262976 3261922304
3887747072 3290112000 3260933120
3888537600 3293237248 3263644672
3892477952 3295031296 3265563648
3895713792 3300339712 3270838272
3888009216 3290820608 3261264896
3889811456 3292901376 3263049728
3896528896 3299807232 3269906432
3906650112 3313315840 3282369536
3888537600 3292889088 3261869056
3895115776 3299872768 3268590592
3896582144 3301425152 3270138880
3889057792 3293990912 3262544896
3891855360 3296686080 3265416192
3891118080 3296288768 3264691200
3895865344 3301089280 3269419008
3891924992 3296567296 3265331200
3890475008 3295297536 3263952896
3889258496 3294523392 3262788608
3888390144 3293454336 3261811712
3888816128 3294023680 3262387200
3889065984 3294142464 3262508032
3888820224 3294150656 3262329856
3888553984 3294052352 3262134272
3896131584 3298463744 3269242880
3887755264 3290456064 3261015040
3892666368 3295506432 3265934336
3893964800 3296632832 3267098624
3895791616 3298582528 3268932608
3887493120 3290566656 3260730368
3889602560 3292704768 3262899200
3890110464 3293151232 3263312896
