1310658560 333086720 313375744
1311711232 333099008 313361408
1311707136 333103104 313359360
1311719424 333107200 313363456
1312800768 333082624 313326592
1312776192 333103104 313349120
1311686656 333099008 313349120
1311707136 333094912 313345024
1313906688 335183872 315411456
1313906688 333090816 313326592
1312837632 333086720 313326592
1312837632 333086720 313326592
1312837632 333090816 313330688
1312837632 333090816 313330688
1311768576 333086720 313330688
1311768576 333086720 313330688
1314963456 333111296 313340928
1314967552 333107200 313338880
1313898496 333082624 313318400
1313898496 333115392 313351168
1313898496 333107200 313342976
1313898496 333107200 313342976
1312829440 333103104 313342976
1312829440 333107200 313347072
1313898496 333119488 313359360
1313894400 333090816 313330688
1312829440 333111296 313355264
1312776192 333115392 313359360
1312755712 333107200 313361408
1312755712 333111296 313361408
1311711232 333103104 313367552
1310629888 333090816 313381888
