3886440448 3289022464 3259682816
3885387776 3287769088 3258591232
3886178304 3290935296 3261349888
3889000448 3291815936 3262348288
3891920896 3296591872 3267093504
3885649920 3288530944 3258975232
3887329280 3290443776 3260599296
3892645888 3295956992 3266057216
3904290816 3310940160 3279993856
3886178304 3290513408 3259494400
3891572736 3296313344 3265031168
3892727808 3297538048 3266254848
3886698496 3291701248 3260255232
3888754688 3293470720 3262200832
3887955968 3293184000 3261589504
3891552256 3296849920 3265184768
3888775168 3293429760 3262193664
3887943680 3292680192 3261335552
3886899200 3292233728 3260498944
3886030848 3291103232 3259460608
3886456832 3291709440 3260072960
3886706688 3291852800 3260218368
3886460928 3291824128 3260007424
3886194688 3291648000 3259736064
3892424704 3294773248 3265556480
3885395968 3288080384 3258639360
3889422336 3292237824 3262665728
3889913856 3292631040 3263100928
3891548160 3294584832 3264939008
3885133824 3288207360 3258371072
3887243264 3290320896 3260515328
3887751168 3290849280 3261010944
