3887226880 3289833472 3260493824
3886174208 3288604672 3259425792
3887226880 3291783168 3262194688
3890130944 3292798976 3263331328
3892936704 3297669120 3268170752
3886698496 3289350144 3259794432
3888140288 3291316224 3261467648
3893936128 3297083392 3267183616
3905077248 3311845376 3280899072
3886964736 3291373568 3260354560
3892539392 3297394688 3266112512
3894005760 3298668544 3267385344
3887747072 3292553216 3261107200
3889651712 3294416896 3263147008
3889078272 3294109696 3262512128
3892559872 3297906688 3266241536
3889623040 3294380032 3263143936
3888791552 3293638656 3262294016
3887947776 3293073408 3261338624
3886817280 3291963392 3260320768
3887505408 3292557312 3260920832
3887493120 3292688384 3261053952
3887247360 3292721152 3260904448
3886981120 3292557312 3260645376
3893403648 3295846400 3266625536
3886444544 3288956928 3259515904
3890282496 3293188096 3263616000
3890855936 3293659136 3264124928
3892764672 3295653888 3266008064
3885920256 3289100288 3259264000
3888029696 3291197440 3261391872
3888537600 3291713536 3261875200
