3930247168 3332792320 3303437312
3946422272 3353542656 3324340224
3951853568 3361325056 3331721216
3953192960 3353939968 3324457984
3944787968 3349319680 3319817216
3954593792 3362209792 3332643840
3932147712 3335401472 3305552896
3946151936 3349319680 3319409664
3949080576 3355660288 3324697600
3929821184 3334221824 3303193600
3942993920 3347709952 3316412416
3946872832 3351695360 3320406016
3929706496 3334664192 3303220224
3936796672 3341508608 3310237696
3935408128 3340460032 3308854272
3943849984 3348996096 3317322752
3935576064 3340304384 3309066240
3934314496 3339231232 3307883520
3930796032 3336241152 3304505344
3929366528 3334701056 3303051264
3929546752 3334787072 3303142400
3930284032 3335409664 3303762944
3929948160 3335389184 3303564288
3930472448 3336065024 3304130560
3945390080 3347890176 3318666240
3927781376 3330465792 3301017600
3937656832 3340447744 3310878720
3939631104 3342458880 3312916480
3943018496 3345788928 3316127744
3927470080 3330576384 3300718592
3931537408 3334725632 3304916992
3931721728 3335024640 3305186304
