3912638464 3310997504 3281758208
3911520256 3312013312 3282786304
3870187520 3272781824 3243383808
3928756224 3325153280 3295716352
3873423360 3276120064 3246714880
3870441472 3273216000 3243689984
3920302080 3319123968 3289418752
3874086912 3276886016 3247331328
3871313920 3275657216 3244703744
3871293440 3275804672 3244704768
3870482432 3275145216 3243897856
3870674944 3275149312 3244015616
3870449664 3275063296 3243851776
3873050624 3277479936 3246432256
3872284672 3277316096 3245863936
3869401088 3274473472 3242924032
3871150080 3275935744 3244627968
3869929472 3274788864 3243479040
3870191616 3275284480 3243682816
3870351360 3275345920 3243926528
3870973952 3275862016 3244354560
3869663232 3274719232 3243150336
3869765632 3275071488 3243396096
3870453760 3275665408 3243960320
3869929472 3272392704 3243038720
3869503488 3271999488 3242771456
3920117760 3316461568 3287038976
3872096256 3274809344 3245349888
3870453760 3273191424 3243580416
3870457856 3273187328 3243705344
3869933568 3273117696 3243254784
3870658560 3273576448 3243943936
