3900669952 3298275328 3269724160
3900649472 3300462592 3271793664
3859177472 3261214720 3232441344
3917721600 3313647616 3284813824
3859886080 3261853696 3233061888
3859431424 3261497344 3232577536
3909292032 3307417600 3278518272
3859886080 3262160896 3233264640
3859222528 3262676992 3232681984
3859230720 3262939136 3232724992
3859447808 3263098880 3232940032
3858710528 3262586880 3232314368
3859177472 3262951424 3232718848
3859886080 3263520768 3233275904
3859619840 3263418368 3233080320
3858391040 3262267392 3231870976
3859197952 3262808064 3232689152
3858919424 3262705664 3232494592
3859443712 3263279104 3232881664
3859230720 3262861312 3232590848
3859480576 3263160320 3232932864
3858653184 3262705664 3232278528
3858993152 3262746624 3232403456
3859443712 3263406080 3232869376
3858919424 3260571648 3232043008
3858718720 3260170240 3231740928
3908784128 3304292352 3275883520
3859259392 3261079552 3232504832
3859443712 3261100032 3232528384
3859709952 3261341696 3232765952
3859185664 3260878848 3232288768
3859300352 3261280256 3232623616
