3966611456 3364892672 3335622656
3954343936 3354652672 3325389824
3937656832 3338473472 3308986368
3971772416 3368267776 3338744832
3940556800 3343265792 3313742848
3922227200 3325153280 3295517696
3969654784 3368923136 3339019264
3944300544 3347324928 3317549056
3931230208 3335806976 3304814592
3931910144 3336556544 3305425920
3921805312 3326644224 3295278080
3931480064 3336073216 3304827904
3928580096 3333431296 3302105088
3938750464 3343462400 3312289792
3936681984 3341737984 3310109696
3920052224 3325280256 3293577216
3931484160 3336200192 3304821760
3920756736 3325648896 3294237696
3920334848 3325468672 3293771776
3928014848 3333009408 3301450752
3929255936 3334426624 3302752256
3919437824 3324649472 3293065216
3920343040 3325964288 3294091264
3921666048 3327197184 3295387648
3919855616 3322580992 3293131776
3920879616 3323367424 3294024704
3978616832 3381190656 3351585792
3936473088 3339165696 3309566976
3919622144 3322810368 3293041664
3921321984 3324108800 3294599168
3920023552 3323342848 3293319168
3928461312 3331674112 3301827584
