3902316544 3300073472 3271487488
3902259200 3302256640 3273561088
3860750336 3262885888 3234084864
3919581184 3315380224 3286616064
3861688320 3263868928 3235018752
3861004288 3263270912 3234255872
3911127040 3309170688 3280257024
3861975040 3264196608 3235251200
3860856832 3264389120 3234488320
3861127168 3264905216 3234548736
3861307392 3264905216 3234622464
3860594688 3264229376 3234091008
3861012480 3264802816 3234461696
3861676032 3265536000 3235222528
3861409792 3265515520 3235035136
3859963904 3264135168 3233561600
3861082112 3264753664 3234503680
3860754432 3264581632 3234183168
3861016576 3265052672 3234561024
3860852736 3264798720 3234408448
3861364736 3264880640 3234707456
3860488192 3264614400 3233980416
3860590592 3264688128 3234193408
3861016576 3265310720 3234626560
3860492288 3262398464 3233751040
3860316160 3261825024 3233491968
3910656000 3305979904 3277649920
3861229568 3263086592 3234363392
3861016576 3262922752 3234250752
3861282816 3263242240 3234536448
3860758528 3262742528 3234006016
3861196800 3263197184 3234414592
