3967135744 3365584896 3336314880
3959906304 3360366592 3331103744
3943927808 3344547840 3315089408
3977412608 3374084096 3344561152
3941801984 3344515072 3314992128
3928309760 3331313664 3301694464
3975839744 3374931968 3345028096
3945984000 3348955136 3319179264
3931795456 3336273920 3305277440
3932127232 3336929280 3305802752
3927912448 3332780032 3301458944
3931832320 3336572928 3305327616
3928928256 3333652480 3302326272
3940020224 3344683008 3313510400
3937300480 3342553088 3310924800
3925721088 3330957312 3299251200
3931762688 3336626176 3305247744
3926736896 3331674112 3300262912
3926192128 3331485696 3299731456
3946905600 3356786688 3325232128
3929530368 3334598656 3302924288
3925196800 3330801664 3299004416
3926441984 3331960832 3300109312
3928010752 3333468160 3301543936
3925430272 3328159744 3298710528
3926683648 3329064960 3299734528
3978797056 3381526528 3351921664
3937042432 3339862016 3310275584
3942608896 3343568896 3313804288
3927351296 3330342912 3300707328
3925659648 3328987136 3298954240
3928760320 3331866624 3302020096
