3910037504 3308351488 3279174656
3909423104 3309674496 3280495616
3867828224 3270266880 3240979456
3926396928 3322863616 3293512704
3870666752 3273117696 3243808768
3868082176 3270754304 3241319424
3917942784 3316772864 3287208960
3870982144 3273691136 3244290048
3868573696 3272941568 3242113024
3868774400 3273183232 3242169344
3868123136 3272667136 3241563136
3868135424 3272495104 3241494528
3868090368 3272585216 3241496576
3870101504 3274608640 3243649024
3869732864 3274498048 3243194368
3867041792 3272048640 3240637440
3868635136 3273211904 3242067968
3867570176 3272314880 3241134080
3867832320 3272818688 3241346048
3867992064 3272863744 3241578496
3868614656 3273297920 3241977856
3867303936 3272265728 3240816640
3867668480 3272507392 3241091072
3868094464 3273220096 3241725952
3867570176 3269931008 3240682496
3867144192 3269558272 3240422400
3917758464 3313995776 3284691968
3869433856 3271987200 3242648576
3868094464 3270774784 3241285632
3868360704 3270819840 3241465856
3867574272 3270533120 3240880128
3868299264 3270959104 3241480192
