3980537856 3379007488 3349737472
3969232896 3369684992 3340422144
3953381376 3354042368 3324555264
3987275776 3383939072 3354416128
3956690944 3359305728 3329782784
3937988608 3340947456 3311311872
3985072128 3384176640 3354272768
3961135104 3364057088 3334281216
3945046016 3349524480 3318524928
3945160704 3349999616 3318852608
3937464320 3342344192 3310970880
3944988672 3349725184 3318478848
3942023168 3346841600 3315515392
3954397184 3359047680 3327875072
3951165440 3356397568 3324769280
3935027200 3340165120 3308459008
3944947712 3349831680 3318440960
3936714752 3341668352 3310240768
3935604736 3340890112 3309131776
3961667584 3371556864 3339983872
3942449152 3347554304 3315879936
3935043584 3340492800 3308695552
3936419840 3341844480 3309964288
3937603584 3343060992 3311128576
3935145984 3337736192 3308277760
3936051200 3338448896 3309105152
3991691264 3394416640 3364801536
3951116288 3354013696 3324410880
3951906816 3352846336 3323077632
3937112064 3339911168 3310271488
3934920704 3338129408 3308096512
3941347328 3344470016 3314617344
