3921694720 3319984128 3290720256
3919646720 3320139776 3290878976
3878576128 3281145856 3251672064
3936882688 3333423104 3303916544
3883094016 3285811200 3256304640
3878830080 3281735680 3252127744
3928166400 3327369216 3297511424
3884154880 3287011328 3257331712
3879723008 3284217856 3253226496
3880067072 3284480000 3253359616
3878871040 3283505152 3252172800
3879239680 3284037632 3252807680
3878674432 3283468288 3252161536
3882487808 3287150592 3256007680
3881816064 3286839296 3255229440
3877527552 3282657280 3250980864
3879755776 3284586496 3253210112
3878055936 3282993152 3251599360
3878580224 3283656704 3251924992
3878477824 3283558400 3252018176
3879362560 3284418560 3252773888
3877789696 3283050496 3251342336
3878154240 3283513344 3251667968
3878842368 3284201472 3252308992
3878055936 3280666624 3251230720
3877892096 3280408576 3251092480
3928403968 3324948480 3295360000
3881177088 3284111360 3254534144
3878318080 3281309696 3251576832
3878584320 3281485824 3251867648
3878060032 3281399808 3251397632
3879047168 3282108416 3252288512
