3994570752 3396722688 3367446528
3984248832 3384578048 3355315200
3984961536 3383455744 3353967616
4001435648 3397963776 3368439808
3971670016 3374305280 3344778240
3970326528 3371130880 3341495296
3999068160 3398291456 3368386560
3977015296 3380154368 3350377472
3957985280 3362406400 3331391488
3957489664 3362156544 3331007488
3952431104 3357257728 3325876224
3958415360 3363028992 3331782656
3954368512 3359068160 3327740928
3994255360 3403612160 3372439552
3964866560 3370016768 3338384384
3949006848 3354230784 3322523648
3958218752 3363082240 3331682304
3950886912 3355693056 3324263424
3950604288 3355799552 3324037120
3977588736 3387355136 3355769856
3954995200 3360268288 3328593920
3948904448 3354251264 3322445824
3949993984 3355557888 3323669504
3952263168 3357855744 3325920256
3948457984 3351195648 3321732096
3950383104 3352948736 3323597824
4004720640 3407319040 3377685504
3964932096 3367759872 3338152960
3966300160 3367374848 3337606144
3951652864 3354636288 3324996608
3973623808 3381727232 3351694336
3953545216 3356762112 3326902272
