3994087424 3396227072 3366950912
3981320192 3381657600 3352398848
3982557184 3381059584 3351575552
3999539200 3396067328 3366543360
3971043328 3373633536 3344106496
3967295488 3368079360 3338443776
3997212672 3396464640 3366559744
3975733248 3378855936 3349091328
3957600256 3362009088 3331006464
3957190656 3361869824 3330720768
3950518272 3355320320 3323947008
3958054912 3362664448 3331418112
3954057216 3358740480 3327413248
3988946944 3398275072 3367114752
3964395520 3369537536 3337917440
3946635264 3351879680 3320172544
3957874688 3362717696 3331317760
3948986368 3353817088 3322387456
3948195840 3353378816 3321616384
3977326592 3387084800 3355499520
3954708480 3359985664 3328311296
3946520576 3351842816 3320041472
3947630592 3353198592 3321310208
3950059520 3355422720 3323490304
3946139648 3348873216 3319409664
3948003328 3350552576 3321201664
4003848192 3406446592 3376813056
3963899904 3366719488 3337124864
3963875328 3364945920 3335177216
3949719552 3352678400 3323038720
3973361664 3381456896 3351428096
3953283072 3356516352 3326656512
