3935997952 3334324224 3305054208
3932229632 3332599808 3303336960
3897700352 3300257792 3270770688
3949465600 3345920000 3316398080
3907690496 3310325760 3280803840
3898507264 3301236736 3271612416
3948359680 3347357696 3317985280
3915399168 3318329344 3288557568
3900309504 3304677376 3274205184
3906838528 3311603712 3280477184
3898224640 3302912000 3271546880
3906375680 3310993408 3279749120
3904651264 3309527040 3278208000
3907338240 3311968256 3280796672
3910012928 3315240960 3283612672
3896381440 3301666816 3269967872
3906490368 3311439872 3280061440
3897323520 3302154240 3271275520
3897237504 3302342656 3270588416
3897954304 3303002112 3271446528
3905163264 3310243840 3278587904
3896324096 3301695488 3269905408
3897204736 3302551552 3270681600
3898056704 3303559168 3271643136
3896717312 3299221504 3270296576
3897487360 3299880960 3270702080
3955367936 3357978624 3328376832
3909771264 3312668672 3283080192
3897098240 3300110336 3270386688
3897958400 3300704256 3271074816
3896619008 3300020224 3270000640
3904872448 3307892736 3278046208
