4005396480 3409653760 3380381696
3991273472 3391614976 3362351104
3992756224 3391250432 3361769472
4009136128 3405725696 3376200704
3984596992 3387285504 3357757440
3977691136 3378601984 3348973568
4006551552 3405770752 3375868928
3990228992 3393150976 3363374080
3969523712 3373985792 3342979072
3968892928 3373576192 3342431232
3960184832 3365130240 3333755904
3968806912 3373412352 3342177280
3984465920 3393912832 3362573312
4005531648 3414720512 3383555072
3976974336 3382222848 3350583296
3956432896 3361689600 3329971200
3969105920 3374043136 3342646272
3958534144 3363434496 3332007936
3957710848 3362959360 3331220480
3993124864 3402878976 3371289600
3966550016 3371601920 3339925504
3956359168 3361669120 3329905664
3957608448 3363209216 3331323904
3960119296 3365806080 3333874688
3955843072 3358605312 3329144832
3957952512 3360563200 3331211264
4015374336 3417980928 3388343296
3976536064 3379384320 3349789696
3973967872 3375128576 3345363968
3959427072 3362476032 3332828160
3983757312 3391811584 3361782784
3964055552 3367321600 3337465856
