3885936640 3288207360 3259003904
3873189888 3277287424 3248251904
3870978048 3273699328 3244255232
3869405184 3272073216 3242656768
3872124928 3274952704 3245570048
3870351360 3273003008 3243688960
3869921280 3272982528 3243274240
3869659136 3272654848 3243027456
3869945856 3276234752 3245394944
3869134848 3275599872 3244532736
3869663232 3274440704 3243089920
3869138944 3273715712 3242587136
3869663232 3274125312 3243059200
3870195712 3274874880 3243768832
3875217408 3279785984 3248610304
3920039936 3323015168 3291439104
3871297536 3275915264 3244824576
3871367168 3276226560 3244950528
3869401088 3276378112 3244882944
3869401088 3274223616 3242863616
3869315072 3274129408 3242726400
3869405184 3274203136 3242800128
3873443840 3280683008 3249094656
3869667328 3275038720 3243152384
3872186368 3274489856 3245460480
3871416320 3273805824 3244540928
3870765056 3273637888 3244180480
3871227904 3273904128 3244410880
3869405184 3274174464 3244617728
3869933568 3274670080 3245184000
3871633408 3274452992 3244876800
3869405184 3274506240 3244791808
