3905597440 3308019712 3278768128
3901460480 3305558016 3276430336
3893456896 3296108544 3266571264
3890114560 3292786688 3263304704
3898032128 3300810752 3271301120
3892940800 3295670272 3266177024
3890917376 3293990912 3264118784
3889844224 3293016064 3263213568
3890581504 3297005568 3266043904
3889057792 3295666176 3264544768
3889848320 3294638080 3263215616
3889324032 3295739904 3264465920
3891421184 3296194560 3264834560
3890642944 3295281152 3264038912
3903782912 3308789760 3277313024
3940487168 3343765504 3312011264
3894607872 3299213312 3267999744
3894788096 3299569664 3268171776
3888803840 3296137216 3264442368
3889324032 3296264192 3264668672
3889897472 3294949376 3263361024
3889852416 3294904320 3263269888
3901677568 3309228032 3277251584
3889852416 3295416320 3263321088
3895414784 3297763328 3268484096
3893907456 3296579584 3267179520
3893444608 3296378880 3266696192
3892670464 3295690752 3266038784
3889590272 3294523392 3264730112
3890118656 3295100928 3265368064
3894325248 3297558528 3267679232
3891425280 3296784384 3266851840
