3903762432 3306287104 3277035520
3897516032 3301769216 3272641536
3891351552 3294031872 3264494592
3887755264 3290513408 3261031424
3894996992 3297927168 3268417536
3889369088 3292217344 3262724096
3888533504 3291668480 3261799424
3888271360 3291271168 3261471744
3889004544 3295232000 3264271360
3887222784 3293908992 3262788608
3888013312 3292921856 3261500416
3887489024 3294015488 3262742528
3888013312 3292893184 3261533184
3888807936 3293544448 3262302208
3899846656 3305037824 3273562112
3938127872 3341451264 3309700096
3892305920 3296940032 3265726464
3892277248 3297128448 3265731584
3887226880 3294380032 3262686208
3887489024 3292708864 3261120512
3888005120 3293077504 3261489152
3887493120 3292606464 3260975104
3897352192 3305058304 3273084928
3888017408 3293667328 3261572096
3892854784 3295268864 3265989632
3891793920 3294265344 3264866304
3889979392 3292909568 3263226880
3890720768 3293569024 3263918080
3887755264 3292717056 3262923776
3888283648 3293310976 3263578112
3891851264 3295133696 3265254400
3888226304 3293388800 3263460352
