3949293568 3351797760 3322562560
3963600896 3367825408 3338691584
3947114496 3349897216 3320359936
3934072832 3336675328 3307190272
3958267904 3361169408 3331657728
3943940096 3346731008 3317232640
3935449088 3338620928 3308743680
3933569024 3336638464 3306841088
3942125568 3348418560 3317443584
3932577792 3339321344 3308198912
3934007296 3338792960 3307530240
3933544448 3339919360 3308664832
3935391744 3340148736 3308783616
3935760384 3340505088 3309245440
3998650368 3408437248 3376946176
3983699968 3388870656 3357116416
3950886912 3355537408 3324316672
3950641152 3355545600 3324146688
3931930624 3339104256 3307494400
3934261248 3341238272 3309629440
3941101568 3346284544 3314683904
3934314496 3339489280 3307832320
3977023488 3387265024 3355283456
3933528064 3339382784 3307262976
3951247360 3353796608 3324513280
3949264896 3351764992 3322359808
3944185856 3347353600 3317658624
3945488384 3348402176 3318733824
3958546432 3368259584 3338455040
3934244864 3339284480 3309549568
3949621248 3352723456 3322827776
3941945344 3347230720 3317279744
