3842142208 3244355584 3217456128
3842134016 3244605440 3217354752
3842138112 3242717184 3215491072
3842142208 3242692608 3215459328
3842134016 3242807296 3215594496
3842134016 3242557440 3215444992
3842396160 3242606592 3215627264
3842396160 3242786816 3215642624
3842134016 3245309952 3217624064
3842134016 3245735936 3217751040
3842400256 3243511808 3215705088
3842400256 3243515904 3215714304
3842138112 3243524096 3215649792
3842396160 3243606016 3215849472
3842400256 3243618304 3215780864
3875983360 3276992512 3249267712
3842404352 3243728896 3215787008
3842142208 3243614208 3215599616
3842400256 3245641728 3217778688
3842400256 3243610112 3215765504
3842142208 3243462656 3215633408
3842142208 3243483136 3215641600
3842404352 3245662208 3217795072
3842404352 3243249664 3215691776
3842400256 3242500096 3215555584
3842404352 3242434560 3215504384
3842400256 3242618880 3215723520
3842142208 3242401792 3215433728
3842142208 3242266624 3215381504
3842408448 3244470272 3217610752
3842404352 3242553344 3215534080
3842142208 3244339200 3217414144
