3875975168 3277864960 3249267712
3859980288 3263799296 3235170304
3860459520 3262480384 3233688576
3859705856 3261779968 3232919552
3860160512 3262300160 3233463296
3859881984 3262095360 3233176576
3860221952 3262595072 3233537024
3860221952 3262455808 3233499136
3860234240 3265593344 3235506176
3859435520 3265302528 3235063808
3859963904 3263844352 3233467392
3859439616 3263418368 3233062912
3859701760 3263549440 3233252352
3860496384 3264413696 3234053120
3861118976 3265003520 3234704384
3910340608 3312271360 3281712128
3859939328 3263614976 3233416192
3859853312 3263881216 3233426432
3859963904 3265732608 3235357696
3859701760 3263602688 3233172480
3859443712 3263279104 3232974848
3859443712 3263332352 3232906240
3860594688 3266572288 3236107264
3859705856 3263901696 3233295360
3860635648 3262144512 3233822720
3860426752 3262214144 3233677312
3861024768 3262869504 3234211840
3860828160 3262496768 3233918976
3859705856 3263381504 3234792448
3860234240 3264184320 3235564544
3860492288 3262357504 3233736704
3859705856 3263606784 3234892800
