3972997120 3375333376 3346060288
3993960448 3398176768 3369029632
3972116480 3374825472 3345280000
3974201344 3374874624 3345374208
3987054592 3389956096 3360442368
3992723456 3400290304 3370783744
3960623104 3363758080 3333869568
3957391360 3360477184 3330660352
3961073664 3367538688 3336536064
3956281344 3362914304 3331770368
3957891072 3362930688 3331474432
3957219328 3363704832 3332427776
3959185408 3364134912 3332761600
3960782848 3365371904 3334108160
4048355328 3458027520 3426528256
4007989248 3413344256 3381570560
3976781824 3381362688 3350123520
3976716288 3381497856 3350077440
3955245056 3362467840 3330738176
3957866496 3364950016 3333327872
3964329984 3369336832 3337721856
3957960704 3363250176 3331581952
4012109824 3422437376 3390452736
3957882880 3363565568 3331441664
3977551872 3380072448 3350774784
3975450624 3377893376 3348481024
3968352256 3371511808 3341789184
3997061120 3404636160 3374954496
3979145216 3388956672 3359140864
3958206464 3363344384 3333605376
3975462912 3378630656 3348731904
3965673472 3370852352 3340895232
