3960442880 3362930688 3333657600
3978485760 3382730752 3353595904
3959840768 3362709504 3333169152
3944472576 3347111936 3317616640
3972481024 3375439872 3345955840
3963764736 3371270144 3341763584
3946500096 3349671936 3319812096
3944443904 3347382272 3317590016
3953405952 3359727616 3328739328
3942801408 3349536768 3318407168
3944943616 3349839872 3318419456
3944370176 3350736896 3319477248
3946524672 3351281664 3319915520
3947024384 3351719936 3320456192
4034985984 3444621312 3413125120
3994517504 3399725056 3367959552
3964022784 3368759296 3337546752
3963924480 3368820736 3337418752
3943174144 3350282240 3318574080
3944816640 3351785472 3320188928
3952648192 3357761536 3326160896
3944878080 3350028288 3318404096
4003004416 3413254144 3381301248
3944452096 3350249472 3318141952
3964198912 3366715392 3337440256
3962466304 3364999168 3335593984
3956723712 3359911936 3330221056
3957698560 3360628736 3330972672
3963830272 3373559808 3343751168
3945140224 3350134784 3320432640
3962871808 3366043648 3336147968
3953766400 3359051776 3329100800
