3968208896 3370639360 3341366272
3992412160 3396644864 3367497728
3971481600 3374219264 3344674816
3953119232 3355881472 3326382080
3985698816 3388600320 3359087616
3987652608 3394981888 3365475328
3955077120 3358281728 3328393216
3952599040 3355750400 3325933568
3956252672 3362525184 3331527680
3951583232 3358248960 3327107072
3953291264 3358142464 3326705664
3952996352 3359526912 3328250880
3954532352 3359277056 3327906816
3955765248 3360460800 3329197056
4046602240 3456282624 3424783360
4003123200 3408510976 3376737280
3975888896 3380498432 3349261312
3975917568 3380740096 3349321728
3951136768 3358408704 3326697472
3953201152 3360145408 3328536576
3963944960 3368955904 3337355264
3953389568 3358502912 3326841856
4010541056 3420835840 3388854272
3952988160 3358777344 3326653440
3976814592 3379339264 3350055936
3974692864 3377164288 3347759104
3968016384 3371180032 3341485056
3987120128 3394809856 3365141504
3974299648 3383906304 3354097664
3953348608 3358547968 3328808960
3974828032 3377995776 3348100096
3965206528 3370393600 3340442624
