3904548864 3307012096 3277789184
3898896384 3303116800 3274038272
3892293632 3294973952 3265469440
3888541696 3291213824 3261776896
3896233984 3299119104 3269654528
3890241536 3293024256 3263551488
3889319936 3292442624 3262598144
3889057792 3291996160 3262222336
3889528832 3295969280 3265044480
3888009216 3294654464 3263562752
3888799744 3293577216 3262217216
3888275456 3294744576 3263500288
3888799744 3293609984 3262274560
3889594368 3294273536 3263051776
3901956096 3306962944 3275527168
3938914304 3342217216 3310491648
3893358592 3297931264 3266754560
3893305344 3298136064 3266780160
3888013312 3295088640 3263452160
3888275456 3295305728 3263751168
3888816128 3293868032 3262320640
3888279552 3293335552 3261732864
3898658816 3306348544 3274433536
3888803840 3294359552 3262325760
3893858304 3296251904 3266997248
3892776960 3295244288 3265889280
3890802688 3293671424 3264046080
3891326976 3294359552 3264752640
3888541696 3293474816 3263730688
3889070080 3294023680 3264372736
3892809728 3296047104 3266229248
3889049600 3294179328 3264300032
