3968888832 3371298816 3342058496
3992690688 3396931584 3367796736
3971575808 3374321664 3344777216
3953254400 3356069888 3326595072
3985920000 3388833792 3359337472
3987722240 3395055616 3365561344
3955752960 3358969856 3329122304
3953274880 3356409856 3326633984
3956928512 3363258368 3332259840
3951718400 3358396416 3327282176
3953967104 3358814208 3327395840
3953131520 3359682560 3328447488
3955208192 3359977472 3328623616
3956441088 3361169408 3329913856
4046893056 3456585728 3425102848
4003520512 3408707584 3376974848
3976032256 3380637696 3349411840
3976040448 3380871168 3349464064
3951136768 3358490624 3326812160
3953881088 3360784384 3329245184
3963994112 3369013248 3337416704
3954065408 3359207424 3327543296
4010819584 3421134848 3389165568
3953668096 3359440896 3327349760
3976912896 3379429376 3350155264
3974803456 3377278976 3347877888
3968028672 3371212800 3341511680
3991896064 3399483392 3369815040
3974299648 3383918592 3354114048
3954024448 3359215616 3329517568
3974909952 3378089984 3348194304
3965255680 3370455040 3340504064
