3941359616 3343708160 3314514944
3948134400 3352444928 3323311104
3933667328 3336499200 3306961920
3925352448 3328045056 3298555904
3943403520 3346309120 3316797440
3930943488 3333685248 3304186880
3926884352 3330179072 3300298752
3925344256 3328393216 3298608128
3929059328 3335348224 3304400896
3924185088 3330760704 3299638272
3925610496 3330662400 3299235840
3925245952 3331719168 3300444160
3926474752 3331350528 3299981312
3927187456 3332005888 3300761600
3953737728 3358576640 3327082496
3975401472 3380654080 3348892672
3936751616 3341410304 3310204928
3936862208 3341795328 3310396416
3923886080 3331084288 3299380224
3925454848 3332526080 3300921344
3928436736 3333591040 3301990400
3925532672 3330768896 3299119104
3947282432 3354869760 3322889216
3925438464 3331084288 3298978816
3937275904 3339763712 3310492672
3935535104 3338059776 3308654592
3931045888 3334275072 3304580096
3932282880 3335311360 3305646080
3925295104 3330387968 3300599808
3925876736 3330961408 3301234688
3935735808 3338878976 3308987392
3929022464 3334287360 3304347648
