3902451712 3304923136 3275671552
3895300096 3299618816 3270491136
3889643520 3292372992 3262835712
3886444544 3289104384 3259622400
3892928512 3295936512 3266427904
3887960064 3290693632 3261202432
3886960640 3290222592 3260358656
3886698496 3289812992 3260035072
3887431680 3293806592 3262850048
3885912064 3292479488 3261363200
3886702592 3291467776 3260050432
3886178304 3292647424 3261382656
3886702592 3291459584 3260104704
3887497216 3292147712 3260913664
3897847808 3302817792 3271347200
3936817152 3340058624 3308307456
3890442240 3295178752 3263973376
3890450432 3295408128 3264015360
3885916160 3293003776 3261318144
3886178304 3291365376 3259781120
3886383104 3291529216 3259944960
3886182400 3291197440 3259574272
3895222272 3302993920 3271024640
3886706688 3292266496 3260175360
3891040256 3293638656 3264363520
3890003968 3292602368 3263203328
3888357376 3291385856 3261703168
3889074176 3292028928 3262382080
3886444544 3291267072 3261480960
3886710784 3291877376 3262148608
3890360320 3293511680 3263640576
3886628864 3291934720 3262010368
