3899305984 3301756928 3272506368
3890978816 3295100928 3265973248
3885957120 3288776704 3259246592
3883298816 3285901312 3256419328
3888873472 3291705344 3262197760
3884634112 3287322624 3257831424
3883814912 3287060480 3257199616
3883552768 3286605824 3256840192
3884285952 3290640384 3259680768
3882766336 3289415680 3258295296
3883294720 3288248320 3256830976
3883032576 3289509888 3258245120
3883556864 3288272896 3256913920
3884351488 3288924160 3257690112
3893166080 3298205696 3266734080
3933671424 3336826880 3305080832
3886764032 3291357184 3260149760
3886796800 3291676672 3260279808
3882770432 3289874432 3258189824
3883032576 3288109056 3256520704
3883200512 3288334336 3256745984
3882774528 3287957504 3256353792
3890733056 3298459648 3266504704
3883298816 3289075712 3256981504
3887407104 3289882624 3260604416
3886231552 3288895488 3259500544
3885129728 3288117248 3258438656
3885748224 3288535040 3258888192
3883036672 3287973888 3258207232
3883565056 3288682496 3258958848
3886661632 3289919488 3260051456
3883446272 3288690688 3258767360
