3889344512 3291860992 3262622720
3877842944 3282087936 3252973568
3874902016 3277705216 3248222208
3873075200 3275796480 3246351360
3876618240 3279454208 3249994752
3874430976 3277017088 3247565824
3873591296 3276763136 3246976000
3873329152 3276267520 3246579712
3873927168 3280293888 3249348608
3872804864 3279331328 3248221184
3873333248 3278172160 3246780416
3872808960 3279294464 3248073728
3873333248 3278016512 3246714880
3874127872 3278671872 3247513600
3880071168 3284856832 3253480448
3923709952 3326869504 3295197184
3875569664 3280093184 3248931840
3875614720 3280396288 3249043456
3873071104 3280171008 3248557056
3873071104 3278016512 3246503936
3873095680 3277991936 3246473216
3872813056 3277914112 3246404608
3878125568 3285569536 3253776384
3873337344 3278790656 3246810112
3876397056 3278831616 3249582080
3875581952 3277963264 3248621568
3874758656 3277635584 3248074752
3874992128 3277930496 3248342016
3873075200 3277881344 3248188416
3873603584 3278483456 3248828416
3875807232 3278782464 3249037312
3873099776 3278303232 3248484352
