1310658560 333082624 313362432
1311707136 333107200 313354240
1311698944 333103104 313344000
1311690752 333107200 313345024
1312837632 333070336 313298944
1312837632 333086720 313323520
1311768576 333082624 313323520
1311768576 335179776 315420672
1313894400 333066240 313286656
1313894400 333107200 313330688
1312825344 333103104 313330688
1312825344 333094912 313325568
1312825344 333082624 313310208
1312825344 333094912 313319424
1311756288 333099008 313324544
1311756288 333082624 313311232
1314951168 333107200 313327616
1314951168 333090816 313310208
1313882112 333058048 313279488
1313882112 333107200 313324544
1313882112 333103104 313326592
1313882112 333103104 313326592
1312813056 333082624 313314304
1312813056 333094912 313328640
1313882112 333103104 313327616
1313882112 333062144 313292800
1312813056 333090816 313323520
1312813056 333111296 313342976
1312813056 333078528 313323520
1312813056 333111296 313352192
1311748096 333082624 313334784
1310638080 338137088 318415872
