3902189568 3304468480 3275216896
3894583296 3298955264 3269827584
3889082368 3291873280 3262339072
3885920256 3288653824 3259171840
3892494336 3295309824 3265801216
3887398912 3290198016 3260706816
3886698496 3289772032 3259908096
3886436352 3289354240 3259576320
3887169536 3293376512 3262415872
3885387776 3292024832 3260904448
3886178304 3291025408 3259603968
3885654016 3292205056 3260936192
3886178304 3290996736 3259637760
3886972928 3291664384 3260426240
3897126912 3302174720 3270700032
3936292864 3339583488 3307832320
3890094080 3294642176 3263432704
3890114560 3294883840 3263486976
3885391872 3292569600 3260879872
3885654016 3290898432 3259310080
3885858816 3291070464 3259482112
3885658112 3290746880 3259119616
3894800384 3302334464 3270365184
3886182400 3291811840 3259716608
3890704384 3293122560 3263843328
3889418240 3292078080 3262679040
3887812608 3290923008 3261240320
3888525312 3291512832 3261861888
3885920256 3290800128 3261009920
3886448640 3291414528 3261682688
3889786880 3292983296 3263108096
3886366720 3291484160 3261555712
