3870994432 3272343552 3244114944
3854454784 3257999360 3229622272
3854733312 3256614912 3228003328
3854462976 3256356864 3227697152
3854479360 3256414208 3227789312
3854467072 3256500224 3227794432
3854979072 3257020416 3228269568
3854979072 3256897536 3228283904
3854716928 3259826176 3230227456
3854192640 3259637760 3229812736
3854721024 3258040320 3228104704
3854458880 3257942016 3227966464
3854458880 3258056704 3228068864
3855241216 3258769408 3228743680
3855282176 3258798080 3228783616
3905097728 3306422272 3276508160
3854462976 3257896960 3227996160
3854462976 3257868288 3227951104
3854458880 3260018688 3229997056
3854458880 3258040320 3227931648
3854200832 3257663488 3227676672
3854200832 3257786368 3227762688
3854737408 3260411904 3230342144
3854462976 3257933824 3227958272
3855245312 3256426496 3228298240
3854987264 3256283136 3228094464
3855519744 3256967168 3228697600
3855249408 3256709120 3228426240
3854200832 3257659392 3229382656
3854991360 3258474496 3230210048
3855249408 3256799232 3228490752
3854462976 3257917440 3229587456
