1319034880 746090496 726334464
1320083456 744087552 724298752
1320071168 744079360 724287488
1320071168 744083456 724288512
1321132032 744062976 724258816
1321127936 744079360 724283392
1320062976 744075264 724283392
1320062976 744071168 724279296
1322184704 744062976 724247552
1322184704 744087552 724278272
1321119744 744083456 724278272
1321119744 744075264 724273152
1321115648 744075264 724270080
1325314048 748281856 728473600
1320050688 744087552 724280320
1320050688 744075264 724271104
1323241472 744095744 724277248
1323241472 744095744 724279296
1322176512 744058880 724247552
1322176512 744095744 724280320
1322176512 744087552 724278272
1322176512 744087552 724275200
1321107456 744071168 724270080
1321107456 744075264 724276224
1322172416 744103936 724295680
1322176512 744071168 724262912
1321107456 744091648 724291584
1321107456 744091648 724290560
1321107456 744083456 724292608
1321107456 746168320 726376448
1320038400 744075264 724294656
1318981632 746172416 726418432
