3878072320 3280154624 3251419136
3862499328 3266424832 3237727232
3862663168 3264913408 3236009984
3861803008 3264053248 3235096576
3862716416 3264958464 3236008960
3862065152 3264430080 3235415040
3862319104 3264794624 3235606528
3862319104 3264647168 3235563520
3862343680 3267870720 3237636096
3861532672 3267489792 3237085184
3862061056 3266109440 3235587072
3861536768 3265585152 3235101696
3862061056 3265896448 3235425280
3862593536 3266695168 3236189184
3864133632 3267989504 3237550080
3912437760 3314597888 3283828736
3862315008 3266068480 3235768320
3862540288 3266514944 3235904512
3862061056 3268034560 3237452800
3861536768 3265802240 3235209216
3861540864 3265564672 3235073024
3861540864 3265761280 3235134464
3863179264 3269402624 3238767616
3861803008 3266342912 3235447808
3863285760 3264753664 3236281344
3863003136 3264778240 3236078592
3863183360 3265216512 3236386816
3863035904 3264897024 3236146176
3861803008 3265744896 3236923392
3862331392 3266355200 3237577728
3862736896 3264786432 3236019200
3861803008 3265978368 3237091328
