3869159424 3270504448 3242341376
3852619776 3256139776 3227823104
3852886016 3254779904 3226213376
3852627968 3254484992 3225902080
3852619776 3254505472 3225947136
3852881920 3254697984 3226054656
3853144064 3255078912 3226406912
3853406208 3255156736 3226607616
3852881920 3257901056 3228398592
3852619776 3257769984 3228061696
3852886016 3256160256 3226377216
3852623872 3256111104 3226235904
3852623872 3255971840 3226101760
3853406208 3256946688 3227010048
3853410304 3256836096 3226944512
3903262720 3304456192 3274715136
3852890112 3256037376 3226242048
3852627968 3256004608 3226211328
3852623872 3258011648 3228157952
3852623872 3256193024 3226160128
3852365824 3255857152 3225955328
3852627968 3255877632 3225966592
3853152256 3258589184 3228638208
3852890112 3256107008 3226255360
3853410304 3254468608 3226448896
3853152256 3254407168 3226299392
3853672448 3255058432 3226888192
3853414400 3254833152 3226615808
3852627968 3253952512 3225754624
3853156352 3256696832 3228503040
3853414400 3254915072 3226681344
3852627968 3256020992 3227778048
