3937751040 3340288000 3311029248
3947032576 3351261184 3322127360
3933388800 3336151040 3306613760
3921690624 3324481536 3294992384
3942543360 3345346560 3315834880
3930787840 3333455872 3303957504
3923947520 3327062016 3297181696
3922235392 3325374464 3295568896
3929022464 3335233536 3304269824
3921113088 3327840256 3296717824
3922743296 3327619072 3296192512
3921625088 3328212992 3296937984
3923062784 3327774720 3296405504
3924254720 3328897024 3297640448
3952275456 3357270016 3325775872
3972038656 3377184768 3345415168
3936243712 3340828672 3309611008
3936391168 3341213696 3309814784
3920297984 3327619072 3295915008
3922071552 3328978944 3297370112
3928342528 3333398528 3301797888
3922644992 3327725568 3296071680
3946373120 3353870336 3321892864
3921797120 3327565824 3295456256
3936899072 3339313152 3310029824
3935121408 3337555968 3308150784
3930959872 3334098944 3304404992
3932184576 3335090176 3305428992
3921928192 3326894080 3297085440
3922468864 3327434752 3297695744
3935408128 3338473472 3308581888
3928911872 3334086656 3304150016
