3913375744 3315736576 3286481920
3917058048 3321196544 3292068864
3908046848 3310776320 3281239040
3899031552 3301650432 3272165376
3913699328 3316518912 3287008256
3906080768 3308814336 3279320064
3899060224 3301998592 3272212480
3897270272 3300397056 3270594560
3905069056 3311259648 3280297984
3896557568 3303104512 3271983104
3897556992 3302375424 3270952960
3897135104 3303538688 3272264704
3900342272 3305095168 3273730048
3899142144 3303739392 3272538112
3920519168 3325386752 3293904896
3947356160 3350691840 3318933504
3910184960 3314724864 3283511296
3909820416 3314663424 3283265536
3896401920 3303501824 3271803904
3897937920 3304624128 3273224192
3904208896 3309297664 3277705216
3898773504 3303772160 3272203264
3911892992 3319513088 3287535616
3897229312 3303055360 3270948864
3910803456 3313168384 3283886080
3909709824 3312365568 3282965504
3902435328 3305394176 3275711488
3907104768 3310120960 3280464896
3897716736 3302666240 3272872960
3897561088 3302748160 3273015296
3909103616 3312390144 3282510848
3904561152 3309711360 3279778816
