3847909376 3251146752 3223195648
3847901184 3251302400 3223174144
3848167424 3249741824 3221423104
3848171520 3249684480 3221357568
3847901184 3249655808 3221344256
3848163328 3249848320 3221437440
3848425472 3250085888 3221706752
3848425472 3250073600 3221803008
3848163328 3252916224 3223715840
3848163328 3252961280 3223585792
3848167424 3251109888 3221690368
3848167424 3251089408 3221642240
3847905280 3250978816 3221472256
3848687616 3251716096 3222151168
3848691712 3251589120 3222145024
3898806272 3299422208 3270051840
3848171520 3251056640 3221552128
3848171520 3250954240 3221525504
3848167424 3253002240 3223560192
3848167424 3251113984 3221587968
3847909376 3250806784 3221373952
3847909376 3250909184 3221390336
3848433664 3253391360 3223882752
3848171520 3251060736 3221612544
3848429568 3249397760 3221616640
3848433664 3249463296 3221609472
3848953856 3249995776 3222087680
3848433664 3249463296 3221618688
3847909376 3249102848 3221160960
3848699904 3251777536 3223828480
3848433664 3249696768 3221726208
3848171520 3251163136 3223203840
