3886460928 3288772608 3259553792
3873882112 3278032896 3248934912
3871539200 3274264576 3244818432
3869929472 3272613888 3243188224
3872997376 3275636736 3246220288
3870900224 3273699328 3244275712
3870445568 3273547776 3243813888
3870183424 3273138176 3243496448
3870732288 3276869632 3245971456
3869659136 3276144640 3245064192
3870187520 3274964992 3243600896
3869663232 3274309632 3243126784
3870187520 3274874880 3243607040
3870982144 3275444224 3244333056
3875889152 3280584704 3249323008
3920564224 3323613184 3292008448
3871883264 3276529664 3245428736
3871940608 3276828672 3245528064
3869925376 3276918784 3245400064
3869925376 3274833920 3243393024
3869863936 3274698752 3243273216
3869929472 3274739712 3243312128
3874086912 3281461248 3249806336
3870191616 3275575296 3243658240
3872759808 3275223040 3246048256
3871977472 3274448896 3245154304
3871301632 3274194944 3244712960
3871764480 3274465280 3244968960
3869929472 3274760192 3245127680
3870457856 3275280384 3245711360
3872215040 3275206656 3245541376
3869929472 3275055104 3245303808
