3898257408 3300564992 3271479296
3889328128 3293630464 3264532480
3884847104 3287560192 3258071040
3882250240 3284803584 3255355392
3887583232 3290238976 3260813312
3883560960 3286167552 3256718336
3882766336 3285938176 3256118272
3882504192 3285463040 3255791616
3883237376 3289554944 3258629120
3881717760 3288305664 3257226240
3882246144 3287121920 3255766016
3881984000 3288223744 3257176064
3882508288 3287126016 3255861248
3883302912 3287818240 3256654848
3891752960 3296645120 3265247232
3932622848 3335774208 3304041472
3885330432 3290001408 3258892288
3885613056 3290386432 3259055104
3881721856 3288842240 3257160704
3881984000 3286884352 3255439360
3882151936 3287175168 3255648256
3881725952 3286843392 3255283712
3889393664 3296993280 3265045504
3882250240 3287949312 3255931904
3886227456 3288621056 3259375616
3885076480 3287642112 3258276864
3884068864 3286999040 3257349120
3884412928 3287326720 3257749504
3881988096 3286810624 3257132032
3882516480 3287592960 3257869312
3885551616 3288743936 3258916864
3882385408 3287556096 3257672704
