3867848704 3269025792 3240939520
3851309056 3254611968 3226364928
3851313152 3253153792 3224646656
3851055104 3252981760 3224461312
3851046912 3252981760 3224486912
3851309056 3253137408 3224561664
3851571200 3253497856 3224905728
3851833344 3253497856 3225071616
3851571200 3256344576 3226928128
3851046912 3256229888 3226649600
3851575296 3254566912 3224898560
3851313152 3254530048 3224768512
3851051008 3254403072 3224639488
3852095488 3255357440 3225508864
3851837440 3255169024 3225405440
3901952000 3302891520 3273272320
3851317248 3254497280 3224770560
3851317248 3254427648 3224717312
3851313152 3256430592 3226673152
3851051008 3254591488 3224686592
3851055104 3254272000 3224477696
3851055104 3254276096 3224504320
3851579392 3256995840 3227152384
3851317248 3254521856 3224787968
3851837440 3252858880 3224903680
3851841536 3252842496 3224836096
3852099584 3253452800 3225382912
3851841536 3253137408 3225020416
3851055104 3252387840 3224265728
3851845632 3255128064 3227020288
3851841536 3253268480 3225125888
3851055104 3254460416 3226299392
