3906039808 3313020928 3283809280
3918262272 3318702080 3289440256
3899428864 3302273024 3272793088
3886702592 3291668480 3261982720
3890229248 3292987392 3263480832
3887222784 3290136576 3260463104
3886702592 3292016640 3262156800
3888607232 3293855744 3263985664
3887206400 3291762688 3260607488
3886964736 3293638656 3262413824
3887489024 3292327936 3260932096
3892142080 3296837632 3265540096
3888300032 3293061120 3261714432
3895463936 3301990400 3270792192
3888640000 3293839360 3262128128
3890909184 3296219136 3264490496
3886968832 3291942912 3260432384
3888279552 3292991488 3261646848
3895865344 3300790272 3269271552
3887230976 3292368896 3260635136
3887226880 3292516352 3260769280
3887493120 3292848128 3261203456
3886702592 3292073984 3260165120
3889750016 3295113216 3263196160
3886800896 3289407488 3259954176
3886964736 3289391104 3260109824
3886440448 3289206784 3259645952
3886718976 3291561984 3261996032
3887226880 3290140672 3260502016
3890290688 3295019008 3265485824
3887329280 3290734592 3260662784
3892240384 3295461376 3265598464
