3999461376 3406774272 3377541120
3986333696 3388801024 3359538176
3997982720 3405484032 3375994880
3945754624 3350732800 3321027584
3994636288 3402039296 3372529664
3948138496 3351064576 3321366528
3947347968 3352547328 3322672128
3956326400 3361538048 3331649536
3965657088 3374972928 3343802368
3947036672 3353788416 3322555392
3948105728 3353014272 3321591808
3964203008 3369021440 3337702400
3954524160 3359412224 3328061440
3976290304 3382800384 3351572480
3983380480 3393363968 3361638400
3963310080 3368529920 3336770560
3947077632 3352080384 3320551424
3949285376 3353993216 3322624000
3977433088 3382378496 3350862848
3947921408 3353096192 3321361408
3948949504 3354288128 3322540032
3949150208 3354349568 3322671104
3946594304 3351961600 3320027136
3959242752 3364663296 3332731904
3947651072 3350183936 3320716288
3948048384 3350380544 3321077760
3945574400 3348414464 3318846464
3947507712 3352326144 3322744832
3948859392 3351613440 3321956352
3961466880 3366060032 3336509440
3948789760 3352080384 3321998336
3966980096 3370078208 3340192768
