3861622784 3263504384 3234852864
3862425600 3264401408 3235574784
3864076288 3266113536 3237282816
3861536768 3265982464 3236842496
3861954560 3263934464 3235054592
3861532672 3263959040 3234844672
3861274624 3265646592 3236623360
3861340160 3265781760 3236606976
3861393408 3265159168 3234864128
3861536768 3267723264 3237108736
3862061056 3266043904 3235556352
3862233088 3266142208 3235698688
3861958656 3265970176 3235488768
3862691840 3268345856 3237886976
3862204416 3266277376 3235692544
3862294528 3266527232 3235842048
3861278720 3265372160 3234855936
3862589440 3266314240 3235910656
3862634496 3266412544 3236139008
3861540864 3265667072 3234989056
3861536768 3265593344 3234928640
3861803008 3265908736 3235317760
3861536768 3265654784 3234988032
3861790720 3266043904 3235363840
3861098496 3262656512 3234120704
3861274624 3262971904 3234529280
3861012480 3262787584 3234226176
3861291008 3262984192 3234350080
3861798912 3263569920 3234881536
3862089728 3263959040 3235309568
3861639168 3263721472 3234793472
3862224896 3264098304 3235302400
