3905429504 3312480256 3283272704
3917889536 3318149120 3288887296
3898982400 3301625856 3272170496
3886178304 3291254784 3261577216
3889930240 3292524544 3263017984
3886698496 3289690112 3260065792
3886440448 3291602944 3261743104
3888308224 3293409280 3263543296
3886682112 3291348992 3260193792
3886440448 3293200384 3262004224
3886964736 3291926528 3260530688
3891544064 3296284672 3265019904
3887763456 3292585984 3261255680
3895066624 3301408768 3270239232
3888103424 3293405184 3261693952
3890597888 3295719424 3264015360
3886444544 3291521024 3260039168
3887755264 3292512256 3261229056
3895185408 3300188160 3268694016
3886706688 3291901952 3260192768
3886964736 3292110848 3260363776
3887230976 3292413952 3260785664
3886178304 3291635712 3259755520
3889188864 3294666752 3262749696
3886276608 3288961024 3259528192
3886702592 3288997888 3259716608
3885916160 3288784896 3259240448
3886456832 3291123712 3261590528
3886964736 3289726976 3260088320
3889967104 3294523392 3265010688
3887067136 3290304512 3260261376
3891617792 3294941184 3265078272
