3987034112 3394203648 3364974592
3970969600 3373518848 3344239616
3982983168 3390300160 3360807936
3930349568 3335356416 3305652224
3965321216 3372630016 3343120384
3932332032 3335262208 3305578496
3931607040 3336826880 3306966016
3944140800 3349377024 3319490560
3932893184 3337478144 3306306560
3931959296 3338768384 3307532288
3932225536 3337113600 3305692160
3950538752 3355295744 3323982848
3942326272 3347009536 3315658752
3960229888 3366604800 3335395328
3963637760 3373547520 3341836288
3949412352 3354587136 3322834944
3932057600 3337080832 3305566208
3932585984 3337510912 3306155008
3960856576 3365916672 3334393856
3932733440 3337883648 3306145792
3932983296 3338297344 3306549248
3933728768 3338915840 3307252736
3931271168 3336658944 3304732672
3945992192 3351580672 3319655424
3932631040 3335159808 3305705472
3932291072 3334606848 3305318400
3930726400 3333570560 3304005632
3931807744 3336646656 3307072512
3933163520 3336163328 3306506240
3947761664 3352371200 3322812416
3932340224 3335876608 3305794560
3953070080 3356119040 3326244864
