4010434560 3417653248 3388420096
4000325632 3402797056 3373514752
4025360384 3432714240 3403220992
3955351552 3360415744 3330710528
4014383104 3421790208 3392279552
3958104064 3361075200 3331377152
3957358592 3362607104 3332731904
3968106496 3373314048 3343413248
3995078656 3404365824 3373178880
3956924416 3363676160 3332439040
3958272000 3363323904 3331897344
3976806400 3381669888 3350345728
3965292544 3370156032 3338804224
3990179840 3396501504 3365273600
3988967424 3398995968 3367270400
3975512064 3380842496 3349083136
3957026816 3362004992 3330472960
3958898688 3363700736 3332331520
3992231936 3397287936 3365745664
3957907456 3363098624 3331351552
3959017472 3364487168 3332734976
3959033856 3364544512 3332866048
3955503104 3361128448 3329189888
3971031040 3376508928 3344561152
3957661696 3360186368 3330722816
3958026240 3360337920 3331035136
3982475264 3389972480 3360396288
3957465088 3362373632 3332785152
3959087104 3361865728 3332201472
3973611520 3378245632 3348678656
3958239232 3361587200 3331496960
3979816960 3382931456 3353042944
