3869462528 3271675904 3242537984
3869798400 3272130560 3242957824
3872878592 3275497472 3246203904
3867566080 3272388608 3242885120
3868717056 3271098368 3241781248
3867824128 3270479872 3240969216
3867303936 3272187904 3242673152
3867783168 3272753152 3243166720
3867734016 3272146944 3241100288
3867828224 3274391552 3243249664
3868090368 3272843264 3241653248
3869638656 3274149888 3243046912
3868418048 3272974336 3241871360
3870900224 3277131776 3246132224
3868749824 3273641984 3242272768
3869179904 3274092544 3242636288
3867308032 3272232960 3240856576
3868618752 3273121792 3241997312
3870744576 3275227136 3244252160
3867570176 3272499200 3241036800
3867566080 3272462336 3241031680
3867832320 3272880128 3241508864
3867566080 3272404992 3240952832
3868925952 3273846784 3242328064
3867140096 3269484544 3240232960
3867566080 3269832704 3240769536
3867303936 3269726208 3240448000
3867320320 3269713920 3240438784
3868090368 3270508544 3241164800
3869118464 3271577600 3242310656
3867668480 3270774784 3241032704
3869839360 3272560640 3243033600
