3987095552 3394277376 3365048320
3971088384 3373629440 3344366592
3983192064 3390525440 3361033216
3930349568 3335409664 3305746432
3965370368 3372691456 3343181824
3932332032 3335340032 3305660416
3931607040 3336880128 3307043840
3944177664 3349413888 3319527424
3932893184 3337568256 3306396672
3931959296 3338768384 3307532288
3932225536 3337232384 3305810944
3950600192 3355369472 3324056576
3942350848 3347042304 3315695616
3960373248 3366748160 3335538688
3963637760 3373555712 3341844480
3949481984 3354664960 3322912768
3932057600 3337080832 3305566208
3932585984 3337601024 3306245120
3961024512 3366088704 3334565888
3932733440 3337887744 3306149888
3932983296 3338399744 3306651648
3933728768 3338924032 3307260928
3931271168 3336658944 3304732672
3946078208 3351666688 3319741440
3932631040 3335159808 3305709568
3932291072 3334672384 3305412608
3930726400 3333582848 3304017920
3931807744 3336728576 3307166720
3933425664 3336175616 3306518528
3947810816 3352420352 3322861568
3932340224 3335946240 3305864192
3953156096 3356205056 3326330880
