3863429120 3265273856 3236527104
3863945216 3266129920 3237181440
3865874432 3268055040 3239151616
3862847488 3267411968 3238155264
3863339008 3265433600 3236500480
3862843392 3265368064 3236186112
3862585344 3266977792 3237892096
3862736896 3267272704 3238038528
3862728704 3266736128 3236278272
3862847488 3269185536 3238444032
3863371776 3267522560 3236910080
3863760896 3267903488 3237300224
3863605248 3267592192 3236963328
3864354816 3270123520 3239605248
3863588864 3267883008 3237144576
3863724032 3268116480 3237299200
3862589440 3266899968 3236179968
3863900160 3267862528 3237293056
3864293376 3268214784 3237835776
3862851584 3267137536 3236318208
3862847488 3267092480 3236280320
3863113728 3267416064 3236685824
3862847488 3267108864 3236349952
3863494656 3267727360 3236932608
3862421504 3264180224 3235487744
3862847488 3264495616 3235897344
3862323200 3264274432 3235608576
3862601728 3264389120 3235657728
3863109632 3265064960 3236268032
3863830528 3265597440 3236873216
3862949888 3265241088 3236170752
3863814144 3265863680 3236947968
