3857137664 3258712064 3230231552
3857473536 3259334656 3230776320
3858771968 3260628992 3232044032
3857080320 3261206528 3232488448
3857362944 3259285504 3230596096
3857338368 3259396096 3230521344
3857080320 3261173760 3232343040
3856580608 3260923904 3231979520
3857088512 3260272640 3230369792
3857080320 3262664704 3232598016
3857604608 3261149184 3231136768
3857399808 3260833792 3230860288
3857342464 3261026304 3230913536
3857690624 3263082496 3232942080
3857600512 3261378560 3231116288
3857915904 3261583360 3231295488
3857084416 3260538880 3230497792
3858132992 3261583360 3231543296
3857641472 3261186048 3231147008
3857084416 3260882944 3230643200
3857080320 3260723200 3230588928
3857346560 3261120512 3230915584
3857080320 3260903424 3230639104
3857387520 3261128704 3230782464
3856556032 3257958400 3229730816
3857080320 3258404864 3230175232
3856818176 3258261504 3229967360
3856822272 3258302464 3229948928
3857342464 3258998784 3230617600
3857362944 3258949632 3230553088
3857108992 3258822656 3230299136
3857092608 3258896384 3230386176
