3862843392 3264876544 3236133888
3863633920 3265736704 3236808704
3865489408 3267571712 3238685696
3862585344 3267059712 3237839872
3863052288 3265093632 3236169728
3862581248 3265052672 3235883008
3862323200 3266674688 3237602304
3862450176 3266932736 3237715968
3862454272 3266351104 3235928064
3862585344 3268833280 3238113280
3863109632 3267182592 3236598784
3863437312 3267485696 3236915200
3863068672 3267215360 3236627456
3863998464 3269734400 3239214080
3863302144 3267489792 3236792320
3863416832 3267719168 3236933632
3862327296 3266560000 3235875840
3863638016 3267547136 3236999168
3863937024 3267792896 3237442560
3862589440 3266805760 3236012032
3862323200 3266740224 3235951616
3862851584 3267080192 3236377600
3862585344 3266772992 3236031488
3863207936 3267354624 3236584448
3861897216 3263832064 3235164160
3862323200 3264126976 3235555328
3862061056 3263930368 3235282944
3862077440 3264073728 3235351552
3862847488 3264729088 3235955712
3863257088 3265204224 3236499456
3862687744 3264872448 3235841024
3863490560 3265462272 3236573184
