3887796224 3290112000 3260900352
3914113024 3314470912 3285210112
3894636544 3297357824 3267883008
3883294720 3288293376 3258608640
3886456832 3289227264 3259724800
3884077056 3286929408 3257264128
3883556864 3288702976 3258843136
3884957696 3290222592 3260370944
3883786240 3288432640 3257278464
3883819008 3290386432 3259162624
3884081152 3289071616 3257675776
3888152576 3292864512 3261568000
3884806144 3289628672 3258313728
3890999296 3297476608 3266323456
3885150208 3290439680 3258743808
3887063040 3292389376 3260668928
3883560960 3288633344 3257122816
3884871680 3289690112 3258346496
3891105792 3296157696 3264671744
3883823104 3289063424 3257330688
3884081152 3289227264 3257484288
3884085248 3289456640 3257811968
3883294720 3288780800 3256876032
3886014464 3291488256 3259572224
3883393024 3285991424 3256538112
3883819008 3286085632 3256833024
3883294720 3285962752 3256401920
3883573248 3288260608 3258694656
3884081152 3286929408 3257290752
3886493696 3291226112 3261741056
3884183552 3287470080 3257398272
3888164864 3291451392 3261588480
