3881111552 3283595264 3254386688
3899056128 3299319808 3270062080
3887042560 3289706496 3260251136
3877789696 3282718720 3253045248
3880304640 3283013632 3253525504
3878309888 3281223680 3251567616
3877789696 3282956288 3253122048
3879137280 3284115456 3254307840
3878232064 3282702336 3251551232
3878051840 3284754432 3253534720
3878576128 3283398656 3252008960
3881504768 3286310912 3255034880
3879190528 3283841024 3252523008
3884081152 3290394624 3259226112
3879571456 3284602880 3252929536
3880812544 3286003712 3254313984
3877793792 3282894848 3251388416
3879104512 3283959808 3252624384
3884113920 3289083904 3257601024
3878055936 3283259392 3251551232
3878051840 3283406848 3251684352
3878318080 3283681280 3252072448
3877789696 3283152896 3251291136
3879907328 3285434368 3253552128
3877625856 3280130048 3250692096
3878051840 3280547840 3251298304
3877789696 3280408576 3250868224
3877806080 3280654336 3251096576
3878576128 3281383424 3251764224
3880329216 3284979712 3255464960
3878416384 3281838080 3251788800
3881619456 3284856832 3255010304
