3859308544 3261091840 3232513024
3859775488 3261861888 3233173504
3861422080 3263352832 3234635776
3859439616 3263660032 3234698240
3859509248 3261599744 3232819200
3859435520 3261726720 3232739328
3859177472 3263451136 3234543616
3859062784 3263324160 3234288640
3859234816 3262726144 3232644096
3859439616 3265228800 3234912256
3859963904 3263660032 3233420288
3859881984 3263483904 3233276928
3859750912 3263512576 3233218560
3860221952 3265630208 3235344384
3860008960 3263795200 3233429504
3860074496 3264081920 3233614848
3859181568 3262951424 3232698368
3860230144 3263995904 3233783808
3860172800 3263680512 3233550336
3859443712 3263365120 3232911360
3859439616 3263201280 3232800768
3859705856 3263561728 3233186816
3859439616 3263299584 3232837632
3859558400 3263553536 3233048576
3858690048 3260280832 3231919104
3859177472 3260686336 3232379904
3858915328 3260534784 3232146432
3858919424 3260583936 3232137216
3859701760 3261321216 3232793600
3859795968 3261427712 3232920576
3859517440 3261325312 3232618496
3859562496 3261345792 3232701440
