3944419328 3349143552 3319836672
3939409920 3341922304 3312669696
3960307712 3363033088 3333561344
3963449344 3370967040 3341466624
3968446464 3371020288 3341538304
3957137408 3361845248 3332315136
3962056704 3365187584 3335363584
3956875264 3362144256 3332255744
3941490688 3346092032 3314971648
3943268352 3347795968 3316742144
3983233024 3392786432 3361451008
3945254912 3351986176 3320733696
3943321600 3348115456 3316707328
3958665216 3367358464 3336092672
3966263296 3371233280 3339663360
3942502400 3349643264 3317862400
3990556672 3399942144 3368716288
3944316928 3349188608 3317803008
3943067648 3350405120 3318601728
3941593088 3346554880 3314973696
3956375552 3361341440 3329784832
3943579648 3348758528 3317142528
3960401920 3365646336 3333867520
3952308224 3357892608 3325884416
3945607168 3348037632 3318761472
3946512384 3349061632 3319752704
3983183872 3386056704 3356481536
3943751680 3346755584 3316939776
3960094720 3362889728 3333311488
3954561024 3357540352 3327789056
3994824704 3402756096 3372913664
3941982208 3345334272 3315236864
