3960475648 3364958208 3335651328
3954692096 3357122560 3327869952
3972464640 3375267840 3345796096
3993677824 3401023488 3371506688
3983282176 3385790464 3356295168
3968622592 3373506560 3343969280
3975655424 3378663424 3348828160
3993010176 3400806400 3370917888
3957071872 3361619968 3330499584
3958005760 3362566144 3331512320
4003049472 3412525056 3381189632
3982077952 3393560576 3362294784
3958145024 3362959360 3331544064
3971457024 3380228096 3348941824
3980529664 3385589760 3354019840
3957788672 3364896768 3333115904
4007702528 3417169920 3385944064
3959816192 3364700160 3333314560
3958456320 3365756928 3333952512
3956420608 3361574912 3329992704
3968446464 3373502464 3341937664
3959025664 3364155392 3332532224
3972198400 3377561600 3345775616
3963961344 3369611264 3337590784
3961810944 3364175872 3334896640
3962302464 3364728832 3335419904
4000497664 3403345920 3373769728
3959275520 3362250752 3332433920
3973087232 3375890432 3346309120
3965923328 3369041920 3339283456
4026961920 3434713088 3404870656
3957055488 3360399360 3330301952
