3875172352 3279642624 3250347008
3873329152 3275702272 3246459904
3876519936 3279147008 3249718272
3874906112 3277590528 3248121856
3878191104 3280764928 3251333120
3875942400 3280674816 3251185664
3877171200 3280269312 3250553856
3875622912 3280596992 3250852864
3874115584 3278655488 3247551488
3874906112 3279458304 3248412672
3876777984 3281502208 3250203648
3875205120 3279736832 3248533504
3874643968 3279577088 3248233472
3876237312 3285106688 3253886976
3877785600 3282714624 3251229696
3874381824 3281563648 3249885184
3879059456 3283587072 3252427776
3874648064 3279540224 3248189440
3874385920 3281866752 3250106368
3873599488 3278667776 3247182848
3876102144 3281018880 3249520640
3875172352 3280101376 3248638976
3876245504 3281293312 3249690624
3874476032 3280007168 3248097280
3875172352 3277561856 3248342016
3875172352 3277680640 3248433152
3881254912 3283963904 3254454272
3874648064 3277541376 3247808512
3876327424 3278999552 3249510400
3875680256 3278725120 3249056768
3878576128 3281539072 3251784704
3873861632 3277107200 3247102976
