3896147968 3300622336 3271327744
3893129216 3295502336 3266352128
3907813376 3310465024 3281014784
3897192448 3299844096 3270358016
3911389184 3314061312 3284690944
3906265088 3310948352 3281475584
3909017600 3312173056 3282380800
3906560000 3311816704 3281952768
3894362112 3298873344 3267765248
3895570432 3300016128 3268978688
3907407872 3312046080 3280737280
3896803328 3303530496 3272290304
3896143872 3300970496 3269598208
3907121152 3316015104 3284770816
3910504448 3315482624 3283936256
3895619584 3302842368 3271074816
3911790592 3316428800 3285246976
3896168448 3301109760 3269731328
3895087104 3302400000 3270704128
3894022144 3299016704 3267545088
3900219392 3305238528 3273709568
3895410688 3300622336 3269043200
3907555328 3312857088 3281146880
3896999936 3302625280 3270626304
3896393728 3298709504 3269459968
3896729600 3299225600 3269928960
3918536704 3321421824 3291906048
3895214080 3298291712 3268503552
3907649536 3310505984 3280960512
3898232832 3301158912 3271433216
3913261056 3316277248 3286469632
3894149120 3297636352 3267564544
