3903913984 3308367872 3279060992
3901534208 3303866368 3274617856
3909693440 3312390144 3282931712
3905847296 3308449792 3278987264
3914076160 3316576256 3287105536
3907903488 3312623616 3283117056
3910901760 3314053120 3284232192
3908231168 3313504256 3283622912
3902038016 3306643456 3275543552
3903700992 3308101632 3277047808
3908874240 3313577984 3282256896
3905163264 3311869952 3280624640
3902312448 3307220992 3275836416
3909165056 3317813248 3286547456
3912794112 3317743616 3286173696
3903754240 3310903296 3279130624
3914022912 3318784000 3287568384
3904823296 3309731840 3278349312
3903397888 3310682112 3278882816
3901222912 3306311680 3274760192
3906056192 3311034368 3279484928
3902693376 3307921408 3276305408
3909591040 3314868224 3283094528
3905802240 3311435776 3279424512
3904139264 3306385408 3277152256
3903930368 3306553344 3277244416
3922341888 3325079552 3295507456
3904212992 3307220992 3277413376
3909713920 3312570368 3282996224
3906887680 3309805568 3280071680
3916075008 3319074816 3289233408
3902828544 3306299392 3276203008
