3870978048 3275386880 3246287872
3869396992 3271725056 3242586112
3872034816 3274596352 3245270016
3870711808 3273469952 3244114944
3873275904 3275939840 3246637056
3871600640 3276337152 3246951424
3872686080 3275591680 3246016512
3871322112 3276337152 3246704640
3870183424 3274448896 3243611136
3870711808 3275288576 3244309504
3872583680 3277201408 3246026752
3871010816 3275563008 3244467200
3870711808 3275370496 3244252160
3871883264 3280678912 3249567744
3873153024 3277684736 3246600192
3870187520 3277197312 3245790208
3874140160 3278655488 3247624192
3870715904 3275403264 3244187648
3870453760 3277737984 3246202880
3869667328 3274563584 3243236352
3871551488 3276562432 3245211648
3870978048 3275902976 3244559360
3871711232 3276664832 3245298688
3870507008 3275530240 3243998208
3870978048 3273351168 3244251136
3871240192 3273203712 3244325888
3875672064 3278385152 3249053696
3870453760 3273310208 3243890688
3871744000 3274182656 3245042688
3871485952 3274395648 3244830720
3873546240 3276439552 3246841856
3869667328 3272781824 3243081728
