3888541696 3293093888 3263791104
3886436352 3288735744 3259487232
3891564544 3294244864 3264787456
3888537600 3291156480 3261671424
3894255616 3296989184 3267520512
3890253824 3295006720 3265489920
3892633600 3295772672 3265960960
3890057216 3295326208 3265445888
3887484928 3291918336 3260807168
3888013312 3292594176 3261541376
3891093504 3295973376 3264654336
3888836608 3293384704 3262152704
3888013312 3292864512 3261490176
3891228672 3299917824 3268658176
3893665792 3298672640 3267105792
3887751168 3294834688 3263075328
3894796288 3299389440 3268179968
3888279552 3292999680 3261621248
3888017408 3295387648 3263585280
3886968832 3292102656 3260544000
3890221056 3295289344 3263745024
3888541696 3293536256 3261932544
3891331072 3296718848 3264960512
3888242688 3293929472 3261922304
3889065984 3291357184 3262095360
3889065984 3291455488 3262158848
3899920384 3302850560 3273281536
3888017408 3290988544 3261184000
3891486720 3294220288 3264654336
3889573888 3292475392 3262737408
3895349248 3298668544 3268836352
3887230976 3290537984 3260442624
