3854725120 3258339328 3229959168
3853668352 3255320576 3226897408
3854725120 3256430592 3227935744
3854983168 3256823808 3228237824
3854979072 3256791040 3228171264
3854979072 3258978304 3230252032
3854979072 3257163776 3228414976
3854454784 3258568704 3229841408
3854454784 3257737216 3227977728
3854721024 3257991168 3228191744
3855769600 3259035648 3229234176
3854454784 3257872384 3228014592
3854721024 3258187776 3228235776
3855020032 3262525440 3232478208
3854721024 3258286080 3228238848
3854458880 3258150912 3228029952
3856035840 3259273216 3229389824
3854725120 3258044416 3228102656
3854987264 3260432384 3230427136
3853938688 3257356288 3227348992
3854725120 3258220544 3228310528
3854987264 3258408960 3228365824
3854458880 3258023936 3227974656
3854200832 3257835520 3227676672
3854987264 3256209408 3228109824
3855249408 3256446976 3228233728
3855007744 3256401920 3228190720
3854462976 3255947264 3227666432
3853938688 3255353344 3227170816
3855249408 3256627200 3228312576
3854217216 3255648256 3227338752
3854200832 3255746560 3227376640
