3959803904 3364347904 3335041024
3953639424 3356049408 3326796800
3972464640 3375247360 3345775616
3993677824 3401003008 3371486208
3982995456 3385757696 3356262400
3968610304 3373477888 3343940608
3975630848 3378626560 3348791296
3992989696 3400765440 3370876928
3956023296 3360559104 3329438720
3957473280 3362021376 3330967552
4003049472 3412508672 3381173248
3982077952 3393544192 3362278400
3957616640 3362418688 3331003392
3971448832 3380211712 3348925440
3980505088 3385548800 3353978880
3957166080 3364294656 3332513792
4007702528 3417153536 3385927680
3958628352 3363569664 3332184064
3957796864 3365134336 3333334016
3955773440 3360960512 3329382400
3968434176 3373473792 3341908992
3958382592 3363540992 3331917824
3972186112 3377532928 3345746944
3963961344 3369594880 3337574400
3960590336 3363033088 3333762048
3961716736 3364159488 3334850560
4000460800 3403288576 3373712384
3958734848 3361693696 3331876864
3973074944 3375861760 3346280448
3965923328 3369025536 3339267072
4026937344 3434668032 3404825600
3956441088 3359809536 3329716224
