3904962560 3309486080 3280179200
3902582784 3304984576 3275731968
3910254592 3313020928 3283562496
3906899968 3309588480 3280101376
3914137600 3316711424 3287240704
3908448256 3313254400 3283731456
3911471104 3314655232 3284831232
3908517888 3313606656 3283725312
3903348736 3307786240 3276665856
3904749568 3309215744 3278161920
3908874240 3313651712 3282330624
3906473984 3312984064 3281738752
3903451136 3308335104 3276950528
3909189632 3317907456 3286641664
3912855552 3317878784 3286308864
3903754240 3310968832 3279196160
3914346496 3318915072 3287699456
3906138112 3310858240 3279475712
3904446464 3311808512 3280005120
3901829120 3306909696 3275345920
3907063808 3312115712 3280566272
3903836160 3309031424 3277415424
3909640192 3314978816 3283205120
3906076672 3311517696 3279506432
3905187840 3307536384 3278270464
3905343488 3307683840 3278374912
3922472960 3325276160 3295700992
3905261568 3308339200 3278531584
3910549504 3313217536 3283643392
3907936256 3310936064 3281189888
3916181504 3319234560 3289393152
3903877120 3307417600 3277321216
