3890638848 3295109120 3265806336
3887747072 3290214400 3260965888
3893354496 3296071680 3266614272
3890372608 3293224960 3263739904
3896586240 3299258368 3269789696
3893288960 3298217984 3268701184
3894439936 3297636352 3267824640
3891785728 3297030144 3267149824
3888799744 3293405184 3262289920
3889586176 3294060544 3263007744
3892985856 3297779712 3266460672
3890147328 3296858112 3265622016
3890110464 3294896128 3263521792
3892711424 3301638144 3270378496
3895836672 3300790272 3269223424
3889586176 3296735232 3264975872
3898019840 3302780928 3271571456
3889590272 3294478336 3263099904
3889594368 3296899072 3265096704
3888541696 3293577216 3262018560
3893489664 3298484224 3266939904
3890376704 3295522816 3263919104
3893166080 3298435072 3266676736
3890380800 3295965184 3263958016
3890376704 3292868608 3263602688
3890638848 3293052928 3263753216
3902947328 3305734144 3276165120
3889328128 3292491776 3262687232
3893108736 3296059392 3266493440
3891412992 3294527488 3264789504
3897929728 3301117952 3271285760
3888541696 3292012544 3261917184
