3883560960 3288170496 3258868736
3881717760 3284090880 3254842368
3886051328 3288649728 3259192320
3883556864 3286228992 3256745984
3888209920 3290861568 3261392896
3884945408 3289776128 3260269568
3886972928 3290062848 3260257280
3884912640 3290001408 3260130304
3882504192 3287101440 3255992320
3883294720 3287785472 3256732672
3885846528 3290722304 3259403264
3883855872 3288457216 3257225216
3883294720 3288068096 3256700928
3885551616 3294298112 3263044608
3887415296 3292610560 3261056000
3883032576 3290116096 3258362880
3888963584 3293560832 3262357504
3883298816 3288182784 3256806400
3883036672 3290488832 3258691584
3882250240 3287236608 3255689216
3884974080 3290083328 3258539008
3883560960 3288743936 3257162752
3885625344 3290976256 3259247616
3883450368 3288977408 3256974336
3884085248 3286360064 3257103360
3884085248 3286593536 3257298944
3892506624 3295490048 3265924096
3883036672 3286122496 3256324096
3885744128 3288514560 3258962944
3884593152 3287502848 3257769984
3888840704 3292073984 3262248960
3882512384 3285823488 3255729152
