3848171520 3251466240 3223360512
3847639040 3249049600 3220853760
3848171520 3249672192 3221453824
3848429568 3250159616 3221873664
3848163328 3249782784 3221476352
3848425472 3252137984 3223743488
3848425472 3250270208 3221811200
3848163328 3251851264 3223463936
3848163328 3250892800 3221531648
3848167424 3251081216 3221693440
3848953856 3251724288 3222356992
3848163328 3251089408 3221672960
3848167424 3251163136 3221667840
3848429568 3255607296 3226028032
3848167424 3251212288 3221708800
3848167424 3251322880 3221745664
3848957952 3251970048 3222496256
3848171520 3251175424 3221703680
3848433664 3253460992 3224028160
3847909376 3250880512 3221314560
3848433664 3251228672 3221857280
3848433664 3251343360 3221865472
3848167424 3251064832 3221554176
3847647232 3250647040 3221188608
3848695808 3249475584 3221723136
3848433664 3249475584 3221574656
3848167424 3249246208 3221428224
3847909376 3249004544 3221089280
3847647232 3248750592 3220899840
3848433664 3249577984 3221621760
3847651328 3248861184 3220931584
3847909376 3249188864 3221185536
