3923574784 3328102400 3298820096
3919593472 3322163200 3292939264
3933941760 3336667136 3307197440
3922939904 3325919232 3296441344
3939794944 3342319616 3312857088
3931549696 3336241152 3306711040
3935424512 3338530816 3308706816
3931541504 3336785920 3306900480
3921154048 3325771776 3294680064
3922186240 3326615552 3295803392
3952861184 3362291712 3330978816
3923963904 3330555904 3299542016
3922219008 3327041536 3295653888
3932979200 3341639680 3310386176
3938275328 3343233024 3311679488
3921870848 3328966656 3297312768
3958845440 3368103936 3336908800
3922890752 3327868928 3296520192
3922386944 3329699840 3297966080
3921158144 3326193664 3294652416
3931471872 3336421376 3304871936
3922743296 3327852544 3296330752
3933859840 3339120640 3307346944
3928027136 3333664768 3301653504
3924365312 3326640128 3297415168
3924598784 3327057920 3297843200
3950850048 3353604096 3324057600
3922857984 3325718528 3296140288
3934130176 3336945664 3307371520
3925082112 3328053248 3298450432
3942473728 3345698816 3315869696
3921436672 3324862464 3294839808
