3880677376 3285348352 3256046592
3878834176 3281371136 3252122624
3882926080 3285495808 3256039424
3880673280 3283374080 3253891072
3884900352 3287461888 3257994240
3881938944 3286777856 3257272320
3883610112 3286843392 3257049088
3881586688 3286806528 3256994816
3879882752 3284312064 3253202944
3880673280 3285082112 3254029312
3882889216 3287683072 3256364032
3880972288 3285577728 3254354944
3880411136 3285282816 3253919744
3882532864 3291328512 3260081152
3884158976 3289284608 3257742336
3880148992 3287318528 3255566336
3885457408 3290243072 3259045888
3880415232 3285303296 3253931008
3880153088 3287658496 3255865344
3879366656 3284402176 3252861952
3881979904 3287040000 3255499776
3880677376 3285868544 3254306816
3882487808 3287769088 3256051712
3880566784 3286007808 3254016000
3881201664 3283492864 3254236160
3881201664 3283599360 3254320128
3888726016 3291529216 3261968384
3880153088 3283271680 3253483520
3882557440 3285270528 3255727104
3881709568 3284627456 3254909952
3885387776 3288535040 3258710016
3879628800 3282923520 3252834304
