3878055936 3282710528 3253409792
3876212736 3278721024 3249474560
3879845888 3282538496 3253098496
3878051840 3280695296 3251216384
3881664512 3284312064 3254856704
3879198720 3283922944 3254423552
3880783872 3283722240 3253976064
3878866944 3283886080 3254115328
3877261312 3281678336 3250569216
3878051840 3282481152 3251429376
3879968768 3284803584 3253492736
3878350848 3282878464 3251666944
3877789696 3282608128 3251249152
3879538688 3288391680 3257160704
3881234432 3286204416 3254668288
3877527552 3284676608 3252959232
3882532864 3287109632 3255916544
3877793792 3282587648 3251219456
3877531648 3284930560 3253141504
3876745216 3281776640 3250248704
3879297024 3284246528 3252721664
3878055936 3283185664 3251675136
3879632896 3284746240 3253069824
3877670912 3283243008 3251268608
3878318080 3280748544 3251503104
3878580224 3280846848 3251582976
3885142016 3287990272 3258443776
3877531648 3280613376 3250840576
3879440384 3282305024 3252782080
3879088128 3281924096 3252230144
3881996288 3285237760 3255427072
3876745216 3280183296 3250138112
