3876483072 3280916480 3251616768
3874639872 3276926976 3247681536
3877892096 3280556032 3251125248
3876216832 3278913536 3249439744
3879624704 3282247680 3252793344
3877289984 3281993728 3252500480
3878838272 3281768448 3252042752
3876970496 3281965056 3252208640
3875426304 3279908864 3248800768
3876216832 3280711680 3249662976
3878113280 3282919424 3251614720
3876515840 3281039360 3249828864
3875954688 3280826368 3249471488
3877609472 3286491136 3255267328
3879239680 3284180992 3252661248
3875692544 3282845696 3251146752
3880525824 3285098496 3253919744
3875958784 3280797696 3249435648
3875696640 3283116032 3251347456
3874910208 3279921152 3248419840
3877437440 3282354176 3250835456
3876483072 3281408000 3249929216
3877666816 3282784256 3251133440
3875811328 3281358848 3249415168
3876483072 3278872576 3249641472
3876745216 3279040512 3249781760
3882881024 3285643264 3256113152
3875696640 3278790656 3249040384
3877736448 3280400384 3250887680
3877253120 3280084992 3250402304
3880095744 3283087360 3253302272
3874910208 3278364672 3248339968
