3851317248 3254804480 3226559488
3850522624 3252162560 3223846912
3851317248 3253006336 3224623104
3851575296 3253473280 3225032704
3851571200 3253301248 3224819712
3851571200 3255508992 3226928128
3851833344 3253694464 3225058304
3851309056 3255197696 3226615808
3851309056 3254288384 3224698880
3851575296 3254538240 3224931328
3852361728 3255406592 3225809920
3851309056 3254489088 3224817664
3851575296 3254702080 3224956928
3851575296 3259047936 3229175808
3851313152 3254730752 3224933376
3851313152 3254648832 3224774656
3852365824 3255668736 3225940992
3851579392 3254575104 3224881152
3851579392 3256971264 3227207680
3850792960 3254063104 3224280064
3851579392 3254743040 3225053184
3851579392 3254886400 3225093120
3851313152 3254599680 3224748032
3850792960 3254312960 3224382464
3851841536 3252883456 3224911872
3851841536 3253047296 3224946688
3851575296 3252793344 3224762368
3851055104 3252391936 3224296448
3850792960 3252019200 3223995392
3851841536 3253149696 3224968192
3851059200 3252260864 3224098816
3851055104 3252432896 3224230912
