3939708928 3344150528 3314876416
3934793728 3337318400 3308069888
3948126208 3350847488 3321388032
3939364864 3341979648 3312499712
3955568640 3358162944 3328680960
3945115648 3349856256 3320326144
3950034944 3353182208 3323358208
3945758720 3351044096 3321155584
3936702464 3341320192 3310199808
3937947648 3342499840 3311454208
3977981952 3387531264 3356195840
3940773888 3347451904 3316199424
3937972224 3342774272 3311386624
3947298816 3356008448 3324742656
3953807360 3358781440 3327232000
3937624064 3344756736 3313000448
3989843968 3399245824 3368023040
3938914304 3343814656 3312429056
3938758656 3346067456 3314264064
3936796672 3341778944 3310201856
3944869888 3349839872 3318283264
3938697216 3343851520 3312256000
3948154880 3353473024 3321710592
3941195776 3346829312 3314817024
3941171200 3343544320 3314268160
3941199872 3343507456 3314243584
3969490944 3372294144 3342755840
3938840576 3341819904 3312036864
3948503040 3351396352 3321834496
3942711296 3345707008 3315955712
3979362304 3387334656 3357492224
3937173504 3340554240 3310469120
