3934810112 3339292672 3309989888
3930042368 3332698112 3303465984
3947524096 3350265856 3320794112
3934810112 3337445376 3307944960
3954532352 3357134848 3327653888
3944660992 3349401600 3319871488
3949350912 3352518656 3322694656
3945242624 3350532096 3320646656
3931959296 3336609792 3305493504
3933138944 3337707520 3306686464
3977658368 3386990592 3355819008
3935277056 3341983744 3310735360
3933044736 3337977856 3306586112
3946758144 3355471872 3324206080
3952832512 3357839360 3326269440
3932680192 3339964416 3308183552
3974623232 3383984128 3352768512
3934396416 3339300864 3307915264
3933380608 3340689408 3308926976
3932467200 3337465856 3305884672
3944534016 3349528576 3317971968
3933700096 3339005952 3307394048
3947446272 3352788992 3321015296
3940773888 3346440192 3314428928
3935649792 3338022912 3308756992
3936157696 3338489856 3309180928
3967676416 3370508288 3340933120
3933970432 3336970240 3307154432
3947794432 3350704128 3321129984
3942363136 3345375232 3315624960
3968823296 3376566272 3346724864
3932778496 3336192000 3306095616
