3886968832 3291418624 3262115840
3884601344 3287101440 3257852928
3889512448 3292258304 3262800896
3886702592 3289415680 3259930624
3892273152 3294842880 3265374208
3888283648 3293163520 3263646720
3890507776 3293741056 3263933440
3888300032 3293487104 3263606784
3885649920 3290218496 3259107328
3886440448 3290906624 3259853824
3889414144 3294130176 3262811136
3887001600 3291652096 3260420096
3886178304 3291156480 3259782144
3889188864 3297931264 3266672640
3891429376 3296518144 3264951296
3886178304 3293237248 3261477888
3892609024 3297267712 3266062336
3886444544 3291316224 3259937792
3886182400 3293704192 3261901824
3885395968 3290431488 3258872832
3888525312 3293454336 3261910016
3886968832 3291951104 3260351488
3889442816 3294666752 3262908416
3886608384 3292127232 3260120064
3887230976 3289677824 3260416000
3887230976 3289776128 3260479488
3897176064 3300134912 3270565888
3886182400 3289251840 3259447296
3889336320 3292164096 3262601216
3887738880 3290730496 3260993536
3893145600 3296276480 3266444288
3885395968 3288915968 3258820608
