3864162304 3268415488 3239427072
3862843392 3264921600 3235980288
3864227840 3266482176 3237557248
3864158208 3266478080 3237449728
3865100288 3267235840 3238304768
3864469504 3268866048 3239747584
3864829952 3267264512 3238085632
3864203264 3268857856 3239585792
3863629824 3267653632 3237159936
3863896064 3268042752 3237425152
3865346048 3269443584 3238873088
3864174592 3268120576 3237557248
3863896064 3268292608 3237520384
3864850432 3273031680 3242403840
3864801280 3268911104 3238206464
3863633920 3270045696 3239037952
3866046464 3269906432 3239408640
3863900160 3267981312 3237262336
3863900160 3270406144 3239505920
3863113728 3267231744 3236560896
3864502272 3268513792 3237916672
3864162304 3268407296 3237701632
3864096768 3268186112 3237581824
3863560192 3268055040 3237099520
3864162304 3265884160 3237262336
3864162304 3265921024 3237253120
3865903104 3268026368 3239144448
3863900160 3266203648 3237036032
3863949312 3265814528 3237085184
3864670208 3266846720 3237881856
3864637440 3266703360 3237791744
3863113728 3265601536 3236412416
