3930525696 3335192576 3305885696
3926355968 3328872448 3299619840
3937517568 3340193792 3310722048
3930169344 3333001216 3303500800
3944075264 3346612224 3317134336
3934588928 3339522048 3309991936
3939291136 3342381056 3312557056
3935014912 3340234752 3310349312
3928092672 3332665344 3301544960
3929219072 3333750784 3302696960
3953242112 3362713600 3331378176
3931230208 3337879552 3306627072
3928989696 3334000640 3302592512
3936260096 3345166336 3313900544
3942498304 3347431424 3315861504
3928850432 3335929856 3304148992
3974209536 3383455744 3352240128
3930005504 3334848512 3303462912
3929468928 3336732672 3304929280
3927896064 3333091328 3301510144
3934740480 3339681792 3308125184
3929841664 3334946816 3303330816
3937353728 3342573568 3310799872
3931033600 3336646656 3304635392
3931308032 3333844992 3304579072
3931815936 3334320128 3305011200
3956424704 3359191040 3329615872
3929726976 3332923392 3303107584
3937693696 3340464128 3310889984
3932655616 3335610368 3305860096
3962957824 3370901504 3341060096
3928457216 3331805184 3301708800
