3912388608 3316891648 3287584768
3909107712 3311484928 3282232320
3920125952 3322875904 3293417472
3911553024 3314212864 3284725760
3925078016 3327639552 3298168832
3918143488 3322920960 3293390848
3921600512 3324760064 3294936064
3918041088 3323326464 3293445120
3910537216 3314946048 3283825664
3910909952 3315331072 3284277248
3919003648 3323764736 3292442624
3912105984 3318849536 3287604224
3910717440 3315568640 3284173824
3919446016 3328143360 3296877568
3923709952 3328708608 3297138688
3910385664 3317575680 3285794816
3925245952 3329880064 3298664448
3911507968 3316203520 3284820992
3911409664 3318747136 3286943744
3909689344 3314741248 3283174400
3918082048 3323129856 3291576320
3911184384 3316338688 3284722688
3920064512 3325382656 3293608960
3915161600 3320856576 3288845312
3912982528 3315306496 3286040576
3912851456 3315163136 3285854208
3934343168 3337166848 3307591680
3911180288 3314212864 3284397056
3920232448 3323105280 3293531136
3913195520 3316203520 3286453248
3927457792 3330465792 3300624384
3909873664 3313373184 3283276800
