3960610816 3365273600 3335966720
3954692096 3357229056 3327976448
3972775936 3375398912 3345943552
3998576640 3406008320 3376491520
3983392768 3386011648 3356524544
3968647168 3373645824 3344108544
3975704576 3378835456 3348997120
3993034752 3400941568 3371053056
3957071872 3361734656 3330614272
3958403072 3362861056 3331807232
4003061760 3412660224 3381332992
3982340096 3393658880 3362393088
3958280192 3363237888 3331826688
3971506176 3380404224 3349117952
3980627968 3385806848 3354236928
3957923840 3365199872 3333419008
4008046592 3417382912 3386165248
3960078336 3364810752 3333425152
3958591488 3366060032 3334259712
3956817920 3361837056 3330254848
3968458752 3373625344 3342057472
3959160832 3364487168 3332864000
3972534272 3377758208 3345972224
3964235776 3369730048 3337709568
3961810944 3364298752 3335019520
3962437632 3365064704 3335755776
4000702464 3403677696 3374105600
3959410688 3362541568 3332728832
3973160960 3376058368 3346481152
3966185472 3369152512 3339394048
4027146240 3434999808 3405157376
3957190656 3360694272 3330596864
