3950051328 3354669056 3325362176
3944689664 3347021824 3317769216
3961229312 3363848192 3334376448
3983077376 3390513152 3361009664
3969605632 3372355584 3342873600
3957534720 3362394112 3332864000
3963125760 3366162432 3336338432
3957628928 3362787328 3332898816
3946819584 3351359488 3320239104
3948269568 3352682496 3321628672
3988766720 3398238208 3366902784
3976802304 3388043264 3356790784
3948068864 3352989696 3321581568
3959328768 3368169472 3336903680
3967361024 3372470272 3340900352
3947745280 3354996736 3323215872
3991425024 3400990720 3369764864
3949363200 3354112000 3322726400
3948339200 3355758592 3323955200
3946762240 3351822336 3320241152
3956711424 3361837056 3330276352
3948912640 3354161152 3322545152
3961122816 3366506496 3334727680
3952955392 3358437376 3326417920
3950989312 3353477120 3324200960
3951730688 3354247168 3324938240
3985371136 3388182528 3358607360
3949064192 3352199168 3322383360
3960913920 3363794944 3334216704
3955122176 3358011392 3328252928
4006072320 3413909504 3384067072
3947196416 3350638592 3320541184
