3848171520 3249750016 3221534720
3848949760 3250626560 3222412288
3849211904 3250610176 3222413312
3849216000 3250577408 3222514688
3849474048 3252932608 3224676352
3848953856 3250610176 3222185984
3848949760 3250806784 3222356992
3848949760 3250876416 3222330368
3848953856 3251806208 3222400000
3848949760 3253473280 3224283136
3849474048 3251937280 3222821888
3848953856 3251662848 3222374400
3848687616 3251585024 3222106112
3848953856 3252072448 3222509568
3848691712 3251601408 3222038528
3849216000 3252256768 3222629376
3849220096 3252002816 3222600704
3848953856 3253637120 3224380416
3848957952 3251539968 3222245376
3849220096 3251949568 3222582272
3848957952 3251548160 3222245376
3848957952 3251892224 3222284288
3848962048 3252084736 3222384640
3849486336 3254591488 3224944640
3848962048 3249852416 3222064128
3849482240 3250323456 3222535168
3848957952 3249885184 3222089728
3848957952 3249688576 3222011904
3848962048 3249950720 3222087680
3848962048 3250028544 3222031360
3848957952 3250212864 3222185984
3848966144 3250257920 3222220800
