3876323328 3280842752 3251639296
3876212736 3278704640 3249522688
3876675584 3279384576 3249925120
3880083456 3282817024 3253383168
3876737024 3281469440 3251889152
3875966976 3278684160 3249210368
3880341504 3283296256 3253559296
3876990976 3280216064 3250418688
3879440384 3283816448 3252823040
3878842368 3284934656 3254078464
3879157760 3283664896 3252427776
3879038976 3283800064 3252438016
3875835904 3280674816 3249369088
3876216832 3280863232 3249571840
3876130816 3281178624 3249492992
3879727104 3284983808 3253367808
3879690240 3284381696 3253142528
3876966400 3283836928 3252463616
3875434496 3280601088 3248881664
3875696640 3281129472 3249409024
3876745216 3281670144 3250113536
3875872768 3280846848 3249376256
3876225024 3281543168 3249803264
3880841216 3288379392 3256503296
3875438592 3277959168 3248474112
3880267776 3282751488 3253438464
3877490688 3280343040 3250724864
3876257792 3278934016 3249350656
3875700736 3278581760 3249000448
3877711872 3280506880 3250844672
3876679680 3280044032 3250012160
3876229120 3279605760 3249524736
