3878776832 3283308544 3254103040
3878572032 3281035264 3251852288
3879071744 3281858560 3252386816
3883008000 3285569536 3256128512
3879096320 3283881984 3254296576
3878326272 3281129472 3251644416
3883073536 3286138880 3256386560
3879448576 3282710528 3252893696
3882057728 3286466560 3255468032
3881336832 3287425024 3256565760
3881709568 3286315008 3255068672
3881639936 3286417408 3255045120
3878469632 3283095552 3251773440
3878576128 3283267584 3251949568
3878514688 3283599360 3251886080
3882627072 3287789568 3256161280
3882577920 3287166976 3255915520
3879399424 3286315008 3254930432
3877793792 3283030016 3251292160
3878055936 3283488768 3251726336
3879174144 3284205568 3252612096
3878318080 3283349504 3251844096
3878584320 3283927040 3252136960
3883847680 3291287552 3259400192
3877535744 3280203776 3250716672
3883192320 3285602304 3256281088
3880185856 3282886656 3253255168
3878354944 3281285120 3251680256
3878060032 3280957440 3251351552
3880194048 3283083264 3253405696
3879038976 3282485248 3252424704
3878588416 3282001920 3251917824
