3967889408 3372244992 3343010816
3962134528 3364585472 3335399424
3968090112 3370897408 3341395968
4009611264 3416989696 3387535360
3963813888 3368607744 3338984448
3962396672 3365199872 3335702528
3988635648 3391664128 3361845248
3969105920 3374198784 3344321536
3982176256 3386707968 3355682816
3977003008 3383296000 3352406016
3977969664 3382738944 3351457792
3980275712 3385008128 3353607168
3965239296 3369869312 3338532864
3962798080 3367473152 3336110080
4001054720 3411116032 3379333120
3986997248 3392241664 3360519168
4018024448 3427459072 3396157440
3968917504 3375951872 3344512000
3961774080 3366973440 3335180288
3960635392 3365969920 3334160384
3969675264 3374718976 3343086592
3964137472 3369082880 3337478144
3996377088 3406647296 3374744576
4013289472 3425525760 3393543168
3958435840 3360993280 3331476480
3986972672 3389538304 3360175104
3971477504 3374440448 3344759808
3983613952 3391283200 3361642496
3961835520 3364667392 3334993920
3973632000 3376517120 3346727936
3965382656 3368861696 3338741760
3963023360 3366649856 3336472576
