3967029248 3371483136 3342248960
3957166080 3359432704 3330246656
3966812160 3369414656 3339916288
3998494720 3405914112 3376459776
3957821440 3362689024 3333065728
3956649984 3359318016 3329820672
3985973248 3389071360 3359252480
3967647744 3372797952 3342920704
3980005376 3384594432 3353569280
3975258112 3381555200 3350665216
3976568832 3381190656 3349916672
3978297344 3383091200 3351690240
3964272640 3368996864 3337660416
3956899840 3361677312 3330318336
4000530432 3410403328 3378620416
3984658432 3389939712 3358221312
4011741184 3421179904 3389878272
3967651840 3374493696 3343068160
3956211712 3361517568 3329727488
3954827264 3360280576 3328471040
3967987712 3373060096 3341427712
3958624256 3363717120 3332112384
3986272256 3396362240 3364459520
4002045952 3414343680 3382364160
3952824320 3355521024 3326004224
3984252928 3386818560 3357463552
3970113536 3372883968 3343207424
3983089664 3390545920 3360905216
3956281344 3359244288 3329574912
3971944448 3374919680 3345130496
3959705600 3363225600 3333105664
3957342208 3360763904 3330586624
