3917316096 3321831424 3292612608
3912331264 3314647040 3285460992
3917385728 3320070144 3290571776
3926622208 3329290240 3299835904
3913383936 3318263808 3288650752
3912392704 3315134464 3285638144
3927601152 3330617344 3300814848
3918053376 3323109376 3293254656
3923873792 3328425984 3297409024
3921952768 3328032768 3297158144
3922276352 3326795776 3295532032
3923574784 3328425984 3297035264
3915505664 3320426496 3289091072
3912392704 3317186560 3285843968
3915821056 3321008128 3289270272
3926233088 3331440640 3299758080
3925569536 3330396160 3299111936
3917545472 3324469248 3293059072
3912273920 3317399552 3285632000
3911102464 3316645888 3284847616
3917291520 3322388480 3290782720
3915694080 3320647680 3289086976
3913224192 3318583296 3286751232
3928190976 3335852032 3303904256
3910856704 3313475584 3283966976
3926380544 3329073152 3299732480
3919065088 3321782272 3292123136
3913269248 3316011008 3286388736
3911835648 3314659328 3285018624
3919675392 3322626048 3292872704
3913531392 3317035008 3286931456
3912552448 3315912704 3285773312
