3907538944 3312009216 3282797568
3903737856 3305992192 3276806144
3907461120 3310063616 3280565248
3915378688 3317944320 3288489984
3903901696 3308703744 3279090688
3904049152 3306741760 3277245440
3916402688 3319599104 3289797632
3907608576 3312799744 3282946048
3912970240 3317440512 3286434816
3911540736 3317833728 3286959104
3911811072 3316563968 3285300224
3913076736 3317854208 3286463488
3905531904 3310321664 3278986240
3904737280 3309445120 3278102528
3906351104 3311476736 3279739904
3915399168 3320573952 3288891392
3914407936 3319123968 3287842816
3907858432 3314716672 3283306496
3905044480 3310141440 3278373888
3902820352 3308306432 3276508160
3907067904 3312234496 3280628736
3904266240 3309182976 3277622272
3907956736 3313266688 3281434624
3916750848 3324358656 3292417024
3901620224 3304202240 3274693632
3915153408 3317788672 3288448000
3908493312 3311419392 3281760256
3904892928 3307819008 3278196736
3903451136 3306196992 3276556288
3908464640 3311316992 3281563648
3904897024 3308335104 3278234624
3903840256 3307376640 3277238272
