3857645568 3261485056 3232969728
3858649088 3260452864 3231864832
3858399232 3260198912 3231534080
3858702336 3260829696 3232133120
3858911232 3262836736 3234101248
3858128896 3260305408 3231519744
3858423808 3260616704 3231762432
3858436096 3260878848 3231942656
3858702336 3262091264 3232129024
3858698240 3264073728 3234101248
3859234816 3262484480 3232534528
3858440192 3262017536 3231879168
3858124800 3261603840 3231471616
3858391040 3262038016 3231831040
3857629184 3261480960 3231200256
3858739200 3262472192 3232166912
3858804736 3262341120 3232315392
3858677760 3264212992 3234067456
3857870848 3261616128 3231376384
3858395136 3262205952 3231865856
3858456576 3261931520 3231812608
3857907712 3261579264 3231330304
3858399232 3262259200 3231984640
3859095552 3265036288 3234742272
3858137088 3259658240 3231275008
3859181568 3260571648 3232180224
3858432000 3260026880 3231660032
3858395136 3259936768 3231488000
3858137088 3259633664 3231304704
3858399232 3260182528 3231631360
3858456576 3260153856 3231659008
3858665472 3260448768 3231753216
