3943763968 3348328448 3319109632
3937439744 3339771904 3310639104
3943731200 3346489344 3316990976
3956994048 3359731712 3330277376
3938209792 3343106048 3313517568
3937509376 3340058624 3310795776
3958595584 3361730560 3331928064
3944759296 3349897216 3320042496
3953844224 3358199808 3327182848
3950325760 3356438528 3325556736
3950571520 3355316224 3324042240
3952316416 3357245440 3325844480
3941060608 3345920000 3314583552
3937464320 3342303232 3310959616
3965198336 3375144960 3343405056
3957104640 3362373632 3330691072
3955728384 3360358400 3329074176
3944079360 3351040000 3319625728
3936698368 3341836288 3310064640
3936063488 3341385728 3309580288
3943911424 3349078016 3317471232
3941146624 3346124800 3314560000
3965992960 3376128000 3344280576
3959545856 3367112704 3335157760
3934552064 3337199616 3307691008
3957022720 3359567872 3330224128
3946213376 3349004288 3319337984
3938775040 3341565952 3311936512
3936759808 3339583488 3309934592
3947057152 3350093824 3320336384
3939532800 3342819328 3312714752
3937714176 3341176832 3311037440
