3865210880 3267321856 3238412288
3864940544 3267092480 3238163456
3867361280 3269562368 3240591360
3865645056 3268263936 3239001088
3865198592 3267526656 3238310912
3864678400 3267063808 3237952512
3865726976 3268251648 3238972416
3864944640 3267633152 3238247424
3865092096 3269267456 3238626304
3865452544 3269566464 3238852608
3865436160 3269537792 3238896640
3864993792 3269165056 3238387712
3865542656 3269935104 3239068672
3865604096 3269832704 3239111680
3865300992 3269861376 3238860800
3865993216 3270328320 3239409664
3865993216 3270475776 3239482368
3865272320 3269664768 3238859776
3865468928 3269627904 3238900736
3865210880 3269976064 3238840320
3865210880 3269771264 3238797312
3865210880 3269730304 3238636544
3866824704 3271147520 3240280064
3867029504 3271393280 3240627200
3865477120 3267391488 3238541312
3865210880 3267022848 3238182912
3866476544 3268481024 3239687168
3864948736 3267383296 3238297600
3865268224 3267391488 3238531072
3866787840 3268841472 3240035328
3864952832 3271925760 3242355712
3865518080 3269971968 3240863744
