3884609536 3286990848 3257759744
3884863488 3287154688 3257989120
3891822592 3294560256 3265076224
3886354432 3289362432 3259708416
3884859392 3287711744 3258091520
3884339200 3287171072 3257647104
3888111616 3291193344 3261343744
3884343296 3287539712 3257629696
3886391296 3290947584 3259852800
3885617152 3290263552 3259137024
3885838336 3290636288 3259264000
3884916736 3289690112 3258342400
3885727744 3290562560 3259188224
3886612480 3291381760 3260023808
3885559808 3290763264 3259071488
3885654016 3290902528 3259206656
3886178304 3291029504 3259532288
3885457408 3290226688 3258822656
3885654016 3290669056 3259044864
3885133824 3290361856 3258548224
3885395968 3290439680 3258775552
3884347392 3289743360 3257982976
3891228672 3296759808 3264954368
3891212288 3296579584 3264715776
3885137920 3287760896 3258312704
3884609536 3287166976 3257815040
3890143232 3293016064 3263435776
3884609536 3287646208 3257884672
3885191168 3288170496 3258551296
3891634176 3294466048 3264912384
3884089344 3291885568 3261652992
3886030848 3291336704 3261479936
