3927486464 3332075520 3302842368
3929772032 3332067328 3302897664
3946561536 3349118976 3319626752
3934740480 3337609216 3307953152
3929272320 3332124672 3302495232
3928621056 3331469312 3301937152
3937935360 3341090816 3311236096
3928322048 3331575808 3301646336
3933859840 3338375168 3307269120
3931598848 3337994240 3306866688
3932024832 3336839168 3305458688
3929833472 3334635520 3303285760
3931447296 3336376320 3304995840
3934031872 3338797056 3307429888
3949051904 3352117248 3320418304
3931209728 3336466432 3304761344
3931496448 3336400896 3304899584
3930980352 3335737344 3304327168
3930939392 3336175616 3304541184
3929210880 3334537216 3302711296
3931127808 3336376320 3304706048
3928518656 3333758976 3301988352
3947646976 3352870912 3321050112
3945115648 3350532096 3318625280
3970248704 3377532928 3348072448
3929124864 3331469312 3302103040
3942981632 3345707008 3316117504
3928535040 3331596288 3301831680
3930812416 3333824512 3304204288
3946938368 3349835776 3320278016
3927293952 3335094272 3304852480
3932401664 3337846784 3307986944
