3899281408 3301642240 3272410112
3900235776 3302526976 3273361408
3914612736 3317354496 3287863296
3907268608 3310125056 3280470016
3900018688 3302924288 3273295872
3899953152 3302768640 3273239552
3909103616 3312295936 3282442240
3901915136 3305222144 3275300864
3906658304 3311177728 3280075776
3905368064 3311751168 3280624640
3905658880 3310514176 3279135744
3900715008 3305586688 3274237952
3901394944 3306295296 3274915840
3907080192 3311943680 3280576512
3905404928 3310485504 3278786560
3901272064 3306549248 3274845184
3901689856 3306557440 3275060224
3901800448 3306741760 3275332608
3901329408 3306311680 3274678272
3900071936 3305488384 3273674752
3901300736 3306340352 3274671104
3900067840 3305332736 3273567232
3915538432 3320766464 3288949760
3914399744 3319975936 3288069120
3929427968 3336720384 3307260928
3899977728 3302375424 3273020416
3911491584 3314184192 3284595712
3900956672 3304087552 3274322944
3900821504 3303854080 3274233856
3914887168 3317764096 3288206336
3898736640 3306573824 3276332032
3905941504 3311185920 3281329152
