3925778432 3330412544 3301179392
3928104960 3330342912 3301173248
3944255488 3347087360 3317595136
3932917760 3335757824 3306101760
3927531520 3330441216 3300815872
3926867968 3329773568 3300245504
3936088064 3339194368 3309339648
3926568960 3329855488 3299926016
3932110848 3336577024 3305470976
3930001408 3336331264 3305203712
3930333184 3335102464 3303721984
3928018944 3332890624 3301540864
3929735168 3334606848 3303226368
3932188672 3336966144 3305598976
3947024384 3350339584 3318640640
3929378816 3334717440 3303012352
3929509888 3334651904 3303150592
3928924160 3334000640 3302590464
3929231360 3334443008 3302808576
3927449600 3332837376 3301011456
3929407488 3334619136 3302948864
3926753280 3332055040 3300284416
3945369600 3350827008 3319010304
3943104512 3348529152 3316622336
3970248704 3377475584 3348015104
3927121920 3329761280 3300395008
3940978688 3343720448 3314135040
3926802432 3329875968 3300111360
3929116672 3332059136 3302438912
3944890368 3347775488 3318217728
3925622784 3333443584 3303201792
3930640384 3336069120 3306209280
