3857870848 3259772928 3231186944
3857862656 3259695104 3231047680
3858964480 3260809216 3232164864
3857879040 3259883520 3231174656
3857858560 3259846656 3231072256
3857338368 3259383808 3230592000
3857625088 3259834368 3230977024
3857604608 3259858944 3230945280
3857604608 3261046784 3231075328
3857616896 3261194240 3231164416
3857911808 3261411328 3231385600
3857604608 3261132800 3231039488
3858128896 3261632512 3231524864
3858128896 3261747200 3231564800
3857899520 3261661184 3231389696
3858391040 3262373888 3232007168
3858653184 3262230528 3232136192
3857629184 3261296640 3231071232
3858128896 3261722624 3231591424
3857870848 3261784064 3231441920
3857870848 3261698048 3231462400
3857870848 3261640704 3231329280
3857657856 3261370368 3231126528
3858694144 3262459904 3232136192
3858137088 3259408384 3231125504
3857608704 3259064320 3230724096
3858395136 3259830272 3231491072
3857870848 3259596800 3231102976
3857866752 3259301888 3230906368
3857682432 3259359232 3230925824
3857612800 3263619072 3234948096
3857612800 3259629568 3231076352
