3921596416 3325976576 3296743424
3923357696 3325685760 3296516096
3942002688 3344580608 3315088384
3931287552 3334184960 3304528896
3922972672 3325849600 3296220160
3922305024 3325173760 3295641600
3934277632 3337482240 3307627520
3922550784 3325849600 3295920128
3930701824 3335254016 3304147968
3928666112 3335053312 3303925760
3928977408 3333828608 3302448128
3923419136 3328282624 3296932864
3925667840 3330375680 3298995200
3930632192 3335430144 3304062976
3945852928 3348942848 3317243904
3924668416 3329982464 3298277376
3924910080 3329830912 3298329600
3925024768 3329781760 3298371584
3925176320 3330187264 3298552832
3923439616 3328815104 3296989184
3924557824 3329843200 3298172928
3922235392 3327496192 3295725568
3943055360 3348316160 3316495360
3940663296 3346108416 3314201600
3960115200 3367436288 3337975808
3922841600 3325222912 3295856640
3938664448 3341406208 3311816704
3922264064 3325358080 3295593472
3924795392 3327840256 3298220032
3942674432 3345330176 3315772416
3921154048 3328999424 3298757632
3929661440 3334868992 3305009152
