3950346240 3354882048 3325648896
3953156096 3355459584 3326289920
4000956416 3401592832 3372100608
3981938688 3389562880 3359906816
3952820224 3355570176 3325940736
3952095232 3354853376 3325321216
3964665856 3367809024 3337954304
3951501312 3354624000 3324694528
3967287296 3371839488 3340719104
3964297216 3370713088 3339571200
3955859456 3360772096 3329377280
3952963584 3357773824 3326423040
3982147584 3391754240 3360373760
3967848448 3372621824 3341254656
3981824000 3384885248 3353183232
3955048448 3360362496 3328657408
3955871744 3360858112 3329342464
3954700288 3359674368 3328249856
3955011584 3360051200 3328408576
3952648192 3357974528 3326140416
3955027968 3360378880 3328707584
3951140864 3356540928 3324763136
4007903232 3417870336 3386049536
3982364672 3387940864 3356034048
3976556544 3383910400 3354435584
3952287744 3354824704 3325450240
3979755520 3382534144 3352929280
3951804416 3354771456 3325002752
3954622464 3357716480 3328095232
3985309696 3387981824 3358420992
3949563904 3357409280 3327167488
3964870656 3370250240 3340390400
