3910709248 3315236864 3286003712
3912364032 3314561024 3285391360
3927212032 3329900544 3300408320
3918020608 3320803328 3291147264
3912007680 3314753536 3285124096
3911385088 3314114560 3284582400
3920752640 3323846656 3293991936
3911675904 3314888704 3284959232
3917688832 3322085376 3290979328
3915833344 3322347520 3291219968
3916349440 3321090048 3289709568
3912867840 3317612544 3286262784
3913670656 3318497280 3287116800
3917385728 3322302464 3290935296
3932766208 3335962624 3304263680
3913498624 3318681600 3286976512
3913560064 3318591488 3287090176
3913097216 3317968896 3286558720
3913797632 3318960128 3287325696
3912085504 3317383168 3285557248
3913330688 3318521856 3286851584
3911159808 3316572160 3284801536
3927977984 3333357568 3301536768
3925975040 3331538944 3299632128
3930214400 3337719808 3308259328
3911712768 3314249728 3284883456
3924549632 3327414272 3297824768
3911380992 3314343936 3284579328
3913068544 3316011008 3286390784
3927707648 3330510848 3300953088
3910995968 3318714368 3288472576
3916546048 3321925632 3292065792
