3857608704 3259289600 3230714880
3857338368 3259187200 3230547968
3858153472 3260243968 3231612928
3857342464 3259314176 3230648320
3857334272 3259342848 3230597120
3856814080 3258871808 3230097408
3857100800 3259338752 3230493696
3857080320 3259342848 3230446592
3857080320 3260518400 3230567424
3857080320 3260612608 3230633984
3857387520 3260862464 3230878720
3857080320 3260592128 3230540800
3857604608 3261083648 3231003648
3857604608 3261169664 3231030272
3857362944 3261124608 3230872576
3857866752 3261833216 3231500288
3858128896 3261730816 3231662080
3857092608 3260747776 3230569472
3857604608 3261214720 3231112192
3857608704 3261259776 3230966784
3857608704 3261177856 3230968832
3857346560 3261116416 3230843904
3857121280 3260825600 3230596096
3858157568 3261952000 3231655936
3857612800 3258867712 3230620672
3857084416 3258499072 3230198784
3857870848 3259273216 3230949376
3857346560 3259084800 3230617600
3857342464 3258761216 3230389248
3857133568 3258802176 3230395392
3857088512 3263070208 3234446336
3857088512 3259092992 3230561280
