3923513344 3328000000 3298766848
3925364736 3327832064 3298662400
3942440960 3345084416 3315592192
3931443200 3334397952 3304741888
3924951040 3327959040 3298329600
3924529152 3327291392 3297759232
3934781440 3337793536 3307938816
3924262912 3327397888 3297468416
3931070464 3335430144 3304324096
3928678400 3335143424 3304015872
3928989696 3333906432 3302525952
3925684224 3330412544 3299062784
3927199744 3332075520 3300695040
3930730496 3335585792 3304218624
3945922560 3349090304 3317391360
3926962176 3332190208 3300485120
3926933504 3332050944 3300549632
3926523904 3331440640 3300030464
3926667264 3331854336 3300219904
3924893696 3330379776 3298553856
3926843392 3332059136 3300388864
3924205568 3329585152 3297814528
3943624704 3348938752 3317117952
3941040128 3346554880 3314648064
3960115200 3367514112 3338053632
3924824064 3327320064 3297953792
3939028992 3341832192 3312242688
3924234240 3327422464 3297657856
3926548480 3329495040 3299874816
3943198720 3345932288 3316374528
3923382272 3331051520 3300809728
3929673728 3334955008 3305095168
