3891036160 3293560832 3264328704
3892015104 3294179328 3265013760
3901333504 3304005632 3274517504
3895418880 3298234368 3268579328
3891830784 3294638080 3265010688
3891261440 3293958144 3264430080
3897937920 3300990976 3271140352
3893518336 3296743424 3266822144
3894329344 3298676736 3267577856
3893145600 3299438592 3268312064
3895451648 3300134912 3268757504
3894095872 3298856960 3267508224
3893063680 3297775616 3266397184
3895091200 3299926016 3268561920
3893985280 3299176448 3267478528
3892977664 3298119680 3266415616
3893190656 3298156544 3266659328
3892539392 3297361920 3265957888
3893301248 3298398208 3266772992
3892215808 3297452032 3265638400
3894218752 3299381248 3267712000
3893522432 3298897920 3267136512
3902357504 3307712512 3275895808
3901853696 3307290624 3275393024
3913723904 3321143296 3291687936
3893264384 3295830016 3266478080
3902013440 3304730624 3275146240
3891425280 3294404608 3264643072
3892482048 3295432704 3265812480
3901374464 3304091648 3274533888
3891789824 3299520512 3269278720
3893497856 3298848768 3268992000
