3927748608 3332173824 3302940672
3929772032 3332202496 3303032832
3946795008 3349426176 3319933952
3934765056 3337789440 3308133376
3929272320 3332255744 3302626304
3928621056 3331575808 3302043648
3938119680 3341283328 3311432704
3928322048 3331682304 3301752832
3933896704 3338547200 3307445248
3932123136 3338539008 3307415552
3932024832 3336978432 3305602048
3930357760 3335180288 3303830528
3931709440 3336503296 3305126912
3934056448 3338964992 3307597824
3949051904 3352240128 3320541184
3931209728 3336613888 3304908800
3932020736 3336941568 3305440256
3931504640 3336273920 3304863744
3931201536 3336327168 3304692736
3929210880 3334656000 3302830080
3931127808 3336503296 3304833024
3928518656 3333857280 3302086656
3947917312 3353149440 3321332736
3945336832 3350777856 3318871040
3970248704 3377557504 3348097024
3929124864 3331579904 3302213632
3943190528 3345940480 3316355072
3929059328 3332128768 3302364160
3931336704 3334369280 3304749056
3947446272 3350126592 3320568832
3927293952 3335192576 3304950784
3933192192 3338395648 3308535808
