3951140864 3355693056 3326459904
3954511872 3356766208 3327596544
4001161216 3401805824 3372313600
3982032896 3389677568 3360021504
3953647616 3356418048 3326788608
3952885760 3355656192 3326124032
3965440000 3368599552 3338744832
3952812032 3355955200 3326025728
3967373312 3371929600 3340809216
3964297216 3370733568 3339591680
3957227520 3362086912 3330692096
3954802688 3359604736 3328253952
3982147584 3391766528 3360386048
3967873024 3372658688 3341291520
3981836288 3384913920 3353211904
3956957184 3362234368 3330529280
3957354496 3362349056 3330833408
3956097024 3361083392 3329658880
3956899840 3361910784 3330268160
3953459200 3358797824 3326963712
3957194752 3362238464 3330567168
3952467968 3357839360 3326061568
4008181760 3418165248 3386344448
3982819328 3388149760 3356242944
3976556544 3383934976 3354460160
3953557504 3356094464 3326720000
3979890688 3382677504 3353072640
3952582656 3355566080 3325797376
3955990528 3359031296 3329410048
3985506304 3388190720 3358629888
3950931968 3358654464 3328412672
3979063296 3389173760 3359313920
