3958484992 3360911360 3331635200
3958251520 3360653312 3331462144
3949559808 3352469504 3322910720
3953750016 3356749824 3327101952
3949563904 3352363008 3322812416
3991486464 3390177280 3360661504
3953774592 3357003776 3327126528
3951525888 3356786688 3326822400
3950198784 3357134848 3325805568
3952222208 3356790784 3325755392
3949666304 3354472448 3323118592
3950710784 3357728768 3326298112
3948998656 3353948160 3322513408
3976519680 3385880576 3354561536
3951353856 3356545024 3324851200
3959492608 3366797312 3335072768
3958616064 3365478400 3334215680
3948191744 3353153536 3321709568
3955376128 3360481280 3328758784
3951104000 3356356608 3324672000
3983585280 3390455808 3358963712
3967184896 3377307648 3345494016
3949875200 3355430912 3323521024
3950395392 3355955200 3323986944
3957915648 3362476032 3333080064
3951906816 3354456064 3325129728
3953393664 3356381184 3326814208
3965308928 3366150144 3336458240
3962626048 3365335040 3335785472
3962343424 3365253120 3335578624
3953909760 3357065216 3327118336
3953586176 3356979200 3326990336
