3933392896 3335806976 3306544128
3932913664 3335335936 3306161152
3927154688 3329859584 3300303872
3929440256 3332435968 3302798336
3926745088 3329687552 3300136960
3965960192 3364745216 3335237632
3930091520 3333382144 3303508992
3928621056 3333615616 3303651328
3927257088 3334324224 3303012352
3928743936 3333242880 3302215680
3926847488 3331739648 3300403200
3928035328 3334881280 3303465984
3926528000 3331407872 3299979264
3927646208 3332476928 3301163008
3928260608 3333492736 3301803008
3933446144 3340808192 3309099008
3933208576 3340029952 3308771328
3925868544 3330863104 3299425280
3931250688 3336318976 3304607744
3927814144 3333017600 3301341184
3951570944 3358408704 3326928896
3956367360 3366322176 3334516736
3927240704 3332747264 3300845568
3927261184 3332984832 3301027840
3932692480 3337424896 3308028928
3928453120 3331133440 3301807104
3929473024 3332427776 3302872064
3925999616 3329101824 3299409920
3936202752 3338973184 3309427712
3935936512 3338993664 3309331456
3930112000 3333373952 3303438336
3929767936 3333042176 3303057408
