3883114496 3285508096 3256249344
3882508288 3285028864 3255857152
3880669184 3283333120 3253792768
3881525248 3284316160 3254684672
3880407040 3283218432 3253686272
3924140032 3322765312 3293258752
3881656320 3284729856 3254875136
3881472000 3286470656 3256517632
3881455616 3288203264 3256888320
3881717760 3286106112 3255077888
3880411136 3285155840 3253827584
3881193472 3287920640 3256519680
3880673280 3285495808 3254069248
3880669184 3285454848 3254146048
3881046016 3286310912 3254633472
3882172416 3289559040 3257851904
3883167744 3289866240 3258632192
3880153088 3285123072 3253689344
3882119168 3287199744 3255523328
3880689664 3285782528 3254127616
3888861184 3295780864 3264321536
3880939520 3286179840 3254392832
3880415232 3285929984 3254073344
3880943616 3286458368 3254502400
3882991616 3287457792 3258067968
3881201664 3283763200 3254448128
3881185280 3283955712 3254443008
3880153088 3283062784 3253384192
3883417600 3286118400 3256590336
3883532288 3286331392 3256690688
3881435136 3284717568 3254807552
3881672704 3284938752 3254968320
