3907235840 3309572096 3280310272
3906519040 3309035520 3279860736
3897794560 3300438016 3270883328
3904466944 3307458560 3277820928
3897593856 3300196352 3270648832
3935481856 3334148096 3304640512
3904827392 3308052480 3278182400
3898945536 3303923712 3273960448
3899068416 3306024960 3274708992
3899408384 3303813120 3272781824
3897466880 3302219776 3270880256
3898261504 3305201664 3273786368
3897466880 3302293504 3270862848
3898019840 3302789120 3271471104
3898449920 3303747584 3272060928
3906699264 3313979392 3282266112
3907260416 3313893376 3282649088
3896905728 3301826560 3270388736
3905384448 3310678016 3278969856
3898548224 3303636992 3271969792
3918544896 3325390848 3293905920
3898052608 3303497728 3271692288
3897565184 3303137280 3271242752
3898118144 3303550976 3271590912
3906629632 3311247360 3281855488
3899219968 3301797888 3272468480
3904450560 3307311104 3277765632
3897188352 3299983360 3270297600
3908624384 3311333376 3281783808
3908411392 3311439872 3281776640
3899502592 3302682624 3272747008
3899437056 3302711296 3272722432
