3896061952 3298508800 3269250048
3896172544 3298512896 3269338112
3892293632 3295019008 3265464320
3894214656 3297038336 3267400704
3892097024 3294810112 3265262592
3934519296 3333074944 3303567360
3894026240 3297062912 3267192832
3894444032 3299561472 3269598208
3892969472 3299753984 3268438016
3893362688 3297857536 3266826240
3892015104 3296849920 3265517568
3893026816 3299766272 3268354048
3892064256 3296985088 3265558528
3892744192 3297374208 3266056192
3893690368 3298811904 3267125248
3896483840 3303886848 3272173568
3896147968 3302866944 3271622656
3891769344 3296555008 3265117184
3894599680 3299721216 3268013056
3892449280 3297665024 3266001920
3907932160 3314606080 3283128320
3894185984 3299446784 3267641344
3892350976 3297771520 3265876992
3893653504 3299172352 3267212288
3895762944 3300220928 3270829056
3893399552 3295809536 3266480128
3894665216 3297390592 3267845120
3891720192 3294633984 3264948224
3899531264 3302334464 3272784896
3897827328 3300667392 3271004160
3893870592 3297148928 3267217408
3895373824 3298717696 3268728832
