3862568960 3264569344 3235851264
3862564864 3264634880 3235912704
3861532672 3263721472 3234765824
3862319104 3264626688 3235523584
3861794816 3263918080 3234955264
3862183936 3264499712 3235490816
3862171648 3264532480 3235430400
3862073344 3266482176 3237264384
3862581248 3268816896 3238116352
3862319104 3266056192 3235734528
3861536768 3265486848 3235073024
3862056960 3268259840 3237562368
3862061056 3266166784 3235566592
3861532672 3265581056 3235089408
3862171648 3266248704 3235641344
3862298624 3268583424 3237876736
3862962176 3268665344 3238400000
3861803008 3265667072 3235143680
3862646784 3266527232 3235980288
3861553152 3265830912 3235152896
3863769088 3269316608 3238987776
3862065152 3266396160 3235596288
3861803008 3265806336 3235194880
3861807104 3266097152 3235425280
3862724608 3266318336 3237801984
3862327296 3264098304 3235539968
3861938176 3263631360 3235096576
3861540864 3263451136 3234657280
3862335488 3264221184 3235609600
3862065152 3264155648 3235323904
3862376448 3264327680 3235471360
3862474752 3264561152 3235693568
