3869900800 3272404992 3243201536
3869847552 3272134656 3243021312
3868348416 3270959104 3241579520
3869204480 3272065024 3242545152
3868610560 3271180288 3241767936
3869360128 3271958528 3242566656
3869073408 3272167424 3242478592
3869151232 3274018816 3244219392
3869396992 3276308480 3245038592
3869396992 3273728000 3242773504
3868352512 3273052160 3241858048
3868872704 3275681792 3244403712
3868876800 3273572352 3242285056
3868610560 3273236480 3242046464
3868987392 3273994240 3242517504
3869786112 3276820480 3245344768
3870416896 3276861440 3245873152
3868618752 3273285632 3241990144
3869761536 3274592256 3243133952
3868631040 3273609216 3242164224
3873603584 3280138240 3248937984
3868880896 3274088448 3242490880
3868618752 3273687040 3242128384
3868884992 3274006528 3242322944
3870105600 3274506240 3245252608
3869405184 3271630848 3242479616
3869077504 3271561216 3242293248
3868356608 3271086080 3241630720
3870224384 3272781824 3243476992
3870347264 3272925184 3243473920
3869327360 3272286208 3242661888
3869614080 3272523776 3242803200
