3887489024 3289808896 3260550144
3886882816 3289182208 3260008448
3884601344 3287289856 3257737216
3885457408 3288252416 3258614784
3884339200 3287109632 3257563136
3928543232 3327090688 3297583104
3885625344 3288743936 3258877952
3885404160 3290566656 3260610560
3885387776 3292119040 3260803072
3885649920 3290030080 3258999808
3884343296 3289047040 3257715712
3885125632 3291901952 3260496896
3884605440 3289427968 3258001408
3884601344 3289391104 3258077184
3885240320 3290382336 3258696704
3886338048 3293782016 3262068736
3887534080 3294183424 3262946304
3884085248 3289059328 3257621504
3886125056 3291291648 3259597824
3884621824 3289739264 3258083328
3894280192 3301138432 3269670912
3884871680 3290079232 3258276864
3884347392 3289907200 3258020864
3884875776 3290406912 3258446848
3886997504 3291656192 3262264320
3885395968 3287752704 3258428416
3885199360 3288023040 3258490880
3884085248 3286908928 3257226240
3887738880 3290636288 3261089792
3887837184 3290734592 3261079552
3885699072 3288809472 3258881024
3885604864 3288965120 3258987520
