3969458176 3371843584 3342563328
3970117632 3372523520 3343335424
3960442880 3363172352 3333616640
3964583936 3367342080 3337694208
3960401920 3363082240 3333527552
4002668544 3401342976 3371827200
3964866560 3368079360 3338206208
3962429440 3367624704 3337659392
3961085952 3367923712 3336605696
3962843136 3367358464 3336346624
3960446976 3365167104 3333809152
3961585664 3368579072 3337140224
3959787520 3364708352 3333272576
3981848576 3391496192 3360168960
3962155008 3367325696 3335623680
3971100672 3378397184 3346672640
3969966080 3376873472 3345606656
3958964224 3363749888 3332289536
3966521344 3371634688 3339911168
3961233408 3366486016 3334800384
3998588928 3405266944 3373777920
3987427328 3397500928 3365687296
3960549376 3366043648 3334125568
3960950784 3366481920 3334513664
3969613824 3374194688 3344798720
3962908672 3365384192 3336049664
3964678144 3367530496 3337959424
3975970816 3376779264 3347082240
3974258688 3376975872 3347422208
3974062080 3376881664 3347203072
3965095936 3368243200 3338296320
3964321792 3367677952 3337689088
