3867979776 3270262784 3241135104
3867713536 3270049792 3240996864
3866513408 3268890624 3239635968
3867369472 3269988352 3240564736
3866775552 3269165056 3239869440
3867262976 3269812224 3240528896
3867238400 3269984256 3240461312
3867054080 3271880704 3242219520
3867561984 3274268672 3243058176
3867299840 3271548928 3240699904
3866517504 3270942720 3239927808
3867037696 3273515008 3242373120
3866779648 3271540736 3240394752
3866513408 3271147520 3240060928
3867152384 3271905280 3240588288
3867643904 3274616832 3243317248
3868258304 3274510336 3243758592
3866521600 3271254016 3240101888
3867664384 3272294400 3241070592
3866796032 3271503872 3240236032
3870986240 3277213696 3246295040
3867045888 3271970816 3240519680
3866783744 3271577600 3240263680
3866787840 3271741440 3240321024
3867910144 3272159232 3243052032
3867308032 3269529600 3240492032
3866980352 3269328896 3240292352
3866521600 3268943872 3239638016
3868172288 3270418432 3241293824
3868020736 3270516736 3241235456
3867205632 3270025216 3240589312
3867516928 3270234112 3240732672
