3945320448 3347673088 3318410240
3944984576 3347308544 3318130688
3935027200 3337961472 3308405760
3941003264 3343966208 3314328576
3934961664 3337801728 3308328960
3978145792 3376840704 3347332096
3941715968 3344920576 3315043328
3936706560 3341914112 3311949824
3936014336 3342909440 3311597568
3937185792 3341746176 3310713856
3934998528 3339796480 3308537856
3935993856 3343093760 3311671296
3935141888 3339911168 3308477440
3935805440 3340582912 3309300736
3936985088 3342163968 3310466048
3945881600 3353165824 3321441280
3945103360 3351875584 3320612864
3933941760 3338784768 3307449344
3942948864 3348004864 3316289536
3935989760 3341279232 3309597696
3965771776 3372462080 3340969984
3956367360 3366596608 3334782976
3935436800 3340910592 3308996608
3935985664 3341594624 3309626368
3944628224 3349315584 3319919616
3936804864 3339440128 3310142464
3941302272 3344150528 3314586624
3934052352 3337138176 3307442176
3949043712 3351736320 3322186752
3948376064 3351347200 3321676800
3941797888 3344986112 3315039232
3938320384 3341590528 3311601664
