3957764096 3360092160 3330829312
3956948992 3359272960 3330095104
3945136128 3347890176 3318334464
3953164288 3356102656 3326461952
3945046016 3347771392 3318216704
3990683648 3389337600 3359828992
3953225728 3356389376 3326512128
3946414080 3351584768 3321620480
3945619456 3352432640 3321116672
3947470848 3351904256 3320871936
3944583168 3349311488 3317970944
3945594880 3352522752 3321092096
3943886848 3348807680 3317372928
3970895872 3380506624 3349187584
3946188800 3351281664 3319583744
3958018048 3365269504 3333544960
3956994048 3363762176 3332499456
3943329792 3348131840 3316686848
3954282496 3359571968 3327852544
3945631744 3350855680 3319171072
3980496896 3387232256 3355740160
3966660608 3376726016 3344912384
3944771584 3350302720 3318388736
3945021440 3350544384 3318576128
3956961280 3361689600 3332293632
3947175936 3349643264 3320312832
3952758784 3355566080 3325999104
3960287232 3361148928 3331452928
3961106432 3363753984 3334204416
3961098240 3364175872 3334501376
3953086464 3356467200 3326520320
3948224512 3351453696 3321464832
