3918802944 3321114624 3291851776
3918548992 3320795136 3291644928
3910668288 3313582080 3284026368
3915493376 3318398976 3288777728
3910467584 3313311744 3283765248
3951394816 3350036480 3320528896
3915956224 3319136256 3289291776
3911856128 3317108736 3287149568
3911081984 3318034432 3286722560
3912331264 3316756480 3285725184
3910643712 3315449856 3284113408
3911389184 3318374400 3286959104
3910148096 3315224576 3283796992
3911479296 3316166656 3284848640
3911634944 3316928512 3285250048
3918446592 3325681664 3293968384
3918573568 3325251584 3293997056
3910090752 3314946048 3283505152
3916591104 3321831424 3290120192
3911008256 3316367360 3284717568
3932606464 3339501568 3308025856
3910856704 3316330496 3284594688
3910963200 3316535296 3284640768
3910938624 3316604928 3284709376
3918000128 3322609664 3293218816
3911901184 3314520064 3285301248
3915472896 3318259712 3288715264
3909894144 3312930816 3283368960
3920711680 3323424768 3293883392
3920547840 3323523072 3293876224
3916042240 3319169024 3289233408
3913129984 3316387840 3286411264
