3880120320 3282550784 3253294080
3879550976 3282071552 3252900864
3877785600 3280564224 3251054592
3878641664 3281547264 3251927040
3877785600 3280404480 3250985984
3921137664 3319775232 3290275840
3878772736 3281928192 3252105216
3878588416 3283619840 3253681152
3878572032 3285491712 3254178816
3878834176 3283288064 3252264960
3877789696 3282251776 3251122176
3878309888 3285131264 3253833728
3878051840 3282862080 3251444736
3878047744 3282464768 3251381248
3878424576 3283460096 3251814400
3879432192 3286577152 3254952960
3880202240 3286859776 3255688192
3877531648 3282276352 3250995200
3879223296 3284418560 3252754432
3878068224 3283128320 3251534848
3885326336 3292237824 3260783616
3878055936 3283484672 3251710976
3877793792 3283099648 3251333120
3878322176 3283742720 3251801088
3880071168 3284586496 3255249920
3878580224 3280871424 3251706880
3878563840 3281203200 3251725312
3877531648 3280191488 3250742272
3880329216 3283009536 3253565440
3880452096 3283238912 3253680128
3878813696 3281924096 3252052992
3878789120 3282083840 3252172800
