3945357312 3347787776 3318524928
3945033728 3347431424 3318253568
3936448512 3339153408 3309634560
3941265408 3344039936 3314402304
3936133120 3339087872 3309537280
3978469376 3376971776 3347467264
3941715968 3344990208 3315117056
3938013184 3343134720 3313170432
3936661504 3343728640 3312412672
3938521088 3342921728 3311889408
3936157696 3341090816 3309750272
3937406976 3344289792 3312867328
3935768576 3340709888 3309280256
3956363264 3365834752 3334515712
3937640448 3343007744 3311309824
3945979904 3353337856 3321613312
3945115648 3351965696 3320702976
3935068160 3340083200 3308641280
3942948864 3348074496 3316359168
3937820672 3342913536 3311232000
3966074880 3372843008 3341350912
3956629504 3366662144 3334852608
3936575488 3341983744 3310180352
3936878592 3342381056 3310412800
3944902656 3349393408 3320005632
3937992704 3340722176 3311395840
3941335040 3344252928 3314685952
3935191040 3338317824 3308621824
3949166592 3351937024 3322387456
3948736512 3351519232 3321848832
3941797888 3345055744 3315108864
3939389440 3342856192 3312867328
