3858976768 3260813312 3232295936
3859009536 3261063168 3232468992
3858386944 3260289024 3231541248
3858763776 3260968960 3232100352
3858386944 3260489728 3231663104
3858546688 3260731392 3231852544
3858690048 3260973056 3232030720
3858927616 3263008768 3234019328
3859173376 3264946176 3234655232
3859173376 3262631936 3232524288
3858391040 3261943808 3231822848
3858649088 3264577536 3234209792
3858915328 3262537728 3232264192
3858386944 3261988864 3231759360
3858976768 3262713856 3232375808
3858563072 3264614400 3234187264
3859443712 3265126400 3235024896
3858395136 3262042112 3231877120
3859177472 3262795776 3232497664
3858395136 3262169088 3231789056
3859484672 3264937984 3234755584
3858919424 3262734336 3232293888
3858395136 3262132224 3231813632
3858661376 3262558208 3232136192
3859206144 3262734336 3234444288
3859181568 3260616704 3232231424
3858493440 3260121088 3231734784
3858132992 3259932672 3231404032
3858968576 3260444672 3232036864
3858436096 3260325888 3231744000
3858919424 3260604416 3232024576
3858968576 3260772352 3232182272
