3886940160 3289296896 3260038144
3886346240 3288657920 3259484160
3884077056 3286810624 3257257984
3884933120 3287748608 3258115072
3883814912 3286605824 3257059328
3927994368 3326550016 3297043456
3885088768 3288236032 3258371072
3884879872 3290050560 3260094464
3884863488 3291619328 3260303360
3885125632 3289513984 3258483712
3883819008 3288580096 3257248768
3884601344 3291385856 3259980800
3884081152 3288907776 3257481216
3884077056 3288850432 3257537536
3884716032 3289866240 3258180608
3885764608 3293220864 3261508608
3886985216 3293642752 3262405632
3883560960 3288559616 3257121792
3885588480 3290779648 3259085824
3884097536 3289206784 3257550848
3893575680 3300425728 3268958208
3884347392 3289595904 3257793536
3883823104 3289374720 3257498624
3884351488 3289923584 3257963520
3886473216 3291140096 3261748224
3884871680 3287232512 3257908224
3884662784 3287527424 3257995264
3883560960 3286388736 3256706048
3887153152 3290054656 3260508160
3887243264 3290152960 3260497920
3885154304 3288305664 3258377216
3885080576 3288444928 3258470400
