3893948416 3298340864 3269161984
3890630656 3292966912 3263723520
3890200576 3293130752 3263564800
3894558720 3297259520 3267763200
3892895744 3295662080 3266075648
3890540544 3293499392 3263899648
3890032640 3293212672 3263401984
3888803840 3292160000 3262154752
3890597888 3296989184 3265998848
3897618432 3301826560 3270885376
3895918592 3300646912 3269321728
3898810368 3303501824 3272355840
3894931456 3299729408 3268430848
3889614848 3294437376 3263165440
3890393088 3295526912 3263979520
3890286592 3295596544 3263866880
3889868800 3294720000 3263371264
3891445760 3298447360 3266978816
3891392512 3298562048 3266873344
3896659968 3303714816 3272052736
3891187712 3296264192 3264647168
3891687424 3296796672 3265187840
3892609024 3297882112 3266129920
3893784576 3299168256 3267270656
3896414208 3300999168 3271779328
3889901568 3294703616 3265278976
3894341632 3297124352 3267534848
3890507776 3293618176 3263850496
3890671616 3293618176 3263938560
3893276672 3296194560 3266426880
3895631872 3299090432 3269131264
3893911552 3301216256 3271215104
