3902087168 3306487808 3277307904
3900596224 3302944768 3273698304
3899170816 3302068224 3272502272
3908784128 3311607808 3282108416
3907047424 3309842432 3280252928
3899777024 3302502400 3272902656
3900112896 3303317504 3273499648
3898114048 3301437440 3271419904
3900145664 3306602496 3275611136
3912548352 3316850688 3285909504
3904774144 3309535232 3278210048
3914100736 3318616064 3287465984
3905265664 3310104576 3278802944
3898585088 3303342080 3272070144
3899355136 3304460288 3272911872
3900698624 3305807872 3274077184
3899437056 3304333312 3272984576
3901415424 3308441600 3276973056
3899949056 3307167744 3275479040
3911417856 3318599680 3286937600
3900334080 3305443328 3273823232
3900567552 3305693184 3274070016
3906629632 3311923200 3280171008
3908026368 3313422336 3281524736
3910975488 3315400704 3286180864
3898875904 3303698432 3274269696
3908620288 3311529984 3281940480
3899858944 3302760448 3272992768
3904397312 3307384832 3277705216
3907358720 3310264320 3280492544
3910348800 3313831936 3283869696
3903979520 3311276032 3281271808
