3857367040 3259207680 3230694400
3857072128 3258920960 3230381056
3857866752 3259666432 3231031296
3857625088 3259670528 3231013888
3857629184 3259772928 3231056896
3858120704 3260284928 3231381504
3857604608 3259650048 3230838784
3857076224 3259527168 3230518272
3857866752 3263381504 3233442816
3857936384 3261399040 3231343616
3857629184 3260977152 3231003648
3858198528 3261661184 3231603712
3857862656 3261415424 3231357952
3857346560 3261108224 3230906368
3857604608 3261300736 3231128576
3857604608 3261571072 3231203328
3857346560 3261120512 3230905344
3858132992 3263606784 3233494016
3857883136 3263299584 3233164288
3858169856 3261902848 3231593472
3857608704 3261276160 3231075328
3857870848 3261476864 3231290368
3857649664 3261448192 3231255552
3857907712 3261542400 3231296512
3858477056 3259998208 3231783936
3857608704 3261452288 3233057792
3858157568 3259592704 3231211520
3857342464 3259129856 3230629888
3857088512 3258707968 3230338048
3857895424 3259478016 3231022080
3857645568 3259351040 3230903296
3857883136 3263676416 3235093504
