3889647616 3294105600 3264951296
3887480832 3289899008 3260696576
3888537600 3291148288 3261750272
3892084736 3294806016 3265326080
3890475008 3293327360 3263742976
3888791552 3291533312 3261975552
3888275456 3291271168 3261460480
3886960640 3290398720 3260393472
3888537600 3294998528 3264016384
3894779904 3299110912 3268190208
3891494912 3296329728 3265004544
3896053760 3300552704 3269427200
3890843648 3295494144 3264220160
3888017408 3292626944 3261355008
3888324608 3293638656 3262091264
3888537600 3293646848 3261923328
3888017408 3292684288 3261335552
3888803840 3295858688 3264402432
3889000448 3295977472 3264288768
3893833728 3300925440 3269300224
3888041984 3293208576 3261591552
3888541696 3293675520 3262101504
3890216960 3295576064 3263848448
3891429376 3296833536 3264956416
3893506048 3298062336 3268998144
3888279552 3293003776 3263640576
3891851264 3294679040 3265089536
3888672768 3291574272 3261806592
3888726016 3291525120 3261874176
3890790400 3293790208 3264043008
3893252096 3296567296 3266624512
3889901568 3297067008 3267065856
