3954925568 3359203328 3330022400
3940741120 3343257600 3314027520
3942092800 3344916480 3315350528
3959808000 3362684928 3333185536
3957235712 3360194560 3330603008
3942617088 3345518592 3315917824
3941797888 3344818176 3315005440
3939037184 3342454784 3312473088
3942801408 3349274624 3318321152
3968012288 3372298240 3341369344
3959140352 3363860480 3332524032
3970646016 3375247360 3344113664
3957342208 3362086912 3330783232
3941466112 3346079744 3314795520
3942445056 3347677184 3316112384
3942576128 3347935232 3316211712
3942084608 3346853888 3315542016
3943362560 3350421504 3318957056
3952730112 3359952896 3328256000
3966103552 3373268992 3341602816
3942256640 3347398656 3315758080
3943321600 3348393984 3316754432
3976036352 3386036224 3354263552
3959508992 3364876288 3332967424
3963936768 3368452096 3339228160
3941556224 3346399232 3316975616
3960201216 3362922496 3333331968
3942780928 3345940480 3316168704
3951910912 3354824704 3325105152
3957817344 3360956416 3331163136
3964620800 3368116224 3338139648
3954003968 3361263616 3331248128
