3865739264 3269873664 3240918016
3864936448 3267313664 3238214656
3865731072 3268296704 3239099392
3866730496 3268997120 3239847936
3866320896 3268714496 3239479296
3865985024 3268591616 3239290880
3865468928 3267997696 3238788096
3864940544 3267891200 3238287360
3865993216 3272019968 3241395200
3867037696 3271290880 3240584192
3866361856 3270574080 3239707648
3867713536 3271987200 3241290752
3866341376 3270569984 3239761920
3865473024 3269738496 3238908928
3865518080 3270254592 3239352320
3865731072 3270426624 3239235584
3865473024 3269820416 3238870016
3865997312 3272589312 3241622528
3866193920 3272536064 3241560064
3866963968 3273383936 3242296320
3865759744 3270082560 3239170048
3865735168 3270254592 3239200768
3866054656 3270520832 3239636992
3866361856 3270868992 3239897088
3867922432 3269799936 3241075712
3865735168 3270098944 3241162752
3866570752 3268775936 3239797760
3865604096 3267964928 3238769664
3865436160 3267760128 3238688768
3866447872 3268898816 3239655424
3866406912 3269074944 3239816192
3866083328 3272720384 3243382784
