3917438976 3321860096 3292679168
3913351168 3315916800 3286670336
3914231808 3317149696 3287583744
3921530880 3324112896 3294617600
3919413248 3322212352 3292620800
3914919936 3317641216 3288048640
3914657792 3317813248 3287992320
3912720384 3316256768 3286246400
3914784768 3321270272 3290278912
3926884352 3331166208 3300225024
3920678912 3325468672 3294144512
3928600576 3333214208 3302076416
3920338944 3325181952 3293879296
3914252288 3318968320 3287689216
3914616832 3319717888 3288172544
3914825728 3319926784 3288195072
3914194944 3319025664 3287681024
3915763712 3322822656 3291357184
3916312576 3323297792 3291613184
3924963328 3332169728 3300507648
3914416128 3319549952 3287919616
3914940416 3320127488 3288497152
3937038336 3347091456 3315347456
3920556032 3326009344 3294108672
3924508672 3328999424 3299783680
3913969664 3318796288 3289367552
3921248256 3324125184 3294539776
3915620352 3318509568 3288741888
3915378688 3318386688 3288699904
3920093184 3323015168 3293244416
3924045824 3327328256 3297382400
3919151104 3326431232 3296431104
