3935002624 3337490432 3308238848
3951988736 3352481792 3323236352
3953037312 3353858048 3324301312
3933425664 3336253440 3306753024
3966443520 3367202816 3337681920
3935850496 3340402688 3310833664
3949531136 3354718208 3324926976
3945676800 3348905984 3319061504
3938476032 3342761984 3311742976
3970424832 3374768128 3343882240
3952078848 3357011968 3325568000
3935498240 3340115968 3308889088
3953561600 3358384128 3326886912
3969212416 3373711360 3342570496
3935408128 3340918784 3309123584
3970932736 3376037888 3344459776
3956617216 3359510528 3327981568
4027887616 3436945408 3405521920
3941040128 3346292736 3314579456
3943297024 3348332544 3316680704
3937984512 3342991360 3311399936
3986300928 3396190208 3364633600
3948130304 3353915392 3321828352
3947458560 3353014272 3321054208
3934896128 3337588736 3308093440
3953795072 3356246016 3326993408
3935977472 3339096064 3309316096
3936825344 3339603968 3309971456
3945603072 3348377600 3318854656
3934306304 3337183232 3307480064
3941228544 3344433152 3314479104
3933679616 3337224192 3307079680
