1319043072 542720000 523013120
1320108032 542629888 522992640
1320095744 542515200 522990592
1320095744 542752768 522988544
1321152512 542691328 522951680
1321152512 543744000 524039168
1320083456 544776192 525009920
1320083456 542756864 522988544
1322209280 542756864 522974208
1322209280 542756864 522976256
1321140224 542674944 522980352
1321140224 542752768 522976256
1321140224 542748672 522974208
1321140224 542740480 522966016
1320071168 542744576 522972160
1320071168 542744576 522972160
1323266048 542765056 522978304
1323266048 542756864 522972160
1322196992 399581184 379800576
1313832960 333135872 313371648
1313832960 333135872 313369600
1313832960 333131776 313367552
1312768000 333099008 313338880
1312763904 333127680 313367552
1313832960 333135872 313377792
1313832960 333135872 313377792
1312763904 333131776 313379840
1312768000 333127680 313375744
1312763904 333131776 313381888
1312768000 333135872 313385984
1311694848 333115392 313383936
1310629888 333111296 313404416
