3891417088 3293786112 3264538624
3908190208 3308470272 3279225856
3914948608 3315765248 3286216704
3890724864 3293466624 3263969280
3919548416 3320307712 3290795008
3891499008 3296006144 3266438144
3896872960 3301986304 3272202240
3896352768 3299520512 3269693440
3892703232 3297226752 3266212864
3921854464 3326144512 3295269888
3907981312 3312951296 3281540096
3891826688 3296477184 3265265664
3909185536 3314061312 3282584576
3906412544 3311079424 3279938560
3891482624 3297001472 3265215488
3921879040 3327123456 3295546368
3916619776 3319631872 3288112128
3936522240 3337302016 3305901056
3892842496 3298045952 3266353152
3896844288 3302076416 3270455296
3893334016 3298267136 3266707456
3900952576 3305996288 3274455040
3897552896 3303247872 3271172096
3898728448 3304271872 3272325120
3893522432 3296083968 3266596864
3899367424 3301879808 3272620032
3893784576 3296858112 3267101696
3892391936 3295203328 3265601536
3895836672 3298541568 3269040128
3892076544 3295006720 3265310720
3893366784 3296710656 3266757632
3892740096 3296137216 3266002944
