3848429568 3249958912 3221767168
3865214976 3264679936 3236436992
3848425472 3250003968 3221753856
3848691712 3250208768 3221980160
3848949760 3250520064 3222166528
3848691712 3252105216 3223710720
3848949760 3252682752 3224336384
3848691712 3250401280 3221932032
3849211904 3251978240 3222664192
3848953856 3251560448 3222363136
3848429568 3251134464 3221931008
3848429568 3251171328 3221794816
3848953856 3253833728 3224350720
3848691712 3251724288 3222260736
3848691712 3251728384 3222255616
3848949760 3251900416 3222334464
3866275840 3266945024 3237591040
3882541056 3281272832 3252041728
3848691712 3251367936 3222084608
3849482240 3252264960 3222914048
3849216000 3251908608 3222625280
3848953856 3252076544 3222514688
3848429568 3251576832 3221983232
3848953856 3252039680 3222476800
3848957952 3249758208 3221971968
3849482240 3250475008 3222661120
3848957952 3249922048 3222132736
3848953856 3249995776 3222246400
3848695808 3249696768 3221826560
3848433664 3249487872 3221596160
3848957952 3250130944 3222164480
3848433664 3249520640 3221492736
