3885654016 3287982080 3258734592
3902177280 3302449152 3273205760
3911016448 3311775744 3282228224
3885129728 3287900160 3258404864
3914768384 3315355648 3285844992
3885654016 3290161152 3260597248
3889537024 3294638080 3264866304
3888021504 3291017216 3261220864
3886698496 3291045888 3260032000
3916460032 3320684544 3289814016
3902185472 3307106304 3275696128
3885477888 3290099712 3258888192
3902971904 3307966464 3276490752
3896676352 3301261312 3270151168
3885654016 3291131904 3259347968
3916341248 3321577472 3290001408
3912687616 3315572736 3284056064
3931516928 3332378624 3300977664
3886174208 3291283456 3259602944
3887665152 3292684288 3261068288
3886440448 3291488256 3259928576
3892379648 3297484800 3265961984
3888529408 3294187520 3262118912
3888611328 3294253056 3262306304
3885133824 3287908352 3258424320
3891515392 3293986816 3264730112
3885658112 3288600576 3258844160
3886239744 3289174016 3259576320
3887841280 3290603520 3261106176
3885395968 3288231936 3258535936
3886182400 3289505792 3259555840
3884609536 3287969792 3257835520
