3942379520 3344748544 3315495936
3959308288 3359637504 3330384896
3960414208 3361095680 3331533824
3940556800 3343220736 3313719296
3978571776 3379228672 3349702656
3942420480 3347083264 3317514240
3962372096 3367440384 3337649152
3958329344 3361415168 3331569664
3945377792 3349864448 3318825984
3983167488 3387400192 3356511232
3959472128 3364311040 3332866048
3942600704 3347333120 3316105216
3960762368 3365720064 3334215680
3983499264 3388149760 3356995584
3942805504 3348160512 3316364288
3983478784 3388735488 3357145088
3963629568 3366690816 3335154688
4028706816 3437977600 3406554112
3952230400 3357511680 3325780992
3954913280 3360100352 3328448512
3945340928 3350474752 3318882304
4002549760 3412447232 3380889600
3960377344 3366174720 3334086656
3959664640 3365109760 3333132288
3941367808 3344171008 3314674688
3966590976 3368939520 3339674624
3942924288 3345907712 3316127744
3944046592 3346972672 3317340160
3956862976 3359494144 3329971200
3941236736 3344187392 3314483200
3952545792 3355889664 3325916160
3940360192 3343749120 3313588224
