3933843456 3336282112 3307030528
3950817280 3351224320 3322019840
3951865856 3352461312 3323064320
3932254208 3335024640 3305524224
3966271488 3366977536 3337456640
3934121984 3338444800 3309051904
3949408256 3354533888 3324742656
3945533440 3348697088 3318852608
3936456704 3340922880 3309940736
3970207744 3374485504 3343599616
3950882816 3355631616 3324310528
3934081024 3338686464 3307680768
3952107520 3357114368 3325629440
3968548864 3373240320 3342087168
3934232576 3339567104 3307890688
3970772992 3375812608 3344234496
3954843648 3357679616 3326150656
4022689792 3431952384 3400528896
3941015552 3346206720 3314481152
3943022592 3348267008 3316615168
3936755712 3341635584 3310105600
3976589312 3386404864 3354848256
3947986944 3353714688 3321627648
3947347968 3352842240 3320882176
3933200384 3335757824 3306340352
3953659904 3356041216 3326776320
3934281728 3337334784 3307554816
3935334400 3338227712 3308697600
3945553920 3348258816 3318738944
3933163520 3335872512 3306292224
3941228544 3344379904 3314413568
3931987968 3335380992 3305334784
