3883556864 3285966848 3256719360
3900080128 3300429824 3271186432
3908919296 3309748224 3280204800
3883294720 3285913600 3256434688
3912368128 3313041408 3283532800
3883556864 3288190976 3258629120
3887173632 3292319744 3262548992
3885768704 3288793088 3259011072
3884601344 3289067520 3258053632
3913986048 3318181888 3287315456
3900350464 3305127936 3273717760
3883380736 3288125440 3256913920
3901136896 3305951232 3274476544
3893743616 3298320384 3267222528
3883819008 3289128960 3257347072
3913854976 3319099392 3287524352
3910590464 3313524736 3282008064
3929415680 3330117632 3298716672
3884077056 3289333760 3257657344
3885568000 3290664960 3259048960
3884605440 3289563136 3258003456
3890085888 3295014912 3263503360
3886129152 3291844608 3259790336
3886546944 3292028928 3260082176
3883298816 3285975040 3256491008
3889078272 3291492352 3262301184
3883560960 3286654976 3256898560
3884404736 3287183360 3257585664
3885563904 3288408064 3258910720
3883298816 3286245376 3256549376
3884347392 3287478272 3257532416
3882512384 3286056960 3255922688
