3858391040 3260256256 3231675392
3874652160 3274690560 3246005248
3883343872 3283447808 3254685696
3858391040 3260456960 3231677440
3883917312 3283906560 3255142400
3858391040 3262464000 3233582080
3858984960 3263045632 3234203648
3858391040 3260641280 3231652864
3859173376 3262480384 3232603136
3884183552 3287756800 3257678848
3875184640 3278663680 3248538624
3858128896 3261726720 3231574016
3858653184 3264446464 3234174976
3859050496 3262709760 3232521216
3858391040 3262484480 3232112640
3884228608 3285958656 3255635968
3884900352 3286560768 3256248320
3901317120 3301040128 3270792192
3858403328 3262210048 3231935488
3859456000 3263107072 3232865280
3858915328 3262459904 3232374784
3858989056 3262631936 3232354304
3858202624 3261894656 3231660032
3859050496 3262750720 3232420864
3858132992 3259805696 3231370240
3859640320 3261317120 3232945152
3858657280 3260284928 3231904768
3858964480 3260764160 3232239616
3858194432 3259854848 3231441920
3858132992 3259842560 3231385600
3858657280 3260436480 3231946752
3857870848 3259674624 3231002624
