3877265408 3279712256 3250470912
3893788672 3294277632 3265041408
3902889984 3303510016 3273973760
3877003264 3279704064 3250211840
3905495040 3306045440 3276547072
3877265408 3281920000 3252373504
3880300544 3285295104 3255554048
3879149568 3282092032 3252347904
3878309888 3282817024 3251808256
3906584576 3310788608 3279925248
3894059008 3298902016 3267506176
3877089280 3281805312 3250615296
3894845440 3299721216 3268260864
3885371392 3289894912 3258845184
3877265408 3282767872 3250998272
3906318336 3311579136 3280027648
3904299008 3307208704 3275703296
3922341888 3323129856 3291741184
3877748736 3282993152 3251333120
3879014400 3284226048 3252634624
3878313984 3283247104 3251706880
3882536960 3287441408 3255975936
3879243776 3284901888 3252872192
3879809024 3285184512 3253268480
3877007360 3279736832 3250267136
3882061824 3284385792 3255160832
3877531648 3280494592 3250775040
3877851136 3280773120 3251187712
3878834176 3281588224 3252103168
3877007360 3279867904 3250179072
3877793792 3281068032 3251153920
3876483072 3280052224 3249934336
