3867566080 3270021120 3240836096
3883827200 3284123648 3254958080
3892666368 3293298688 3263959040
3867303936 3269840896 3240537088
3894173696 3294728192 3265448960
3867566080 3272077312 3242689536
3869347840 3274092544 3244598272
3868246016 3271143424 3241617408
3868348416 3272679424 3241824256
3894837248 3299020800 3268241408
3884359680 3288928256 3257736192
3867127808 3271749632 3240743936
3884883968 3289522176 3258249216
3871772672 3276103680 3245263872
3867566080 3272654848 3241163776
3894763520 3297558528 3266266112
3894075392 3296747520 3265431552
3911327744 3311960064 3280764928
3867787264 3272757248 3241376768
3868655616 3273449472 3242121216
3868090368 3272822784 3241590784
3870007296 3274858496 3243622400
3868446720 3273633792 3242012672
3868762112 3273895936 3242343424
3867308032 3269795840 3240515584
3870519296 3272720384 3243669504
3867832320 3270664192 3241161728
3867889664 3270569984 3241213952
3867975680 3270459392 3241266176
3867045888 3269849088 3240385536
3867832320 3270643712 3241097216
3866783744 3269926912 3240157184
