3873071104 3275374592 3246144512
3889332224 3289780224 3260557312
3898171392 3298959360 3269449728
3872546816 3275350016 3245890560
3900436480 3301101568 3271640064
3872808960 3277430784 3247915008
3875291136 3280347136 3250674688
3874189312 3277271040 3247567872
3873853440 3278249984 3247257600
3901321216 3305537536 3274682368
3889602560 3294502912 3263148032
3872632832 3277180928 3246039040
3890388992 3295162368 3263734784
3879559168 3283951616 3252944896
3873071104 3278311424 3246596096
3901280256 3304247296 3272770560
3899580416 3302506496 3271023616
3917582336 3318239232 3286886400
3873292288 3278495744 3246894080
3874533376 3279560704 3248033792
3873595392 3278643200 3247174656
3877175296 3282018304 3250609152
3874459648 3280039936 3248090112
3874856960 3280220160 3248382976
3872813056 3275337728 3245900800
3876941824 3279306752 3250099200
3873075200 3276066816 3246388224
3873394688 3276165120 3246643200
3874025472 3276668928 3247230976
3872550912 3275444224 3245788160
3873337344 3276509184 3246676992
3872288768 3275616256 3245579264
