3858128896 3259797504 3231229952
3874390016 3274252288 3245584384
3883081728 3283009536 3254280192
3857866752 3259977728 3231219712
3883642880 3283443712 3254705152
3858128896 3261988864 3233124352
3858436096 3262562304 3233731584
3857866752 3260182528 3231214592
3858649088 3262001152 3232143360
3883896832 3287236608 3257213952
3874660352 3278159872 3248065536
3857604608 3261235200 3231107072
3858128896 3263971328 3233729536
3858489344 3262214144 3232038912
3858128896 3261984768 3231657984
3883679744 3285479424 3255161856
3884376064 3286114304 3255840768
3901030400 3300532224 3270343680
3858128896 3261730816 3231494144
3858931712 3262652416 3232437248
3858391040 3262005248 3231924224
3858440192 3262115840 3231878144
3857653760 3261374464 3231186944
3858501632 3262238720 3231961088
3857870848 3259367424 3230963712
3859341312 3260784640 3232434176
3858395136 3259801600 3231460352
3858702336 3260280832 3231798272
3857920000 3259375616 3230983168
3857870848 3259355136 3230921728
3858395136 3259985920 3231531008
3857346560 3259150336 3230517248
