3847118848 3248492544 3220376576
3863642112 3263246336 3235076096
3847114752 3248521216 3220344832
3847118848 3248562176 3220475904
3847376896 3248959488 3220742144
3847118848 3250647040 3222329344
3847639040 3251195904 3222915072
3847118848 3248963584 3220571136
3847639040 3250405376 3221181440
3847380992 3249963008 3220856832
3847118848 3249635328 3220536320
3846856704 3249651712 3220405248
3847380992 3252305920 3222948864
3847380992 3250163712 3220795392
3847380992 3250216960 3220868096
3847376896 3250307072 3220872192
3864702976 3265294336 3236076544
3880968192 3279650816 3250491392
3847118848 3249909760 3220688896
3848171520 3250720768 3221469184
3847643136 3250266112 3221143552
3847643136 3250511872 3221090304
3847118848 3250130944 3220657152
3847643136 3250466816 3221024768
3847385088 3248336896 3220589568
3847909376 3248914432 3221175296
3847647232 3248451584 3220716544
3847643136 3248386048 3220744192
3847385088 3248189440 3220440064
3847122944 3248033792 3220191232
3847647232 3248627712 3220725760
3846860800 3248074752 3220128768
