3947307008 3349807104 3320554496
3989061632 3394228224 3364975616
3965382656 3366240256 3336674304
3945369600 3348180992 3318679552
3979640832 3380174848 3350648832
3947638784 3352207360 3322638336
3963441152 3368402944 3338611712
3959074816 3362283520 3332438016
3951120384 3355475968 3324437504
3984195584 3388542976 3357654016
3964465152 3369451520 3338006528
3947536384 3352403968 3321176064
3965714432 3370881024 3339376640
3985805312 3390308352 3359154176
3947769856 3353317376 3321521152
3984752640 3389870080 3358276608
3969212416 3372257280 3340721152
4029755392 3438923776 3407500288
3952852992 3357958144 3326227456
3955474432 3360534528 3328890880
3950977024 3355979776 3324387328
4004397056 3414179840 3382622208
3961507840 3367161856 3335073792
3960410112 3365990400 3334012928
3946762240 3349393408 3319897088
3967471616 3369971712 3340706816
3947933696 3351060480 3321280512
3949436928 3352338432 3322705920
3957391360 3360141312 3330618368
3946393600 3349426176 3319721984
3953225728 3356442624 3326469120
3945172992 3348684800 3318523904
