3968901120 3373379584 3344181248
3961417728 3363774464 3334509568
3967913984 3370721280 3341147136
4005527552 3406147584 3376630784
3973705728 3376467968 3346862080
3984560128 3385233408 3355650048
4007026688 3410132992 3380260864
3955003392 3358097408 3328168960
3970609152 3374936064 3343919104
3953868800 3358433280 3327363072
3952156672 3356987392 3325623296
3976904704 3381755904 3350518784
3955818496 3360776192 3329448960
3969089536 3373760512 3342498816
3964231680 3369541632 3337805824
3948597248 3353931776 3322015744
3955372032 3360321536 3328928768
3956346880 3361243136 3329825792
3952406528 3357540352 3325789184
3957760000 3362721792 3331144704
3980042240 3385044992 3353537536
3961081856 3366199296 3334581248
3975004160 3380477952 3348623360
3956391936 3362054144 3330013184
3980083200 3382517760 3353243648
3985850368 3386171392 3356837888
3985940480 3384803328 3355130880
3972067328 3381870592 3352086528
3982893056 3383771136 3354035200
3987197952 3386044416 3356269568
3977207808 3385384960 3355387904
3957088256 3364487168 3334462464
