3931451392 3335979008 3306810368
3931299840 3333668864 3304448000
3931185152 3333890048 3304358912
3961200640 3361898496 3332423680
3933995008 3336749056 3307151360
3947565056 3348250624 3318675456
3968843776 3372007424 3342135296
3922628608 3325820928 3295922176
3932835840 3337125888 3306126336
3922063360 3326472192 3295456256
3921346560 3326013440 3294707712
3936014336 3340697600 3309485056
3923177472 3328208896 3296923648
3932172288 3336863744 3305617408
3929194496 3334533120 3302815744
3918798848 3324329984 3292421120
3922808832 3327873024 3296491520
3923566592 3328434176 3297060864
3921063936 3326251008 3294602240
3924426752 3329470464 3297915904
3939098624 3344052224 3312561152
3931623424 3336810496 3305204736
3935150080 3340668928 3308828672
3923116032 3328819200 3296796672
3938660352 3340992512 3311736832
3948392448 3348926464 3319604224
3954774016 3353583616 3323917312
3921014784 3326238720 3296483328
3946889216 3347722240 3317994496
3955245056 3354210304 3324439552
3929899008 3333222400 3303229440
3924131840 3331461120 3301443584
