3867488256 3269726208 3240652800
3868053504 3270307840 3241161728
3868205056 3270840320 3241527296
3895816192 3296391168 3267115008
3868475392 3271122944 3241743360
3884593152 3285069824 3255681024
3901947904 3304660992 3275152384
3867484160 3270201344 3240628224
3868164096 3272314880 3241501696
3867299840 3271745536 3240834048
3866611712 3271159808 3240078336
3869274112 3273822208 3242915840
3867856896 3272417280 3241369600
3867660288 3272101888 3241150464
3867549696 3272347648 3241050112
3866517504 3271704576 3240136704
3867607040 3272216576 3241082880
3867713536 3272200192 3241108480
3867570176 3272237056 3240960000
3868123136 3272822784 3241640960
3869532160 3273961472 3242934272
3868499968 3273076736 3241880576
3867820032 3272736768 3241427968
3867394048 3272523776 3240990720
3869241344 3271487488 3242490880
3893714944 3293929472 3264877568
3900895232 3299356672 3270060032
3867570176 3272237056 3242783744
3893174272 3293827072 3264428032
3900637184 3299323904 3269857280
3868295168 3271098368 3241573376
3868098560 3270934528 3241384960
