3864576000 3266650112 3237814272
3865321472 3267481600 3238525952
3865714688 3267944448 3238885376
3892527104 3292823552 3263741952
3865649152 3268128768 3238936576
3881897984 3282243584 3253033984
3898843136 3301347328 3272114176
3864862720 3267481600 3238113280
3865251840 3269054464 3238641664
3864940544 3269070848 3238393856
3863990272 3268128768 3237527552
3866398720 3270627328 3240031232
3865235456 3269480448 3238767616
3864821760 3269070848 3238383616
3864805376 3269431296 3238456320
3864158208 3269029888 3237744640
3864985600 3269386240 3238563840
3865092096 3269218304 3238506496
3864948736 3269353472 3238513664
3865501696 3269836800 3239090176
3866423296 3270455296 3239842816
3865649152 3269861376 3239056384
3865169920 3269386240 3238559744
3865034752 3269574656 3238488064
3866337280 3268104192 3239375872
3890864128 3290767360 3262028800
3898535936 3296518144 3267549184
3864948736 3269390336 3240279040
3890753536 3290812416 3261774848
3898277888 3296432128 3267276800
3865673728 3268083712 3238906880
3865477120 3268091904 3238818816
