3878154240 3280433152 3251258368
3878141952 3280564224 3251356672
3878264832 3280986112 3251507200
3907735552 3308507136 3279066112
3878842368 3281698816 3252155392
3894988800 3295649792 3266100224
3912761344 3315900416 3286125568
3877183488 3280289792 3250532352
3878551552 3282923520 3251932160
3877261312 3281555456 3250533376
3876311040 3280982016 3249715200
3880464384 3285057536 3253912576
3877818368 3282538496 3251266560
3878490112 3283132416 3251930112
3877851136 3282968576 3251303424
3875692544 3281113088 3249264640
3877306368 3282198528 3250846720
3877675008 3282386944 3251039232
3877007360 3282141184 3250503680
3878084608 3283042304 3251594240
3880906752 3285741568 3254292480
3878699008 3283759104 3252235264
3879133184 3284480000 3252698112
3877355520 3282907136 3250990080
3880833024 3283210240 3253986304
3904090112 3304505344 3275223040
3910594560 3309297664 3279703040
3877007360 3282182144 3252428800
3903483904 3304386560 3274706944
3910336512 3309187072 3279474688
3878604800 3281784832 3251863552
3878322176 3281485824 3251509248
