3969069056 3373596672 3344398336
3962580992 3364986880 3335718912
3967963136 3370815488 3341245440
4005830656 3406499840 3376983040
3973861376 3376672768 3347066880
3984658432 3385368576 3355785216
4007161856 3410309120 3380436992
3956072448 3359203328 3329278976
3970707456 3375079424 3344062464
3955712000 3360059392 3328989184
3953188864 3358064640 3326700544
3977084928 3381985280 3350748160
3957440512 3362439168 3331111936
3969171456 3373879296 3342617600
3964268544 3369627648 3337887744
3950108672 3355480064 3323568128
3956719616 3361452032 3330059264
3957448704 3362390016 3330972672
3953451008 3358633984 3326882816
3959422976 3364405248 3332828160
3980247040 3385298944 3353791488
3962220544 3367378944 3335760896
3975188480 3380699136 3348844544
3957440512 3363139584 3331098624
3980288000 3382767616 3353493504
3985936384 3386290176 3356956672
3986993152 3385888768 3356216320
3986759680 3396567040 3366782976
3982929920 3383832576 3354096640
3988262912 3387146240 3357371392
3977469952 3385413632 3355416576
3958210560 3365650432 3335625728
