3968950272 3373428736 3344242688
3961442304 3363803136 3334542336
3967926272 3370733568 3341159424
4005613568 3406221312 3376716800
3973742592 3376504832 3346898944
3984584704 3385257984 3355674624
4007075840 3410182144 3380310016
3955003392 3358097408 3328168960
3970633728 3374960640 3343951872
3953868800 3358437376 3327371264
3952156672 3356991488 3325627392
3976974336 3381821440 3350596608
3955818496 3360776192 3329448960
3969114112 3373776896 3342527488
3964243968 3369562112 3337826304
3948597248 3353931776 3322015744
3955372032 3360325632 3328932864
3956346880 3361247232 3329829888
3952406528 3357548544 3325797376
3957760000 3362721792 3331144704
3980091392 3385085952 3353590784
3961102336 3366219776 3334605824
3975065600 3380527104 3348672512
3956391936 3362054144 3330013184
3980140544 3382575104 3353305088
3985862656 3386187776 3356854272
3985940480 3384807424 3355134976
3972067328 3381878784 3352094720
3982905344 3383783424 3354047488
3987197952 3386048512 3356273664
3977207808 3385384960 3355387904
3957088256 3364491264 3334466560
