3867799552 3270111232 3241073664
3868315648 3270639616 3241538560
3868741632 3271270400 3241942016
3896426496 3296940032 3267623936
3869024256 3271577600 3242175488
3884867584 3285528576 3256102912
3902283776 3305136128 3275606016
3867746304 3270578176 3241015296
3868471296 3272753152 3241938944
3867824128 3272134656 3241213952
3867136000 3271553024 3240458240
3869847552 3274305536 3243390976
3868119040 3272810496 3241743360
3868221440 3272560640 3241581568
3867836416 3272847360 3241480192
3867041792 3271929856 3240501248
3868131328 3272646656 3241502720
3867975680 3272654848 3241511936
3867832320 3272675328 3241347072
3868647424 3273175040 3242004480
3869855744 3274498048 3243406336
3868798976 3273486336 3242306560
3868393472 3273248768 3241879552
3867918336 3272982528 3241385984
3869839360 3271987200 3242968064
3894263808 3294347264 3265305600
3901419520 3299758080 3270433792
3867832320 3272679424 3243181056
3893710848 3294240768 3264808960
3901161472 3299737600 3270222848
3868819456 3271520256 3241968640
3868360704 3271335936 3241751552
