3969417216 3373748224 3344549888
3963768832 3366244352 3336976384
3968237568 3370893312 3341319168
4006010880 3406761984 3377245184
3973959680 3376844800 3347238912
3984707584 3385475072 3355891712
4007235584 3410440192 3380568064
3957178368 3360378880 3330450432
3970744320 3375185920 3344168960
3956797440 3361214464 3330144256
3954503680 3359170560 3327806464
3977457664 3382173696 3350936576
3958292480 3363098624 3331771392
3969208320 3373985792 3342724096
3964293120 3369730048 3337990144
3951161344 3356594176 3324678144
3957829632 3362631680 3331238912
3959382016 3364147200 3332729856
3955056640 3360317440 3328566272
3960565760 3365613568 3334036480
3980619776 3385495552 3353988096
3963920384 3369127936 3337509888
3975557120 3380891648 3349032960
3958243328 3363741696 3331700736
3980410880 3382964224 3353690112
3985981440 3386417152 3357083648
3988312064 3387019264 3357346816
3986759680 3396644864 3366860800
3982942208 3383934976 3354199040
3989352448 3388305408 3358530560
3977469952 3385491456 3355494400
3959623680 3366866944 3336842240
