1319043072 744071168 724322304
1320095744 744087552 724302848
1320083456 744124416 724336640
1320083456 744091648 724300800
1321140224 744067072 724267008
1321140224 744108032 724316160
1320071168 744079360 724291584
1324269568 748273664 728485888
1322196992 744099840 724288512
1322196992 744095744 724290560
1321127936 744087552 724286464
1321127936 744083456 724285440
1321127936 744095744 724294656
1321127936 744091648 724287488
1320058880 744087552 724284416
1320058880 744091648 724291584
1323253760 744103936 724292608
1323253760 744099840 724290560
1322184704 744087552 724282368
1322184704 744095744 724287488
1322184704 744095744 724290560
1322184704 744083456 724281344
1321115648 744079360 724282368
1321115648 744079360 724284416
1322184704 744103936 724302848
1322184704 744079360 724278272
1321115648 744103936 724305920
1321115648 746188800 726375424
1325314048 748281856 728495104
1321115648 744087552 724299776
1320046592 744083456 724306944
1318989824 744075264 724328448
