3959119872 3363680256 3334486016
3959615488 3361959936 3332695040
3958247424 3361112064 3331537920
3995332608 3396050944 3366534144
3964026880 3366768640 3337162752
3974778880 3375521792 3345938432
3997503488 3400564736 3370692608
3952803840 3356131328 3326202880
3961004032 3365310464 3334293504
3951448064 3356045312 3324975104
3950321664 3355148288 3323784192
3967201280 3372036096 3340798976
3953385472 3358371840 3327048704
3959406592 3364085760 3332824064
3954585600 3360002048 3328269312
3946102784 3351699456 3319783424
3953414144 3358347264 3326954496
3953811456 3358752768 3327338496
3950673920 3355799552 3324048384
3955253248 3360235520 3328658432
3971010560 3375996928 3344489472
3959263232 3364364288 3332746240
3965284352 3370729472 3338874880
3953942528 3359576064 3327535104
3970301952 3372711936 3343437824
3976142848 3376533504 3347200000
3984195584 3383037952 3353365504
3972067328 3381846016 3352066048
3973201920 3374182400 3344446464
3984760832 3383623680 3353848832
3977207808 3385360384 3355363328
3954581504 3362017280 3331999744
