3946790912 3351195648 3321997312
3946270720 3348770816 3319524352
3945308160 3348185088 3318626304
3980185600 3380834304 3351340032
3949494272 3352391680 3322786816
3961823232 3362623488 3333045248
3983978496 3387228160 3357356032
3940745216 3343998976 3314074624
3947974656 3352395776 3321378816
3940012032 3344449536 3313395712
3938107392 3342905344 3311558656
3952119808 3356782592 3325554688
3941257216 3346112512 3314786304
3946430464 3351232512 3319979008
3942592512 3347984384 3316267008
3935719424 3341058048 3309142016
3941339136 3346161664 3314768896
3941998592 3346755584 3315356672
3938725888 3344019456 3312282624
3942604800 3347648512 3316086784
3955630080 3360456704 3328953344
3946573824 3351588864 3319974912
3950964736 3356315648 3324475392
3941208064 3346735104 3314694144
3955363840 3357892608 3328622592
3962974208 3363409920 3334076416
3971981312 3370762240 3341092864
3956383744 3366424576 3336640512
3960561664 3361542144 3331814400
3972657152 3371626496 3341851648
3962130432 3370086400 3340089344
3942658048 3349868544 3319851008
