3857346560 3258929152 3230447616
3857641472 3259523072 3230968832
3858149376 3260166144 3231477760
3883732992 3283849216 3255091200
3858157568 3260174336 3231388672
3874418688 3274477568 3245655040
3890950144 3292999680 3264189440
3857387520 3259666432 3230769152
3857625088 3260882944 3231033344
3857862656 3261321216 3231286272
3857125376 3260440576 3230504960
3858726912 3262496768 3232443392
3858120704 3261575168 3231469568
3857342464 3261014016 3230873600
3857362944 3261263872 3231054848
3857342464 3261247488 3230846976
3858169856 3261603840 3231545344
3857928192 3261493248 3231437824
3858132992 3261747200 3231504384
3858661376 3262296064 3232091136
3858472960 3261997056 3231848448
3857883136 3261689856 3231475712
3857186816 3260895232 3230696448
3857870848 3261763584 3231422464
3858169856 3259588608 3231342592
3883360256 3282681856 3254381568
3891458048 3289071616 3260590080
3857870848 3261558784 3233158144
3874672640 3274338304 3245910016
3890937856 3288489984 3259999232
3858399232 3260190720 3231604736
3858661376 3260375040 3231780864
