3932647424 3337072640 3307991040
3932659712 3334856704 3305776128
3932581888 3335221248 3305690112
3963744256 3364376576 3335004160
3935735808 3338444800 3308883968
3948552192 3349426176 3319879680
3970359296 3373334528 3343613952
3928084480 3331223552 3301444608
3933921280 3338321920 3307491328
3927580672 3332067328 3301027840
3926327296 3331047424 3299865600
3937665024 3342503936 3311418368
3929067520 3333943296 3302637568
3933454336 3337990144 3306878976
3930226688 3335438336 3303831552
3923697664 3328978944 3297308672
3928600576 3333390336 3302105088
3929042944 3333873664 3302513664
3926822912 3331952640 3300220928
3930066944 3335143424 3303670784
3941187584 3346034688 3314551808
3932872704 3338059776 3306462208
3936825344 3342204928 3310446592
3928915968 3334266880 3302441984
3940503552 3342954496 3313843200
3949744128 3350228992 3320903680
3960139776 3359006720 3329360896
3956121600 3365920768 3336136704
3947999232 3349016576 3319288832
3961073664 3359866880 3330092032
3931090944 3334262784 3304380416
3929751552 3336998912 3306985472
