3882876928 3285209088 3256030208
3882840064 3285286912 3256076288
3883081728 3285721088 3256223744
3913244672 3313967104 3284514816
3883888640 3286577152 3257016320
3899629568 3300384768 3270813696
3917668352 3320807424 3290982400
3881639936 3284709376 3254894592
3883274240 3287814144 3256817664
3881455616 3285987328 3254964224
3880767488 3285450752 3254171648
3885223936 3290058752 3258890240
3882012672 3286970368 3255685120
3883216896 3287986176 3256771584
3882377216 3287625728 3255942144
3880148992 3285532672 3253649408
3882024960 3286732800 3255369728
3882131456 3286880256 3255516160
3881463808 3286671360 3254968320
3882803200 3287687168 3256190976
3886206976 3291111424 3259628544
3883323392 3288469504 3256934400
3884089344 3289509888 3257693184
3882074112 3287523328 3255547904
3886088192 3288444928 3259204608
3908952064 3309309952 3280001024
3915051008 3313819648 3284184064
3881463808 3286593536 3256817664
3908263936 3309146112 3279431680
3914792960 3313631232 3283877888
3883094016 3286437888 3256475648
3882516480 3285897216 3255892992
