3852365824 3254099968 3225701376
3852623872 3254448128 3226046464
3853406208 3255033856 3226617856
3878592512 3278364672 3249876992
3853139968 3254882304 3226327040
3869413376 3269255168 3240656896
3885944832 3287977984 3259325440
3852357632 3254439936 3225764864
3852619776 3255693312 3226063872
3853144064 3256127488 3226476544
3852095488 3255091200 3225482240
3853672448 3257028608 3227297792
3852877824 3256209408 3226415104
3852361728 3255705600 3225836544
3852619776 3256012800 3226086400
3852623872 3256160256 3226112000
3853152256 3256242176 3226483712
3852886016 3256127488 3226405888
3852890112 3256246272 3226450944
3853680640 3257008128 3227073536
3853418496 3256713216 3226825728
3853152256 3256573952 3226601472
3852107776 3255730176 3225746432
3852890112 3256504320 3226497024
3853152256 3254194176 3226228736
3869949952 3268993024 3241016320
3886739456 3283869696 3255680000
3853152256 3256434688 3228276736
3869954048 3269169152 3240961024
3885957120 3283324928 3255100416
3853418496 3254837248 3226582016
3853680640 3255046144 3226777600
