3907301376 3311599616 3282418688
3907940352 3310338048 3281122304
3904688128 3307376640 3277850624
3929636864 3330224128 3300757504
3908931584 3311833088 3282247680
3925020672 3325706240 3296131072
3943305216 3346444288 3316579328
3900579840 3303682048 3273779200
3906994176 3311497216 3280498688
3900792832 3305078784 3274047488
3899252736 3303972864 3272678400
3910389760 3315224576 3284020224
3901108224 3306061824 3274764288
3907645440 3312345088 3281099776
3905601536 3310993408 3279288320
3897929728 3303288832 3271392256
3902488576 3307429888 3276056576
3901071360 3305955328 3274582016
3900706816 3305930752 3274205184
3902881792 3307773952 3276234752
3912638464 3317522432 3286036480
3907358720 3312594944 3280990208
3909750784 3315023872 3283194880
3901042688 3306647552 3274641408
3912171520 3314626560 3285376000
3920404480 3320897536 3291575296
3934736384 3333545984 3303884800
3899600896 3304747008 3274967040
3919425536 3320233984 3290507264
3933921280 3332849664 3303074816
3904479232 3307786240 3277806592
3901624320 3308908544 3278898176
