3883655168 3283386368 3254751232
3884269568 3284107264 3255410688
3858649088 3260915712 3232011264
3858124800 3262234624 3233423360
3859513344 3261468672 3232703488
3858702336 3260846080 3231982592
3858927616 3261095936 3232258048
3858927616 3261284352 3232346112
3858427904 3261927424 3231928320
3860295680 3264065536 3234000896
3859464192 3265257472 3234955264
3858702336 3262291968 3232052224
3874922496 3276611584 3246379008
3859374080 3263135744 3232844800
3857879040 3261726720 3231378432
3858653184 3262377984 3232059392
3859062784 3262611456 3232555008
3859173376 3262943232 3232648192
3858653184 3262349312 3232132096
3858997248 3262644224 3232416768
3858391040 3262128128 3231953920
3859202048 3263066112 3232710656
3858128896 3264122880 3233645568
3859251200 3263102976 3232703488
3859017728 3260534784 3232239616
3859202048 3260628992 3232267264
3858657280 3260215296 3231861760
3859443712 3263000576 3234589696
3858919424 3260416000 3232050176
3858972672 3260641280 3232079872
3858657280 3262640128 3234008064
3858452480 3260276736 3231654912
