3886735360 3286794240 3258015744
3887554560 3287527424 3258760192
3861532672 3263959040 3234881536
3861008384 3265294336 3236328448
3862605824 3264614400 3235747840
3861807104 3264139264 3235148800
3861811200 3264155648 3235170304
3862171648 3264483328 3235399680
3861311488 3265056768 3234819072
3864002560 3267870720 3237533696
3862581248 3268734976 3238184960
3861684224 3265564672 3235089408
3877806080 3279749120 3249210368
3862749184 3266732032 3236163584
3860934656 3265122304 3234534400
3861536768 3265536000 3234997248
3862511616 3266240512 3235911680
3862056960 3266220032 3235561472
3861536768 3265613824 3235075072
3861954560 3266007040 3235489792
3861536768 3265277952 3234875392
3862319104 3266478080 3235876864
3861012480 3267342336 3236532224
3862294528 3266633728 3235900416
3862392832 3263975424 3235496960
3862110208 3263885312 3235351552
3861553152 3263406080 3234771968
3862327296 3266068480 3237496832
3861803008 3263533056 3234990080
3862028288 3263983616 3235220480
3861540864 3265908736 3236948992
3861471232 3263688704 3234768896
