3985453056 3385679872 3356451840
4006903808 3411161088 3382045696
3950051328 3353096192 3323422720
3948867584 3353661440 3324104704
3963187200 3365937152 3336432640
3961122816 3363786752 3334273024
3951886336 3354980352 3325116416
3956875264 3359887360 3330040832
3972632576 3382013952 3350892544
4008370176 3417788416 3386735616
3962097664 3369078784 3337713664
3958759424 3363590144 3332279296
3961585664 3364352000 3332953088
3959095296 3363885056 3332594688
3958452224 3363573760 3332027392
3954147328 3359154176 3327641600
3962257408 3366895616 3335636992
3950043136 3355054080 3323534336
3949129728 3354206208 3322479616
3951292416 3356389376 3324800000
3948318720 3353493504 3321958400
3960651776 3365609472 3334035456
3946369024 3354091520 3321912320
3960958976 3366490112 3334445056
4004020224 3411406848 3381965824
3958247424 3360747520 3331408896
3950772224 3353542656 3324083200
3981414400 3390820352 3361332224
3949678592 3352432640 3322870784
3961196544 3365732352 3336254464
3947212800 3352731648 3322660864
3960381440 3365789696 3335872512
