3892002816 3292090368 3263087616
3909644288 3307823104 3278862336
3865726976 3268349952 3239051264
3865202688 3269742592 3240544256
3867332608 3269521408 3240477696
3866533888 3269070848 3239884800
3866005504 3268599808 3239269376
3866501120 3269144576 3239771136
3865505792 3269795840 3239060480
3869274112 3273711616 3242942464
3867308032 3273875456 3242972160
3866144768 3270381568 3239538688
3881738240 3284238336 3253252096
3866935296 3271458816 3240515584
3865661440 3270328320 3239303168
3865767936 3270184960 3239258112
3867213824 3271397376 3240689664
3866251264 3270696960 3239640064
3865731072 3270184960 3239166976
3866161152 3270578176 3239664640
3865468928 3269722112 3239012352
3867021312 3271516160 3240558592
3865206784 3272019968 3240552448
3866730496 3271622656 3240363008
3867148288 3269222400 3240289280
3866677248 3268579328 3239695360
3865796608 3268001792 3239010304
3866918912 3270881280 3241972736
3865997312 3268124672 3239189504
3866644480 3268861952 3239789568
3865735168 3270430720 3241023488
3866005504 3268669440 3239368704
