3940245504 3340451840 3311282176
3953139712 3357650944 3328481280
3906068480 3308978176 3279340544
3905552384 3310231552 3280689152
3920830464 3323625472 3294136320
3919765504 3322499072 3292987392
3906940928 3310104576 3280288768
3916664832 3319709696 3289859072
3905679360 3310239744 3279126528
3928674304 3333128192 3302116352
3920019456 3327053824 3295659008
3918245888 3322904576 3291603968
3920248832 3323154432 3291752448
3918352384 3323265024 3291919360
3918094336 3323256832 3291676672
3915476992 3320553472 3289041920
3920633856 3325206528 3293970432
3906174976 3311124480 3279655936
3905433600 3310764032 3279082496
3906764800 3311992832 3280370688
3905384448 3310465024 3278978048
3919245312 3324215296 3292655616
3904155648 3311874048 3279770624
3919433728 3324940288 3292926976
3922145280 3324592128 3295183872
3917873152 3320373248 3291057152
3906379776 3309350912 3279820800
3917844480 3322580992 3293105152
3906015232 3308945408 3279438848
3919376384 3322310656 3292776448
3904770048 3310215168 3280219136
3918884864 3322224640 3292264448
