3893977088 3294269440 3265161216
3920363520 3318476800 3289401344
3867299840 3270078464 3240634368
3866775552 3271438336 3242077184
3869097984 3271483392 3242298368
3868311552 3270946816 3241666560
3867578368 3270348800 3240886272
3868131328 3271024640 3241465856
3867078656 3271573504 3240603648
3871211520 3275902976 3244956672
3869310976 3275931648 3244829696
3867852800 3272519680 3241433088
3883311104 3285905408 3254697984
3868782592 3273322496 3242191872
3867725824 3272413184 3241179136
3867414528 3272163328 3240993792
3868958720 3273486336 3242518528
3867824128 3272491008 3241250816
3867303936 3272081408 3240762368
3867734016 3272536064 3241289728
3867041792 3271487488 3240531968
3868749824 3273539584 3242317824
3866779648 3273904128 3242128384
3868676096 3273728000 3242177536
3869011968 3271426048 3242228736
3868323840 3270545408 3241451520
3867369472 3270041600 3240749056
3868614656 3272957952 3243790336
3867570176 3270066176 3240841216
3868352512 3270762496 3241510912
3867308032 3272167424 3242535936
3867959296 3270692864 3241147392
