3970469888 3370717184 3341491200
3991867392 3396231168 3367049216
3933990912 3336802304 3307136000
3932606464 3337457664 3307907072
3949535232 3352088576 3322587136
3947814912 3350495232 3320979456
3935092736 3338219520 3308361728
3943636992 3346669568 3316817920
3933286400 3337789440 3306671104
3980091392 3389317120 3358280704
3948335104 3355361280 3323966464
3945549824 3350409216 3319104512
3946491904 3349430272 3317999616
3946233856 3351101440 3319751680
3945676800 3350732800 3319132160
3942076416 3347128320 3315605504
3948466176 3353055232 3321804800
3933810688 3338772480 3307261952
3932897280 3338027008 3306312704
3934912512 3340038144 3308391424
3932762112 3337703424 3306164224
3947425792 3352371200 3320806400
3930832896 3338625024 3306443776
3947282432 3352788992 3320754176
3972091904 3379527680 3350094848
3944919040 3347394560 3318063104
3934507008 3337388032 3307804672
3955572736 3365052416 3335560192
3933601792 3336372224 3306806272
3947593728 3352383488 3322835968
3931799552 3337150464 3307071488
3946749952 3349999616 3320013824
