3969990656 3370463232 3341237248
3991638016 3395964928 3366782976
3932221440 3335049216 3305382912
3930824704 3335753728 3306203136
3949166592 3351945216 3322443776
3947716608 3350376448 3320860672
3933323264 3336437760 3306579968
3943587840 3346591744 3316740096
3931492352 3336065024 3304946688
3979812864 3389001728 3357965312
3948249088 3355254784 3323859968
3945463808 3350294528 3318989824
3944869888 3347795968 3316365312
3946151936 3350990848 3319641088
3945590784 3350622208 3319021568
3942039552 3347066880 3315544064
3948355584 3352911872 3321661440
3931955200 3337015296 3305508864
3931041792 3336290304 3304576000
3933114368 3338256384 3306609664
3930968064 3336007680 3304468480
3947102208 3352276992 3320712192
3929063424 3336916992 3304735744
3947200512 3352686592 3320651776
3971923968 3379343360 3349910528
3944869888 3347329024 3317997568
3932753920 3335639040 3306059776
3955560448 3365011456 3335519232
3931766784 3334627328 3305061376
3947483136 3352252416 3322704896
3929825280 3335417856 3305338880
3946663936 3349880832 3319895040
