3902574592 3302973440 3273781248
3929448448 3327537152 3298476032
3874639872 3277312000 3247845376
3873853440 3278606336 3249131520
3877556224 3279982592 3250721792
3876458496 3278913536 3249640448
3874918400 3277758464 3248155648
3875508224 3278544896 3248867328
3874418688 3278798848 3247841280
3880402944 3284881408 3254018048
3877064704 3283726336 3252687872
3875926016 3280347136 3249304576
3890126848 3292819456 3261622272
3876519936 3281166336 3249934336
3875565568 3280470016 3249060864
3875209216 3279962112 3248619520
3876933632 3281694720 3250536448
3875164160 3279884288 3248523264
3874381824 3279413248 3248003072
3875074048 3280044032 3248571392
3874381824 3279089664 3247776768
3876585472 3281235968 3250021376
3873595392 3281162240 3249238016
3876474880 3281915904 3250181120
3877462016 3279945728 3250653184
3876073472 3278491648 3249281024
3874709504 3277545472 3248093184
3876601856 3281002496 3251674112
3874910208 3277627392 3248226304
3876188160 3278811136 3249410048
3874123776 3279417344 3249636352
3875823616 3279020032 3249223680
