3900461056 3300757504 3271565312
3927035904 3325304832 3296155648
3872804864 3275640832 3246044160
3872018432 3276734464 3247244288
3875328000 3277983744 3248584704
3874217984 3277004800 3247556608
3873083392 3275939840 3246243840
3873673216 3276681216 3246950400
3872583680 3276992512 3245902848
3878051840 3282669568 3251659776
3875119104 3281895424 3250594816
3873742848 3278557184 3247326208
3888291840 3291213824 3259842560
3874385920 3279179776 3247901696
3873394688 3278524416 3247025152
3873091584 3278036992 3246629888
3875028992 3279683584 3248481280
3873067008 3278061568 3246609408
3872546816 3277660160 3246075904
3873239040 3278123008 3246622720
3872284672 3277234176 3245837312
3874439168 3279454208 3248016384
3871760384 3279429632 3247364096
3874529280 3279970304 3248071680
3875192832 3277791232 3248413696
3874144256 3276455936 3247209472
3872874496 3275653120 3246151680
3874435072 3279069184 3249665024
3873075200 3275702272 3246252032
3873984512 3276771328 3247295488
3872288768 3277676544 3247727616
3873865728 3277017088 3247173632
