3998453760 3398762496 3369530368
4019994624 3424190464 3394998272
3959562240 3362373632 3332696064
3957510144 3362353152 3332792320
3975843840 3378499584 3348990976
3973337088 3376111616 3346593792
3960979456 3364151296 3334287360
3965116416 3368255488 3338392576
4006899712 3416088576 3384963072
4020510720 3429847040 3398790144
3973484544 3380346880 3348944896
3970953216 3375878144 3344563200
3970826240 3373662208 3342230528
3971313664 3376254976 3344903168
3969933312 3375181824 3343565824
3965698048 3370590208 3339061248
3973869568 3378630656 3347355648
3959312384 3364376576 3332849664
3957796864 3362934784 3331208192
3960733696 3365949440 3334294528
3957633024 3362594816 3331047424
3972182016 3377246208 3345672192
3955843072 3363557376 3331369984
3972411392 3378065408 3346016256
4015190016 3422666752 3393213440
3969703936 3372068864 3342726144
3960610816 3363512320 3333921792
4019011584 3426238464 3396746240
3958931456 3361718272 3332145152
3973214208 3377893376 3348345856
3956187136 3361738752 3331659776
3969114112 3374415872 3344416768
