3890401280 3290411008 3261509632
3891437568 3291365376 3262476288
3864416256 3266973696 3237765120
3863891968 3268337664 3239227392
3865899008 3268026368 3239047168
3865362432 3267608576 3238504448
3864694784 3267203072 3238017024
3865178112 3267743744 3238470656
3864195072 3268284416 3237743616
3867660288 3271892992 3241260032
3865899008 3272339456 3241566208
3864784896 3268984832 3238251520
3880689664 3282874368 3252054016
3865612288 3270062080 3239237632
3864469504 3268755456 3237891072
3864432640 3268681728 3237921792
3865796608 3269857280 3239267328
3864940544 3269275648 3238358016
3864420352 3268759552 3237913600
3864850432 3269140480 3238373376
3864158208 3268341760 3237739520
3865862144 3270033408 3239223296
3863896064 3270578176 3239314432
3865382912 3270148096 3239024640
3865677824 3267649536 3238882304
3865354240 3267174400 3238378496
3864485888 3266555904 3237689344
3865571328 3269308416 3240574976
3864686592 3266658304 3237905408
3865227264 3267383296 3238424576
3864424448 3269066752 3239795712
3864883200 3267194880 3238013952
