3997974528 3398406144 3369174016
4019503104 3423801344 3394609152
3957690368 3360649216 3330971648
3955965952 3360673792 3331112960
3975462912 3378229248 3348720640
3973214208 3375833088 3346315264
3959046144 3362332672 3332513792
3963080704 3366338560 3336479744
4001832960 3411144704 3380023296
4020019200 3429453824 3398396928
3973160960 3380137984 3348740096
3970834432 3375607808 3344296960
3968462848 3371421696 3339990016
3971203072 3375984640 3344649216
3969802240 3374907392 3343307776
3965399040 3370405888 3338876928
3973795840 3378401280 3347138560
3957596160 3362623488 3331129344
3955863552 3361218560 3329520640
3959058432 3364110336 3332496384
3955773440 3360849920 3329327104
3971883008 3377074176 3345500160
3953639424 3361333248 3329158144
3972325376 3377840128 3345790976
4015022080 3422351360 3392898048
3969392640 3371868160 3342525440
3958153216 3361161216 3331628032
4018749440 3426099200 3396606976
3957047296 3359977472 3330408448
3972841472 3377631232 3348087808
3954638848 3360059392 3329980416
3967098880 3372560384 3342569472
