3906670592 3309023232 3279751168
3899342848 3301998592 3272749056
3900006400 3302850560 3273287680
3898941440 3301699584 3272168448
3897470976 3300311040 3270777856
3904880640 3307577344 3278112768
3908096000 3311124480 3281291264
3913924608 3319025664 3289205760
3905314816 3309998080 3278849024
3907784704 3312361472 3281211392
3941064704 3348471808 3317107712
3898175488 3302842368 3271578624
3909476352 3313987584 3282849792
3899858944 3304771584 3273408512
3905961984 3313102848 3281552384
3904991232 3310108672 3278435328
3907457024 3312316416 3280915456
3907125248 3311837184 3280420864
3901140992 3308556288 3276784640
3913371648 3320356864 3288846336
3901165568 3306332160 3274725376
3907616768 3312562176 3281003520
3898118144 3303800832 3271806976
3899305984 3304873984 3272970240
3912216576 3314642944 3285309440
3908366336 3312869376 3283538944
3899650048 3302387712 3272795136
3901280256 3306246144 3276635136
3899076608 3301953536 3272361984
3912585216 3317501952 3287895040
3898687488 3302141952 3272028160
3910094848 3313127424 3283307520
