1319030784 744050688 724305920
1320083456 744067072 724289536
1320071168 744075264 724291584
1320071168 744157184 724370432
1321127936 744042496 724251648
1325326336 748269568 728481792
1320058880 744058880 724275200
1320058880 744058880 724275200
1322184704 744091648 724282368
1322184704 744079360 724278272
1321115648 744071168 724274176
1321115648 744071168 724277248
1321115648 744067072 724270080
1321115648 744079360 724279296
1320046592 746172416 726356992
1320046592 744124416 724328448
1323241472 744079360 724275200
1323241472 744042496 724240384
1322172416 746143744 726330368
1322172416 746176512 726355968
1322172416 744075264 724274176
1322172416 744071168 724273152
1321103360 744058880 724268032
1321107456 744071168 724280320
1322172416 744083456 724286464
1322172416 744058880 724261888
1325301760 748269568 728479744
1321103360 744075264 724284416
1321103360 744071168 724288512
1321103360 744189952 724406272
1320034304 744067072 724296704
1318969344 744038400 724297728
