3891216384 3293667328 3264379904
3889393664 3291951104 3262653440
3890106368 3292864512 3263295488
3889324032 3292012544 3262480384
3888009216 3290767360 3261237248
3889065984 3291729920 3262256128
3890573312 3293728768 3263906816
3896725504 3301982208 3272155136
3889692672 3294306304 3263162368
3892482048 3296927744 3265782784
3924529152 3332055040 3300696064
3888537600 3293315072 3262063616
3893395456 3298099200 3266922496
3889057792 3294060544 3262685184
3891400704 3298525184 3266949120
3889790976 3295059968 3263378432
3891802112 3296772096 3265372160
3891621888 3296563200 3265114112
3889602560 3296899072 3265135616
3896602624 3303694336 3272177664
3890126848 3295158272 3263554560
3894784000 3299921920 3268367360
3888279552 3293941760 3261944832
3889070080 3294605312 3262648320
3896131584 3298603008 3269275648
3892424704 3296780288 3267441664
3889815552 3292774400 3263080448
3889561600 3294605312 3264960512
3888807936 3291541504 3261944832
3896426496 3301249024 3271628800
3888803840 3292180480 3262051328
3892998144 3296129024 3266320384
