3870154752 3272794112 3243548672
3869995008 3272323072 3243091968
3870183424 3272945664 3243504640
3870187520 3272822784 3243376640
3869134848 3271671808 3242318848
3869331456 3272011776 3242619904
3870150656 3273203712 3243552768
3872493568 3277393920 3247766528
3869478912 3273863168 3242821632
3871350784 3275784192 3244726272
3905392640 3312742400 3281499136
3869663232 3274256384 3243129856
3871698944 3275993088 3245025280
3869921280 3274649600 3243406336
3870183424 3277266944 3245853696
3869831168 3274776576 3243335680
3870625792 3275497472 3244221440
3870474240 3275309056 3243944960
3870203904 3277225984 3245664256
3872555008 3279511552 3248221184
3870715904 3275616256 3244154880
3871510528 3276328960 3244937216
3869143040 3274399744 3242690560
3869933568 3275120640 3243400192
3872235520 3274715136 3245500416
3870863360 3275333632 3246120960
3869888512 3272687616 3243188224
3869474816 3274342400 3244908544
3869671424 3272224768 3242866688
3872096256 3276808192 3247369216
3869667328 3272773632 3242884096
3870633984 3273572352 3244004352
