3932176384 3334934528 3305641984
3929202688 3331579904 3302484992
3929530368 3332317184 3302820864
3928059904 3330949120 3301414912
3926200320 3328872448 3299436544
3929202688 3331936256 3302458368
3932262400 3335352320 3305664512
3966525440 3374452736 3344590848
3930656768 3335208960 3304055808
3933704192 3338256384 3307110400
3977080832 3384594432 3353209856
3926712320 3331452928 3300176896
3936219136 3340890112 3309837312
3927965696 3333017600 3301652480
3931435008 3338498048 3306915840
3929804800 3334942720 3303256064
3933691904 3338313728 3307056128
3933040640 3339767808 3308506112
3929448448 3336851456 3305070592
3942653952 3349831680 3318323200
3930226688 3335106560 3303724032
3938623488 3343675392 3312293888
3927367680 3333087232 3301088256
3928100864 3333574656 3301617664
3958312960 3365568512 3336230912
3934511104 3339018240 3309678592
3929440256 3332440064 3302745088
3930312704 3335135232 3305613312
3928301568 3331096576 3301545984
3942289408 3347107840 3317483520
3927109632 3330699264 3300566016
3936653312 3339653120 3309914112
