3852103680 3254026240 3225589760
3852619776 3254263808 3225788416
3852619776 3254337536 3225924608
3852886016 3254665216 3226235904
3851833344 3253694464 3225129984
3851833344 3253735424 3225169920
3852095488 3254018048 3225446400
3851833344 3256033280 3227347968
3851837440 3254923264 3225271296
3852881920 3256107008 3226393600
3887767552 3293425664 3263784960
3852361728 3255529472 3225748480
3852623872 3255771136 3226047488
3852095488 3255676928 3225799680
3852099584 3257528320 3227737088
3852095488 3255439360 3225537536
3852369920 3255488512 3225784320
3852361728 3255549952 3225831424
3852627968 3257839616 3228019712
3852890112 3258294272 3228377088
3852890112 3256229888 3226378240
3851579392 3255050240 3225154560
3851841536 3255189504 3225287680
3852369920 3255820288 3225900032
3852894208 3253911552 3225971712
3852632064 3255681024 3227674624
3852365824 3253690368 3225480192
3851845632 3253174272 3225018368
3852107776 3253334016 3225154560
3852107776 3255603200 3227399168
3852365824 3253780480 3225578496
3851845632 3253252096 3225031680
