3913953280 3316359168 3287126016
3916943360 3319226368 3290042368
3914735616 3317583872 3287897088
3919945728 3322757120 3293222912
3915759616 3318657024 3289039872
3917295616 3319951360 3290483712
3915608064 3318726656 3288851456
3916558336 3321954304 3291984896
3918139392 3322650624 3291565056
3915616256 3320078336 3289064448
3914555392 3319353344 3287973888
3935748096 3338448896 3307209728
3915603968 3320655872 3289156608
3917082624 3321810944 3290579968
3929538560 3336663040 3305132032
3927429120 3332800512 3301122048
3920203776 3327225856 3295778816
3915608064 3320713216 3289212928
3921555456 3326681088 3295107072
3915087872 3320094720 3288526848
3920592896 3325743104 3294227456
3916107776 3321298944 3289689088
3917668352 3323351040 3291336704
3917881344 3323727872 3291556864
3912372224 3315290112 3285741568
3916775424 3321118720 3291899904
3916115968 3318956032 3289340928
3922309120 3325128704 3295575040
3935268864 3338014720 3308447744
3916472320 3319492608 3289746432
3915862016 3319062528 3289163776
3920912384 3324055552 3294081024
