3904364544 3306954752 3277754368
3906498560 3308953600 3279810560
3904569344 3307499520 3277906944
3917496320 3320139776 3290617856
3905736704 3308601344 3278995456
3915472896 3318194176 3288730624
3905888256 3309252608 3279377408
3907055616 3312267264 3282305024
3908067328 3312668672 3281648640
3905552384 3309871104 3278918656
3904983040 3309858816 3278512128
3933859840 3336396800 3305161728
3905490944 3310682112 3279260672
3906945024 3311583232 3280369664
3925274624 3332485120 3300954112
3924340736 3329454080 3297787904
3918143488 3325018112 3293579264
3905576960 3310604288 3279132672
3919302656 3324198912 3292641280
3905531904 3310637056 3279073280
3918598144 3323568128 3292052480
3906072576 3311108096 3279536128
3907616768 3313479680 3281469440
3907747840 3313328128 3281240064
3903959040 3306774528 3277230080
3906887680 3311407104 3282192384
3906699264 3309395968 3279780864
3919126528 3321831424 3292277760
3930284032 3333070848 3303528448
3906662400 3309797376 3280051200
3905605632 3308982272 3279131648
3918200832 3321479168 3291504640
