3886440448 3288715264 3259484160
3887484928 3289870336 3260689408
3886190592 3289165824 3259480064
3888959488 3291705344 3262172160
3887235072 3289985024 3260382208
3887902720 3290525696 3261063168
3887484928 3290648576 3260777472
3888009216 3293343744 3263389696
3888545792 3293118464 3262040064
3886960640 3291320320 3260306432
3886436352 3291312128 3259935744
3914010624 3316715520 3285480448
3887489024 3292442624 3260946432
3887747072 3292479488 3261261824
3893870592 3300913152 3269383168
3893366784 3298754560 3267089408
3889324032 3296448512 3265005568
3886968832 3291983872 3260488704
3890024448 3295076352 3263501312
3887230976 3292303360 3260736512
3889831936 3294789632 3263283200
3887226880 3292270592 3260667904
3888459776 3294007296 3262005248
3888541696 3294322688 3262167040
3885920256 3288780800 3259238400
3887804416 3292229632 3263015936
3887517696 3290361856 3260753920
3890094080 3292954624 3263415296
3897106432 3299930112 3270373376
3887497216 3290505216 3260761088
3887243264 3290382336 3260509184
3889516544 3292848128 3262885888
