3881721856 3284189184 3254960128
3883028480 3285303296 3256123392
3881734144 3284582400 3254923264
3884269568 3286966272 3257434112
3882516480 3285454848 3255863296
3883122688 3285831680 3256370176
3883028480 3286056960 3256190976
3883552768 3288756224 3258812416
3884089344 3288494080 3257419776
3882242048 3286683648 3255670784
3881979904 3286867968 3255494656
3909357568 3311939584 3280709632
3882770432 3287912448 3256418304
3883290624 3287928832 3256712192
3887988736 3295113216 3263595520
3887800320 3293061120 3261398016
3884519424 3291463680 3260026880
3882512384 3287527424 3256034304
3884761088 3289767936 3258200064
3882774528 3287789568 3256231936
3885015040 3289956352 3258454016
3882508288 3287724032 3256130560
3883741184 3289387008 3257394176
3884085248 3289767936 3257619456
3881201664 3284262912 3254721536
3883085824 3287601152 3258393600
3883061248 3285831680 3256229888
3884974080 3287863296 3258329088
3890860032 3293659136 3264110592
3883040768 3286056960 3256320000
3882524672 3285803008 3255944192
3884482560 3287785472 3257833472
