3853148160 3255046144 3226530816
3853406208 3255234560 3226672128
3852886016 3254599680 3226097664
3853148160 3255103488 3226589184
3853406208 3255320576 3226683392
3853148160 3255136256 3226469376
3853668352 3255660544 3227005952
3853930496 3257876480 3229176832
3854192640 3257384960 3227628544
3853144064 3256455168 3226643456
3853144064 3256385536 3226599424
3870461952 3271897088 3241999360
3853672448 3257225216 3227348992
3853668352 3257126912 3227207680
3853410304 3258822656 3228860416
3853934592 3257712640 3227653120
3853414400 3258826752 3228995584
3853414400 3256627200 3226743808
3853148160 3256311808 3226496000
3853676544 3257184256 3227197440
3853410304 3256758272 3226831872
3853148160 3256602624 3226592256
3853934592 3257622528 3227610112
3854200832 3257872384 3227821056
3852890112 3254378496 3226323968
3853676544 3256922112 3228743680
3853676544 3255115776 3226929152
3853414400 3254755328 3226526720
3853680640 3255095296 3226919936
3853680640 3255021568 3226771456
3853152256 3254513664 3226250240
3853938688 3255357440 3227041792
