3910774784 3313086464 3283853312
3913269248 3315736576 3286552576
3910852608 3313647616 3283960832
3917942784 3320655872 3291121664
3911925760 3314757632 3285140480
3916070912 3318611968 3289144320
3912941568 3315978240 3286103040
3913281536 3318542336 3288572928
3914518528 3319136256 3288046592
3911761920 3316129792 3285115904
3911331840 3316043776 3284660224
3934343168 3336945664 3305706496
3911897088 3316895744 3285396480
3913261056 3317919744 3286688768
3926876160 3333894144 3302363136
3925364736 3330564096 3298885632
3918757888 3325698048 3294246912
3911712768 3316736000 3285235712
3920023552 3325014016 3293435904
3911606272 3316785152 3285217280
3919138816 3324157952 3292642304
3912822784 3317932032 3286322176
3914309632 3319861248 3287846912
3914031104 3319762944 3287591936
3909296128 3312148480 3282599936
3913224192 3317710848 3288492032
3912855552 3315593216 3285978112
3919716352 3322470400 3292916736
3931877376 3334791168 3305220096
3913207808 3316125696 3286379520
3911847936 3315249152 3285350400
3918647296 3321958400 3291983872
