3923394560 3325849600 3296616448
3925479424 3327848448 3298664448
3923591168 3326529536 3296842752
3930951680 3333832704 3304298496
3924500480 3327213568 3297596416
3928829952 3331526656 3302059008
3925168128 3328323584 3298448384
3926265856 3331690496 3301721088
3927531520 3332063232 3300973568
3924328448 3328606208 3297592320
3923533824 3328393216 3297009664
3947433984 3350163456 3318924288
3924594688 3329732608 3298233344
3926097920 3330646016 3299415040
3941801984 3349008384 3317477376
3939852288 3345231872 3313553408
3932057600 3339141120 3307689984
3924148224 3329060864 3297560576
3933569024 3338723328 3307145216
3924045824 3329097728 3297529856
3932733440 3337654272 3306138624
3925524480 3330531328 3298921472
3926982656 3332694016 3300679680
3927375872 3333038080 3300867072
3921014784 3324018688 3294470144
3926032384 3330404352 3301185536
3925254144 3328147456 3298532352
3933147136 3336024064 3306470400
3947905024 3350728704 3321157632
3925704704 3328757760 3299011584
3924430848 3327692800 3297794048
3932143616 3335376896 3305402368
