3882246144 3284709376 3255478272
3883552768 3285839872 3256659968
3882258432 3285118976 3255459840
3884806144 3287531520 3257999360
3883040768 3285946368 3256354816
3883646976 3286368256 3256906752
3883552768 3286585344 3256719360
3884077056 3289288704 3259338752
3884613632 3288997888 3257920512
3882766336 3287244800 3256231936
3882504192 3287384064 3256009728
3909894144 3312451584 3281221632
3883294720 3288432640 3256938496
3883814912 3288481792 3257265152
3888599040 3295735808 3264217088
3888410624 3293700096 3262034944
3885088768 3292020736 3260577792
3883036672 3288035328 3256541184
3885334528 3290386432 3258817536
3883298816 3288301568 3256739840
3885584384 3290509312 3259006976
3883032576 3288231936 3256634368
3884265472 3289915392 3257920512
3884609536 3290292224 3258140672
3881725952 3284783104 3255240704
3883610112 3288121344 3258908672
3883585536 3286306816 3256705024
3885797376 3288436736 3258902528
3891515392 3294302208 3264752640
3883565056 3286564864 3256823808
3883048960 3286347776 3256488960
3885031424 3288371200 3258412032
