3859963904 3261837312 3233141760
3860221952 3262267392 3233526784
3859451904 3261685760 3232799744
3860025344 3262345216 3233425408
3859972096 3262242816 3233328128
3859976192 3262124032 3233236992
3860484096 3262656512 3233725440
3860484096 3265122304 3235971072
3861008384 3264614400 3234471936
3859959808 3263590400 3233411072
3859697664 3263528960 3233268736
3877588992 3279253504 3248901120
3860488192 3264552960 3234002944
3860484096 3264315392 3233981440
3860267008 3266326528 3235941376
3861295104 3265433600 3234920448
3860230144 3266179072 3235798016
3860230144 3263901696 3233532928
3859988480 3263717376 3233460224
3860492288 3264262144 3233873920
3860336640 3264081920 3233804288
3859963904 3263893504 3233484800
3860860928 3264860160 3234410496
3861016576 3265302528 3234591744
3859443712 3261313024 3232926720
3860230144 3263954944 3235506176
3860516864 3262099456 3233565696
3860328448 3262210048 3233619968
3861282816 3263037440 3234452480
3860496384 3262332928 3233590272
3859968000 3261775872 3233118208
3860492288 3262636032 3233792000
