3887489024 3289858048 3260626944
3888795648 3291025408 3261844480
3887501312 3290316800 3260631040
3890401280 3293048832 3263515648
3888283648 3291148288 3261538304
3888988160 3291725824 3262263296
3888795648 3291832320 3261961216
3889319936 3294482432 3264528384
3889856512 3294310400 3263232000
3888009216 3292422144 3261408256
3887747072 3292446720 3261070336
3915415552 3317952512 3286717440
3888537600 3293540352 3262044160
3889057792 3293634560 3262416896
3895443456 3302633472 3271103488
3895042048 3300331520 3268662272
3890782208 3297755136 3266312192
3888017408 3293126656 3261631488
3891290112 3296432128 3264857088
3888279552 3293433856 3261867008
3891052544 3296129024 3264614400
3888275456 3293466624 3261863936
3889508352 3295154176 3263152128
3889852416 3295461376 3263302656
3886968832 3289862144 3260319744
3889115136 3293396992 3264178176
3888828416 3291549696 3261938688
3891572736 3294314496 3264768000
3899047936 3301781504 3272224768
3888545792 3291631616 3261887488
3888291840 3291508736 3261632512
3890974720 3294195712 3264233472
