3884081152 3286437888 3257206784
3885387776 3287605248 3258424320
3884093440 3286921216 3257239552
3886465024 3289300992 3259768832
3884875776 3287719936 3258121216
3885506560 3288162304 3258699776
3885125632 3288391680 3258520576
3885649920 3291033600 3261079552
3886186496 3290755072 3259676672
3884601344 3288997888 3257985024
3884339200 3289038848 3257664512
3911553024 3314266112 3283032064
3885129728 3290169344 3258675200
3885649920 3290173440 3258955776
3890855936 3297955840 3266429952
3890536448 3295801344 3264136192
3887058944 3293954048 3262511104
3884609536 3289710592 3258216448
3887362048 3292368896 3260795904
3884871680 3290030080 3258468352
3887280128 3292340224 3260837888
3884867584 3289931776 3258330112
3886100480 3291688960 3259691008
3886444544 3292061696 3259906048
3883560960 3286466560 3256924160
3885445120 3289886720 3260674048
3885158400 3288035328 3258433536
3887525888 3290402816 3260868608
3893923840 3296727040 3267177472
3885400064 3288272896 3258531840
3884883968 3288072192 3258210304
3886977024 3290279936 3260317696
