3888537600 3291000832 3261769728
3889844224 3292168192 3262987264
3888549888 3291484160 3261798400
3891544064 3294404608 3264871424
3889860608 3292811264 3263201280
3890348032 3292946432 3263482880
3890368512 3293536256 3263664128
3890368512 3295690752 3265732608
3890905088 3295514624 3264436224
3889057792 3293560832 3262546944
3888795648 3293614080 3262237696
3915976704 3318648832 3287413760
3889586176 3294715904 3263216640
3890106368 3294801920 3263583232
3897425920 3304435712 3272905728
3896893440 3302023168 3270352896
3893514240 3300364288 3269134336
3889328128 3294289920 3262794752
3892912128 3297923072 3266348032
3889590272 3294597120 3263030272
3892744192 3297640448 3266125824
3890114560 3294928896 3263555584
3890556928 3296378880 3264376832
3890900992 3296657408 3264498688
3887493120 3290480640 3260938240
3890163712 3294580736 3265361920
3889876992 3292708864 3263097856
3892899840 3295711232 3266160640
3901177856 3303964672 3274404864
3889856512 3292880896 3263136768
3889340416 3292659712 3262783488
3892330496 3295666176 3265703936
