3848691712 3249999872 3221855232
3848683520 3252109312 3223966720
3849207808 3250634752 3222446080
3848949760 3250548736 3222332416
3849474048 3251040256 3222719488
3848953856 3250614272 3222216704
3848949760 3250548736 3222162432
3848949760 3252744192 3224320000
3849211904 3252039680 3222689792
3848949760 3251707904 3222312960
3849207808 3251666944 3222493184
3848949760 3251691520 3222343680
3848683520 3251539968 3222138880
3848425472 3251421184 3221875712
3848949760 3251924992 3222477824
3849474048 3252576256 3222998016
3849220096 3254099968 3224701952
3848695808 3251580928 3222201344
3849482240 3252260864 3222851584
3848957952 3251851264 3222318080
3849486336 3252424704 3223004160
3848704000 3251818496 3222265856
3848691712 3251531776 3222052864
3848695808 3253784576 3224301568
3848437760 3249242112 3221483520
3848962048 3249868800 3222017024
3848699904 3249770496 3221895168
3848962048 3249930240 3222034432
3848957952 3250147328 3222230016
3848437760 3249692672 3221706752
3849224192 3250360320 3222405120
3848704000 3250012160 3221983232
