3960795136 3365449728 3336126464
3989417984 3391598592 3362439168
3959705600 3362656256 3333017600
3957874688 3360526336 3331033088
3963645952 3366207488 3336724480
3959222272 3362111488 3332589568
3968032768 3371061248 3341228032
3979575296 3384864768 3354948608
4028833792 3437953024 3406897152
3959197696 3363905536 3332593664
3967963136 3372576768 3341312000
3991154688 3400712192 3369433088
3971141632 3375845376 3344641024
3978469376 3383218176 3351905280
3963736064 3368763392 3337080832
3964493824 3369930752 3338041344
3958124544 3365113856 3333545984
3957882880 3362938880 3331495936
3962564608 3367706624 3335918592
4019171328 3429023744 3397412864
3977760768 3383119872 3351449600
3991728128 3401572352 3369944064
3969658880 3375276032 3343291392
3967541248 3375132672 3343056896
3960422400 3362729984 3333454848
3968081920 3370635264 3341327360
3959873536 3362848768 3333117952
3966513152 3369385984 3339694080
3958038528 3361107968 3331293184
3962228736 3365076992 3335435264
3961815040 3365355520 3335302144
3965038592 3368419328 3338468352
