3842924544 3243589632 3216227328
3843178496 3245883392 3218436096
3843178496 3243872256 3216475136
3843182592 3243597824 3216370688
3843182592 3243950080 3216534528
3843186688 3243827200 3216501760
3842920448 3243511808 3216161792
3842920448 3245977600 3218500608
3842920448 3244462080 3216290816
3842920448 3244683264 3216412672
3842916352 3244396544 3216376832
3843182592 3244675072 3216515072
3842916352 3244367872 3216250880
3842658304 3244339200 3216249856
3842920448 3244515328 3216437248
3843444736 3244863488 3216724992
3843190784 3246637056 3218569216
3842928640 3244728320 3216497664
3842928640 3244470272 3216371712
3842928640 3244384256 3216349184
3843194880 3244826624 3216668672
3842936832 3244351488 3216339968
3842924544 3244457984 3216380928
3842928640 3246514176 3218357248
3842932736 3243061248 3216017408
3842932736 3243233280 3216105472
3842932736 3243237376 3216146432
3842932736 3243192320 3216184320
3843190784 3243286528 3216192512
3842670592 3242954752 3215943680
3842932736 3243450368 3216340992
3842936832 3243495424 3216345088
