3864944640 3269275648 3240262656
3865604096 3269627904 3240712192
3864936448 3267420160 3238227968
3865202688 3267493888 3238403072
3865989120 3268272128 3239256064
3864969216 3267321856 3238205440
3865505792 3267919872 3238675456
3866148864 3270737920 3241400320
3867856896 3271892992 3241328640
3865464832 3269787648 3238853632
3865272320 3269406720 3238798336
3865325568 3269533696 3238882304
3865276416 3269308416 3238676480
3866083328 3270205440 3239452672
3865751552 3269967872 3239097344
3865935872 3270746112 3239478272
3865210880 3271880704 3240835072
3864948736 3269468160 3238549504
3865997312 3270496256 3239555072
3866435584 3270791168 3240023040
3867197440 3271544832 3240688640
3865219072 3269447680 3238577152
3865563136 3269988352 3238962176
3865743360 3272445952 3241264128
3864715264 3266560000 3237844992
3865686016 3267645440 3238888448
3865214976 3267321856 3238329344
3865628672 3267690496 3238729728
3865210880 3267706880 3238538240
3865374720 3267497984 3238489088
3865526272 3268247552 3239000064
3865284608 3267747840 3238597632
