3850526720 3251982336 3223706624
3850518528 3254157312 3225807872
3851042816 3252654080 3224273920
3851046912 3252670464 3224279040
3851571200 3253182464 3224748032
3850788864 3252576256 3224058880
3850784768 3252588544 3224057856
3850784768 3254788096 3226200064
3851309056 3254312960 3224743936
3850784768 3253944320 3224286208
3851042816 3253940224 3224427520
3850784768 3253956608 3224329216
3850518528 3253563392 3223958528
3850260480 3253481472 3223728128
3851046912 3254140928 3224442880
3851571200 3254779904 3224953856
3851317248 3256225792 3226629120
3850530816 3253673984 3224078336
3851579392 3254624256 3224921088
3850792960 3254071296 3224281088
3851583488 3254767616 3225093120
3850801152 3253989376 3224188928
3850526720 3253686272 3223961600
3850792960 3256147968 3226343424
3850272768 3251290112 3223399424
3850797056 3251961856 3223964672
3850797056 3251875840 3223828480
3850797056 3252027392 3223975936
3851055104 3252203520 3224146944
3850534912 3251789824 3223673856
3851059200 3252539392 3224419328
3850539008 3251961856 3223783424
