3907796992 3312447488 3283125248
3919126528 3323457536 3294314496
3907465216 3310428160 3280809984
3906543616 3309219840 3279740928
3909230592 3311865856 3282397184
3907239936 3309850624 3280367616
3917189120 3320160256 3290369024
3922604032 3327844352 3297977344
3928932352 3333283840 3302235136
3907158016 3311915008 3280617472
3916886016 3321565184 3290311680
3916062720 3320811520 3289558016
3917950976 3322699776 3291501568
3921911808 3326681088 3295413248
3909087232 3314147328 3282506752
3909341184 3314733056 3282867200
3907686400 3314597888 3283058688
3906723840 3311693824 3280265216
3908308992 3313569792 3281793024
3944595456 3354513408 3322914816
3922501632 3327533056 3295879168
3907489792 3312574464 3280998400
3918176256 3323682816 3291722752
3916931072 3324604416 3292584960
3907473408 3309891584 3280637952
3917594624 3320037376 3290743808
3907936256 3310784512 3281072128
3916685312 3319480320 3289795584
3906752512 3309719552 3279931392
3908882432 3311632384 3282001920
3908534272 3311910912 3281876992
3915853824 3319259136 3289323520
