3908059136 3312476160 3283158016
3919462400 3323564032 3294420992
3907465216 3310440448 3280830464
3906813952 3309588480 3280125952
3909500928 3312189440 3282810880
3907510272 3310268416 3280785408
3917234176 3320229888 3290442752
3922722816 3327959040 3298128896
3929124864 3333488640 3302452224
3907428352 3312328704 3281039360
3916910592 3321622528 3290373120
3916062720 3320844288 3289590784
3918286848 3322798080 3291599872
3922022400 3326828544 3295560704
3909492736 3314573312 3282945024
3909746688 3315089408 3283325952
3907686400 3314634752 3283099648
3906723840 3311722496 3280297984
3908579328 3313852416 3282206720
3945017344 3354714112 3323115520
3922583552 3327623168 3295985664
3907760128 3312955392 3281408000
3918233600 3323793408 3291833344
3916955648 3324665856 3292650496
3907743744 3310292992 3281068032
3917631488 3320119296 3290825728
3907936256 3310813184 3281104896
3916697600 3319529472 3289844736
3907022848 3310067712 3280332800
3908882432 3311665152 3282034688
3908804608 3312222208 3282298880
3915878400 3319320576 3289384960
