3920547840 3325050880 3295727616
3933339648 3337506816 3308360704
3920084992 3322871808 3293246464
3919618048 3322384384 3292905472
3922903040 3325665280 3296192512
3920703488 3323383808 3293899776
3930529792 3333607424 3303815168
3937366016 3342479360 3312607232
3944714240 3349213184 3318157312
3919970304 3324801024 3293502464
3930423296 3334987776 3303734272
3929411584 3334017024 3302763520
3932024832 3336536064 3305337856
3936722944 3341340672 3310071808
3922280448 3327447040 3295798272
3922886656 3328196608 3296325632
3919302656 3326341120 3294793728
3919142912 3323949056 3292519424
3921510400 3326648320 3294864384
3966529536 3376316416 3344717824
3936804864 3341975552 3310321664
3920433152 3325612032 3294022656
3931807744 3337449472 3305480192
3930431488 3337953280 3305928704
3920470016 3322974208 3293719552
3931193344 3333505024 3304204288
3920883712 3323838464 3294120960
3929833472 3332800512 3303115776
3919364096 3322470400 3292669952
3921391616 3324264448 3294625792
3921596416 3325112320 3295070208
3929272320 3332513792 3302577152
