3885391872 3289821184 3260502016
3887751168 3292057600 3262922752
3885121536 3287912448 3258310656
3885125632 3287830528 3258373120
3886960640 3289481216 3260043264
3884892160 3287719936 3258243072
3886899200 3289899008 3260126208
3889831936 3295055872 3265252352
3893596160 3298136064 3267099648
3885387776 3290112000 3258825728
3887063040 3291582464 3260350464
3886526464 3291222016 3259980800
3887095808 3291807744 3260613632
3889229824 3294048256 3262795776
3886460928 3291467776 3259835392
3886907392 3292241920 3260383232
3885395968 3292520448 3260986368
3884871680 3289866240 3258442752
3886444544 3291705344 3259941888
3892129792 3297161216 3265577984
3890417664 3295506432 3263859712
3885404160 3290513408 3258962944
3887513600 3292962816 3261016064
3887071232 3294646272 3262641152
3885359104 3287793664 3258543104
3887460352 3289776128 3260489728
3885400064 3288236032 3258532864
3886788608 3289612288 3259934720
3885395968 3288375296 3258587136
3885821952 3288694784 3259071488
3886235648 3289722880 3259696128
3886231552 3289526272 3259590656
