3863633920 3267809280 3238906880
3864162304 3268038656 3239235584
3863625728 3266027520 3236937728
3863891968 3266093056 3237064704
3864678400 3266846720 3237912576
3863658496 3265863680 3236824064
3863875584 3266367488 3237235712
3864309760 3268927488 3239702528
3866173440 3269922816 3239499776
3863891968 3268329472 3237476352
3863937024 3267825664 3237390336
3864002560 3268071424 3237534720
3863883776 3267784704 3237254144
3864244224 3268358144 3237737472
3864178688 3268489216 3237719040
3864625152 3269210112 3238127616
3863900160 3270414336 3239504896
3863638016 3267919872 3237149696
3864686592 3268890624 3238126592
3864776704 3268874240 3238265856
3865669632 3269783552 3239077888
3863646208 3267919872 3237200896
3863859200 3268345856 3237487616
3864145920 3270881280 3239851008
3863379968 3265064960 3236468736
3864301568 3266109440 3237456896
3863904256 3265769472 3236926464
3863994368 3266142208 3237295104
3863900160 3266224128 3237202944
3863801856 3265970176 3237088256
3864215552 3266711552 3237610496
3863666688 3266187264 3237130240
