3927781376 3332423680 3303100416
3934420992 3338752000 3309605888
3926687744 3329609728 3299984384
3925889024 3328536576 3299057664
3929423872 3332071424 3302597632
3926814720 3329634304 3300149248
3931545600 3334516736 3304723456
3939348480 3344740352 3314868224
3947249664 3351625728 3320569856
3927355392 3332063232 3300764672
3931652096 3336376320 3305122816
3929997312 3334770688 3303517184
3933122560 3337768960 3306568704
3938156544 3342934016 3311664128
3929927680 3334995968 3303347200
3929812992 3335274496 3303399424
3926089728 3333009408 3301462016
3926220800 3331153920 3299724288
3928252416 3333558272 3301774336
3982364672 3392294912 3360696320
3938304000 3343368192 3311713280
3927363584 3332407296 3300817920
3933503488 3339038720 3307068416
3931127808 3338792960 3306768384
3927388160 3329740800 3300486144
3931934720 3334393856 3305093120
3927306240 3330158592 3300441088
3930718208 3333505024 3303820288
3926081536 3329089536 3299286016
3928395776 3331158016 3301519360
3928608768 3332034560 3301992448
3930443776 3333832704 3303896064
