3954597888 3359031296 3329708032
3988480000 3390640128 3361494016
3953889280 3356839936 3327214592
3952144384 3354816512 3325333504
3957485568 3360051200 3330572288
3953704960 3356311552 3326803968
3967180800 3370237952 3340423168
3978252288 3383533568 3353635840
4027072512 3436163072 3405107200
3953410048 3358150656 3326852096
3967148032 3371778048 3340521472
3976699904 3385978880 3354724352
3970060288 3374788608 3343584256
3977121792 3381850112 3350554624
3957628928 3362652160 3330983936
3958321152 3363745792 3331863552
3952369664 3359399936 3327832064
3952185344 3357302784 3325859840
3956011008 3361181696 3329397760
4017385472 3427237888 3395627008
3976704000 3382099968 3350429696
3986452480 3396329472 3364715520
3968856064 3374497792 3342516224
3966787584 3374379008 3342317568
3954130944 3356491776 3327220736
3967602688 3369926656 3340618752
3954089984 3357110272 3327379456
3965939712 3368824832 3339132928
3952824320 3355918336 3326110720
3955720192 3358613504 3328971776
3955867648 3359404032 3329353728
3964514304 3367919616 3337968640
