3864682496 3268902912 3239926784
3865305088 3269238784 3240369152
3864674304 3267129344 3237948416
3864940544 3267166208 3238084608
3865726976 3267932160 3238932480
3864707072 3266977792 3237880832
3864981504 3267579904 3238349824
3865542656 3270275072 3240969216
3867500544 3271352320 3240849408
3864940544 3269439488 3238524928
3865010176 3268993024 3238459392
3865063424 3269185536 3238556672
3864989696 3268956160 3238345728
3865497600 3269754880 3239038976
3865227264 3269627904 3238785024
3865673728 3270352896 3239141376
3864948736 3271540736 3240537088
3864686592 3269074944 3238206464
3865735168 3270123520 3239236608
3866079232 3270332416 3239595008
3866865664 3271094272 3240286208
3864694784 3269087232 3238258688
3864993792 3269582848 3238590464
3865219072 3272089600 3240934400
3864453120 3266183168 3237508096
3865411584 3267284992 3238549504
3864952832 3266924544 3237983232
3865354240 3267334144 3238400000
3864948736 3267330048 3238199296
3865112576 3267145728 3238180864
3865264128 3267887104 3238682624
3865022464 3267395584 3238259712
