3946483712 3351187456 3321864192
3959918592 3364077568 3334931456
3945615360 3348619264 3318993920
3944570880 3347271680 3317788672
3949109248 3351945216 3322466304
3945799680 3348692992 3319185408
3955929088 3358945280 3329130496
3965612032 3371081728 3341184000
4010541056 3419779072 3388723200
3945721856 3350491136 3319192576
3955822592 3360358400 3329101824
3975913472 3385405440 3354150912
3958525952 3363274752 3332070400
3965763584 3370397696 3339102208
3949228032 3354521600 3322853376
3950022656 3355471872 3323589632
3944779776 3351777280 3320219648
3944497152 3349614592 3318184960
3947765760 3353214976 3321431040
4001824768 3411619840 3380008960
3964416000 3369738240 3338067968
3971739648 3381571584 3349957632
3958452224 3364024320 3332046848
3955752960 3363520512 3331473408
3946450944 3348865024 3319600128
3956576256 3359080448 3329779712
3946418176 3349413888 3319690240
3954573312 3357392896 3327700992
3944730624 3347812352 3318004736
3947769856 3350679552 3321037824
3947909120 3351482368 3321433088
3954446336 3357851648 3327904768
