3957121024 3287126016 3254789120
3836051456 3262218240 3229928448
3834359808 3260112896 3227881472
3835805696 3261616128 3229208576
3832823808 3258617856 3226232832
3833606144 3259248640 3227030528
3833532416 3259088896 3226889216
3834781696 3260641280 3228337152
3833683968 3261190144 3229195264
3833348096 3258683392 3226650624
3833929728 3259551744 3227438080
3833257984 3258925056 3226697728
3833520128 3259084800 3226822656
3834580992 3263238144 3231154176
3834134528 3262300160 3230136320
3836657664 3264884736 3232816128
