4046495744 3378241536 3345502208
3954937856 3385659392 3353000960
3902353408 3328401408 3295904768
3922022400 3348635648 3315957760
3896270848 3322494976 3289806848
3900153856 3327098880 3294200832
3900366848 3326435328 3293724672
3915268096 3341570048 3308770304
3912560640 3343282176 3310696448
3899092992 3325710336 3293122560
3910074368 3336335360 3303686144
3900579840 3326636032 3293950976
3899121664 3325042688 3292614656
3914584064 3343724544 3311300608
3946315776 3377016832 3344504832
3924525056 3352981504 3320569856
