4035629056 3367518208 3334796288
3946037248 3376975872 3344333824
3900657664 3326640128 3294144512
3911901184 3338412032 3305777152
3894722560 3320864768 3288210432
3898540032 3325288448 3292513280
3898712064 3324579840 3291992064
3905245184 3331366912 3298685952
3902652416 3333197824 3300723712
3897470976 3323891712 3291432960
3899961344 3326033920 3293506560
3898634240 3324821504 3292259328
3897475072 3323314176 3290916864
3904618496 3333574656 3301284864
3946315776 3376840704 3344451584
3914014720 3342385152 3310022656
