2245091328 1568235520 1545574400
2125238272 1544343552 1521819648
2125238272 1543929856 1521436672
2124976128 1544032256 1521445888
2124980224 1543892992 1521436672
2125238272 1543831552 1521443840
2124976128 1543970816 1521451008
2124980224 1543995392 1521443840
2125242368 1546137600 1523603456
2125238272 1543966720 1521543168
2125238272 1543983104 1521563648
2124980224 1543929856 1521494016
2124980224 1544032256 1521512448
2124976128 1544110080 1521477632
2124976128 1543938048 1521269760
2125242368 1544187904 1521569792
