4033662976 3365535744 3332814848
3945316352 3376238592 3343602688
3896877056 3322847232 3290351616
3909791744 3336527872 3303894016
3891224576 3317387264 3284732928
3894816768 3321569280 3288812544
3894988800 3320848384 3288271872
3903713280 3329802240 3297123328
3901169664 3331690496 3299239936
3893784576 3320168448 3287737344
3896180736 3322216448 3289718784
3894894592 3321098240 3288532992
3893792768 3319615488 3287220224
3903062016 3332026368 3299717120
3946053632 3376545792 3344156672
3912192000 3340517376 3308158976
