4018380800 3349299200 3316638720
3924238336 3354890240 3322355712
3883462656 3309518848 3277033472
3895169024 3321720832 3289131008
3879026688 3305037824 3272403968
3882000384 3308466176 3275831296
3881897984 3307876352 3275344896
3889885184 3316113408 3283436544
3887656960 3315666944 3283223552
3881213952 3307397120 3275032576
3882946560 3308965888 3276554240
3881988096 3308072960 3275512832
3880919040 3306840064 3274456064
3889233920 3318276096 3285969920
3945529344 3376078848 3343739904
3896844288 3325222912 3292926976
