4060606464 3392430080 3359683584
3962257408 3393150976 3360468992
3917037568 3342929920 3310423040
3935367168 3362250752 3329348608
3909332992 3338207232 3305482240
3914399744 3341131776 3308195840
3914334208 3340619776 3307727872
3927285760 3353804800 3320883200
3924680704 3355705344 3322933248
3912847360 3339669504 3306933248
3921801216 3347918848 3315238912
3914678272 3340816384 3308115968
3912966144 3339214848 3306513408
3926634496 3355836416 3323397120
3952148480 3382890496 3350345728
3938381824 3366846464 3334351872
