3976052736 3306487808 3273908224
3852914688 3279388672 3246894080
3849039872 3274956800 3242557440
3853176832 3279806464 3247186944
3846979584 3272998912 3240395776
3848024064 3274358784 3241908224
3847950336 3273854976 3241411584
3850395648 3276451840 3243906048
3849043968 3276754944 3244541952
3847503872 3273281536 3241038848
3848609792 3274383360 3242134528
3847675904 3273629696 3241131008
3847938048 3273601024 3241268224
3849908224 3278737408 3246552064
3848552448 3276648448 3244410880
3855405056 3283525632 3251390464
