4049305600 3380981760 3348306944
3961339904 3392151552 3359474688
3912040448 3337805824 3305375744
3924885504 3351420928 3318817792
3904851968 3333640192 3300988928
3909279744 3336175616 3303318528
3909525504 3335585792 3302867968
3917254656 3343380480 3310809088
3914694656 3345293312 3312897024
3908067328 3334717440 3302116352
3912056832 3337871360 3305444352
3909775360 3335794688 3303176192
3908157440 3334197248 3301645312
3916652544 3345575936 3313384448
3951886336 3382542336 3349999616
3927265280 3355631616 3323411456
