4018077696 3348987904 3316299776
3914489856 3345154048 3312590848
3880882176 3306971136 3274485760
3894902784 3321454592 3288824832
3876524032 3302604800 3269967872
3879522304 3305975808 3273356288
3879424000 3305365504 3272842240
3889754112 3315937280 3283261440
3887570944 3315556352 3283113984
3878502400 3304923136 3272565760
3880423424 3306418176 3274021888
3879473152 3305578496 3273019392
3878490112 3304382464 3271998464
3889115136 3318128640 3285822464
3926413312 3356831744 3324488704
3896541184 3324899328 3292590080
