4033081344 3364057088 3331349504
3944742912 3375501312 3342892032
3892862976 3318956032 3286540288
3909271552 3335856128 3303232512
3887742976 3313758208 3281147904
3891163136 3317719040 3285091328
3891056640 3317059584 3284551680
3903246336 3329458176 3296780288
3900751872 3328765952 3296325632
3889917952 3316441088 3284064256
3892166656 3318300672 3285872640
3891212288 3317268480 3284789248
3889930240 3315847168 3283522560
3902595072 3331649536 3299351552
3945791488 3376390144 3344004096
3911360512 3339771904 3307451392
