4018151424 3349045248 3316381696
3924033536 3354681344 3322126336
3882004480 3308023808 3275542528
3894964224 3321507840 3288894464
3877675008 3303657472 3271020544
3880607744 3307036672 3274414080
3880480768 3306422272 3273895936
3889790976 3315970048 3283306496
3887595520 3315572736 3283142656
3879567360 3305979904 3273622528
3881500672 3307474944 3275082752
3880570880 3306631168 3274072064
3879538688 3305439232 3273055232
3889139712 3318157312 3285855232
3931197440 3361406976 3329272832
3896614912 3324948480 3292667904
