4049367040 3381104640 3348376576
3961389056 3392192512 3359544320
3912040448 3337895936 3305396224
3924946944 3351715840 3318900736
3904851968 3333713920 3301009408
3909541888 3336261632 3303343104
3909525504 3335680000 3302888448
3917279232 3343683584 3310859264
3914719232 3345588224 3312943104
3908067328 3334799360 3302133760
3912069120 3338153984 3305477120
3909775360 3335892992 3303208960
3908157440 3334291456 3301670912
3916677120 3345858560 3313429504
3951886336 3382554624 3350028288
3927588864 3355955200 3323509760
