# Power spectrum from CO𝘕CEPT job 2511591 at t = 13.829303 Gyr, a = 1.
# 
# Below, the following component mapping is used:
#   GADGET halo: 0
# 
#            grid size 1024            
# ╭───────────────────────────────────╮
#                         component 0  
#                        σ₈ = 9.13e-01 
#  k [Mpc⁻¹]     modes    power [Mpc³] 
2.0555343e-03         3  3.5496889e+04 
3.1682946e-03        10  4.8959442e+04 
4.7373740e-03        27  6.3465225e+04 
6.3820863e-03        45  7.3554515e+04 
7.9115775e-03        67  7.9614716e+04 
9.7085247e-03       141  8.3925365e+04 
1.1813252e-02       217  8.4490859e+04 
1.3856891e-02       265  8.2602432e+04 
1.5841939e-02       375  7.8598069e+04 
1.7888150e-02       469  7.3786538e+04 
1.9901651e-02       573  6.7897395e+04 
2.1881279e-02       679  6.3821496e+04 
2.3933950e-02       877  5.8715846e+04 
2.6068987e-02      1065  5.3848943e+04 
2.8115028e-02      1105  4.9942850e+04 
3.0116190e-02      1347  4.6482176e+04 
3.2218261e-02      1621  4.3722714e+04 
3.4320488e-02      1737  4.1907334e+04 
3.6361308e-02      1963  3.9799828e+04 
3.8387170e-02      2125  3.8354647e+04 
4.0448527e-02      2517  3.6371821e+04 
4.2495081e-02      2575  3.5238105e+04 
4.4559373e-02      3081  3.4065484e+04 
4.6619810e-02      3133  3.2653263e+04 
4.8626230e-02      3429  3.1602073e+04 
5.0698420e-02      3991  3.0084649e+04 
5.2767419e-02      4009  2.8665425e+04 
5.4798420e-02      4497  2.7269402e+04 
5.6835632e-02      4699  2.5738798e+04 
5.8911876e-02      5337  2.4283077e+04 
6.1004129e-02      5581  2.2552505e+04 
6.3038517e-02      5721  2.1443827e+04 
6.5089256e-02      6475  2.0202740e+04 
6.7157867e-02      6601  1.9244527e+04 
6.9203946e-02      7161  1.8446067e+04 
7.1259216e-02      7531  1.7758045e+04 
7.3320923e-02      8037  1.7065675e+04 
7.5361109e-02      8281  1.6662682e+04 
7.7401696e-02      8959  1.6155858e+04 
7.9478918e-02      9537  1.5716881e+04 
8.1531963e-02      9709  1.5272660e+04 
8.3565767e-02     10329  1.4853430e+04 
8.5611289e-02     10879  1.4518917e+04 
8.7689062e-02     11685  1.4080023e+04 
8.9769078e-02     12001  1.3746284e+04 
9.1800993e-02     12259  1.3481389e+04 
9.3851282e-02     13257  1.2911198e+04 
9.5910608e-02     13621  1.2457274e+04 
9.7964599e-02     14277  1.2024320e+04 
1.0001807e-01     14851  1.1680431e+04 
1.0206478e-01     15393  1.1362544e+04 
1.0412218e-01     16213  1.0951491e+04 
1.0616949e-01     16591  1.0542208e+04 
1.0822700e-01     17553  1.0191853e+04 
1.1028105e-01     17989  9.7840819e+03 
1.1233538e-01     18795  9.5917557e+03 
1.1439615e-01     19549  9.4172019e+03 
1.1645200e-01     20109  9.1139634e+03 
1.1851656e-01     21073  9.0212858e+03 
1.2057100e-01     21439  8.7995721e+03 
1.2260944e-01     22137  8.6744620e+03 
1.2466883e-01     23473  8.5753917e+03 
1.2673867e-01     23811  8.2355173e+03 
1.2878733e-01     24541  8.1675841e+03 
1.3083009e-01     25333  8.0184103e+03 
1.3288783e-01     26409  7.7702449e+03 
1.3495264e-01     27175  7.5650995e+03 
1.3700255e-01     27657  7.3788988e+03 
1.3904134e-01     28537  7.2911331e+03 
1.4111377e-01     30351  7.1620764e+03 
1.4317704e-01     29917  6.9696222e+03 
1.4521506e-01     31405  6.9364306e+03 
1.4726811e-01     32133  6.6896534e+03 
1.4933043e-01     33511  6.6060646e+03 
1.5138503e-01     33705  6.4750581e+03 
1.5343958e-01     35281  6.2982777e+03 
1.5549606e-01     35811  6.1901979e+03 
1.5754962e-01     36925  6.0735796e+03 
1.5960946e-01     38041  5.9230490e+03 
1.6165141e-01     38211  5.8955767e+03 
1.6370355e-01     40321  5.8171799e+03 
1.6577156e-01     40965  5.6809821e+03 
1.6783131e-01     41857  5.6130553e+03 
1.6986979e-01     42343  5.5555011e+03 
1.7191014e-01     43785  5.3712679e+03 
1.7396657e-01     45205  5.3855038e+03 
1.7602815e-01     46215  5.3135444e+03 
1.7809038e-01     47257  5.2312823e+03 
1.8014504e-01     48189  5.0947077e+03 
1.8219972e-01     49321  5.0208143e+03 
1.8425545e-01     50599  4.9518440e+03 
1.8631400e-01     51669  4.9416200e+03 
1.8837491e-01     52921  4.8228763e+03 
1.9042399e-01     53487  4.7652138e+03 
1.9247575e-01     55285  4.6868439e+03 
1.9453709e-01     56469  4.5908579e+03 
1.9659078e-01     57139  4.5639376e+03 
1.9864734e-01     59005  4.5111168e+03 
2.0070920e-01     60057  4.4376356e+03 
2.0276069e-01     60685  4.4060239e+03 
2.0481365e-01     62691  4.3101753e+03 
2.0686510e-01     63037  4.2522877e+03 
2.0891337e-01     65073  4.2309117e+03 
2.1096983e-01     66139  4.1588232e+03 
2.1302648e-01     67477  4.1316892e+03 
2.1508193e-01     68877  4.0803926e+03 
2.1713455e-01     69805  4.0524016e+03 
2.1919325e-01     72003  3.9696335e+03 
2.2125043e-01     72337  3.9232325e+03 
2.2329988e-01     74089  3.8618733e+03 
2.2535444e-01     75627  3.8401111e+03 
2.2742142e-01     77569  3.8073624e+03 
2.2947666e-01     77721  3.7419828e+03 
2.3151878e-01     79171  3.7243943e+03 
2.3357035e-01     81369  3.6578639e+03 
2.3562704e-01     82453  3.5928554e+03 
2.3769027e-01     84685  3.5853368e+03 
2.3974465e-01     84807  3.5484943e+03 
2.4179089e-01     86689  3.5199716e+03 
2.4384826e-01     88929  3.4826831e+03 
2.4590948e-01     89899  3.4394178e+03 
2.4796249e-01     91209  3.4267940e+03 
2.5001646e-01     93049  3.3766582e+03 
2.5206956e-01     94117  3.3383074e+03 
2.5412109e-01     96135  3.3198977e+03 
2.5617429e-01     97213  3.2867247e+03 
2.5822709e-01     99225  3.2595158e+03 
2.6028431e-01    100891  3.2056822e+03 
2.6233612e-01    101805  3.1993141e+03 
2.6439281e-01    104653  3.1529996e+03 
2.6645578e-01    105577  3.1309287e+03 
2.6850938e-01    107007  3.1017839e+03 
2.7056624e-01    109309  3.0618689e+03 
2.7262187e-01    109953  3.0614697e+03 
2.7467202e-01    112291  3.0252086e+03 
2.7672322e-01    113149  3.0058559e+03 
2.7877489e-01    115989  2.9778805e+03 
2.8083448e-01    117319  2.9516871e+03 
2.8289361e-01    119301  2.9170691e+03 
2.8495364e-01    121081  2.9063639e+03 
2.8701102e-01    122229  2.8868700e+03 
2.8905923e-01    123823  2.8513624e+03 
2.9111139e-01    125917  2.8322669e+03 
2.9316246e-01    127401  2.8055098e+03 
2.9521488e-01    129619  2.7778110e+03 
2.9727436e-01    131817  2.7559107e+03 
2.9933318e-01    133417  2.7391109e+03 
3.0138503e-01    134265  2.7173913e+03 
3.0343683e-01    137299  2.6915711e+03 
3.0549293e-01    138517  2.6842021e+03 
3.0754441e-01    140301  2.6510037e+03 
3.0959959e-01    142915  2.6441226e+03 
3.1165654e-01    144105  2.6161852e+03 
3.1371348e-01    147037  2.5966217e+03 
3.1576993e-01    147711  2.5872812e+03 
3.1782442e-01    150541  2.5574500e+03 
3.1988001e-01    151897  2.5419063e+03 
3.2193026e-01    153525  2.5319778e+03 
3.2398234e-01    156271  2.5007818e+03 
3.2604240e-01    158529  2.4865757e+03 
3.2810117e-01    160057  2.4709467e+03 
3.3015557e-01    162103  2.4499610e+03 
3.3221097e-01    163965  2.4382473e+03 
3.3426822e-01    166693  2.4203960e+03 
3.3631617e-01    166305  2.3975142e+03 
3.3836729e-01    171499  2.3967542e+03 
3.4042712e-01    171837  2.3765091e+03 
3.4248487e-01    175177  2.3612533e+03 
3.4454183e-01    176179  2.3417106e+03 
3.4659430e-01    178317  2.3349401e+03 
3.4865256e-01    181681  2.3145954e+03 
3.5070631e-01    181587  2.3007372e+03 
3.5275660e-01    185461  2.2840492e+03 
3.5481082e-01    186537  2.2730490e+03 
3.5686746e-01    190237  2.2574500e+03 
3.5891957e-01    190159  2.2465370e+03 
3.6096842e-01    193821  2.2268383e+03 
3.6302518e-01    196213  2.2176192e+03 
3.6508518e-01    198771  2.2100914e+03 
3.6713957e-01    199681  2.1927251e+03 
3.6919291e-01    203097  2.1789626e+03 
3.7124717e-01    204205  2.1609143e+03 
3.7330080e-01    207607  2.1485627e+03 
3.7535506e-01    208881  2.1413808e+03 
3.7740916e-01    212197  2.1261900e+03 
3.7946696e-01    214227  2.1195289e+03 
3.8152353e-01    216397  2.1025017e+03 
3.8357874e-01    218977  2.0927115e+03 
3.8563507e-01    221145  2.0763684e+03 
3.8768856e-01    222967  2.0673006e+03 
3.8974334e-01    226305  2.0541786e+03 
3.9179831e-01    227653  2.0451103e+03 
3.9385200e-01    231075  2.0450348e+03 
3.9591186e-01    233473  2.0220493e+03 
3.9796771e-01    235273  2.0180688e+03 
4.0001479e-01    236295  2.0067068e+03 
4.0206919e-01    241693  1.9897117e+03 
4.0412909e-01    242721  1.9839889e+03 
4.0617729e-01    243541  1.9726121e+03 
4.0823321e-01    249951  1.9649260e+03 
4.1029453e-01    249469  1.9618240e+03 
4.1234739e-01    253069  1.9427129e+03 
4.1440220e-01    255015  1.9350529e+03 
4.1646063e-01    258901  1.9214356e+03 
4.1851803e-01    260133  1.9150722e+03 
4.2057469e-01    263461  1.9028847e+03 
4.2262637e-01    264387  1.8975596e+03 
4.2467531e-01    267577  1.8946931e+03 
4.2673126e-01    271441  1.8869575e+03 
4.2878983e-01    273699  1.8688933e+03 
4.3084360e-01    275257  1.8597447e+03 
4.3289600e-01    278613  1.8498184e+03 
4.3495291e-01    281755  1.8445079e+03 
4.3700786e-01    283357  1.8383574e+03 
4.3906086e-01    286761  1.8341641e+03 
4.4111685e-01    289201  1.8263256e+03 
4.4317249e-01    292299  1.8192766e+03 
4.4522624e-01    294049  1.8099255e+03 
4.4728332e-01    298701  1.8001637e+03 
4.4933308e-01    297463  1.7919059e+03 
4.5138461e-01    304261  1.7876526e+03 
4.5344303e-01    305673  1.7807797e+03 
4.5549946e-01    308737  1.7677495e+03 
4.5755988e-01    312663  1.7655405e+03 
4.5961230e-01    311809  1.7597061e+03 
4.6166444e-01    318165  1.7466685e+03 
4.6372035e-01    318907  1.7465810e+03 
4.6577309e-01    322285  1.7313768e+03 
4.6782856e-01    325941  1.7221027e+03 
4.6988126e-01    326947  1.7249925e+03 
4.7193701e-01    332625  1.7133400e+03 
4.7399427e-01    333325  1.7073140e+03 
4.7604802e-01    337041  1.7045154e+03 
4.7810357e-01    339991  1.6963570e+03 
4.8015643e-01    341785  1.6870332e+03 
4.8221033e-01    346437  1.6784588e+03 
4.8426506e-01    347755  1.6791963e+03 
4.8632117e-01    352785  1.6678046e+03 
4.8837646e-01    353629  1.6665690e+03 
4.9042997e-01    357949  1.6579418e+03 
4.9248588e-01    360579  1.6504113e+03 
4.9454114e-01    363685  1.6498962e+03 
4.9659548e-01    366237  1.6426833e+03 
4.9864963e-01    369871  1.6348752e+03 
5.0070621e-01    373029  1.6285543e+03 
5.0276070e-01    375253  1.6263390e+03 
5.0481305e-01    378421  1.6125506e+03 
5.0687159e-01    383727  1.6139743e+03 
5.0893032e-01    384829  1.6011690e+03 
5.1097862e-01    385533  1.5996450e+03 
5.1303158e-01    393475  1.5953185e+03 
5.1509050e-01    393585  1.5873938e+03 
5.1714622e-01    398857  1.5837994e+03 
5.1920316e-01    400267  1.5795998e+03 
5.2125796e-01    404193  1.5769025e+03 
5.2331164e-01    406633  1.5683576e+03 
5.2536639e-01    410457  1.5678437e+03 
5.2741878e-01    412651  1.5601034e+03 
5.2947000e-01    415921  1.5558994e+03 
5.3152731e-01    421821  1.5496012e+03 
5.3358604e-01    423223  1.5451938e+03 
5.3563739e-01    424857  1.5396522e+03 
5.3768821e-01    429937  1.5348860e+03 
5.3974650e-01    434181  1.5298180e+03 
5.4180370e-01    436363  1.5230806e+03 
5.4385770e-01    439429  1.5223626e+03 
5.4591151e-01    442725  1.5144376e+03 
5.4796608e-01    446599  1.5143321e+03 
5.5002427e-01    450897  1.5142218e+03 
5.5207899e-01    452005  1.5022624e+03 
5.5413277e-01    457095  1.5011184e+03 
5.5618746e-01    458893  1.4946658e+03 
5.5824354e-01    465037  1.4891329e+03 
5.6030059e-01    465885  1.4878691e+03 
5.6235381e-01    470203  1.4810263e+03 
5.6440611e-01    472125  1.4804523e+03 
5.6645779e-01    477037  1.4778363e+03 
5.6851240e-01    480555  1.4634718e+03 
5.7057157e-01    485533  1.4676135e+03 
5.7262549e-01    485701  1.4601158e+03 
5.7467746e-01    491085  1.4564319e+03 
5.7673716e-01    496927  1.4520577e+03 
5.7879158e-01    495237  1.4472328e+03 
5.8084250e-01    502177  1.4467638e+03 
5.8289753e-01    504847  1.4409488e+03 
5.8495550e-01    510201  1.4389511e+03 
5.8701349e-01    512569  1.4304631e+03 
5.8906692e-01    514491  1.4292517e+03 
5.9111889e-01    519493  1.4248116e+03 
5.9317311e-01    522729  1.4204055e+03 
5.9522844e-01    527041  1.4189244e+03 
5.9728039e-01    528751  1.4126186e+03 
5.9933697e-01    536265  1.4142084e+03 
6.0139514e-01    537241  1.4075283e+03 
6.0345095e-01    542199  1.4051181e+03 
6.0550782e-01    545173  1.4016026e+03 
6.0756051e-01    547605  1.3951733e+03 
6.0961641e-01    553945  1.3910450e+03 
6.1167048e-01    554443  1.3924206e+03 
6.1372065e-01    559173  1.3877516e+03 
6.1577561e-01    564313  1.3817055e+03 
6.1783193e-01    567699  1.3783167e+03 
6.1988800e-01    571537  1.3744320e+03 
6.2194359e-01    575385  1.3708215e+03 
6.2399700e-01    577561  1.3655519e+03 
6.2605218e-01    583975  1.3664137e+03 
6.2810866e-01    586269  1.3580205e+03 
6.3016391e-01    590581  1.3579731e+03 
6.3221757e-01    593523  1.3548132e+03 
6.3426921e-01    596365  1.3534859e+03 
6.3632680e-01    605581  1.3448280e+03 
6.3838548e-01    604563  1.3433262e+03 
6.4043866e-01    609601  1.3422575e+03 
6.4249450e-01    614661  1.3357095e+03 
6.4454702e-01    614905  1.3335501e+03 
6.4659445e-01    620139  1.3331453e+03 
6.4865128e-01    627721  1.3267035e+03 
6.5071031e-01    629761  1.3221832e+03 
6.5276138e-01    630999  1.3214918e+03 
6.5481736e-01    640345  1.3190981e+03 
6.5687436e-01    639981  1.3153757e+03 
6.5892691e-01    645289  1.3115506e+03 
6.6098214e-01    649971  1.3067675e+03 
6.6303984e-01    654949  1.3050951e+03 
6.6509603e-01    656857  1.3022432e+03 
6.6714995e-01    661935  1.2969056e+03 
6.6920302e-01    664117  1.2975768e+03 
6.7125613e-01    670437  1.2919197e+03 
6.7331107e-01    673483  1.2898830e+03 
6.7536395e-01    677013  1.2869369e+03 
6.7741842e-01    683161  1.2833030e+03 
6.7947291e-01    684817  1.2781999e+03 
6.8153002e-01    693699  1.2748821e+03 
6.8358639e-01    692509  1.2739550e+03 
6.8564008e-01    700113  1.2680708e+03 
6.8769700e-01    703219  1.2687812e+03 
6.8975453e-01    708829  1.2644632e+03 
6.9180778e-01    709089  1.2597630e+03 
6.9386191e-01    717205  1.2564062e+03 
6.9591740e-01    719043  1.2556926e+03 
6.9797017e-01    723697  1.2539622e+03 
7.0002405e-01    728193  1.2521421e+03 
7.0207969e-01    733771  1.2455702e+03 
7.0413579e-01    736549  1.2442265e+03 
7.0619196e-01    743253  1.2401612e+03 
7.0824556e-01    742579  1.2386996e+03 
7.1029804e-01    751605  1.2349784e+03 
7.1235475e-01    753997  1.2322611e+03 
7.1441116e-01    760161  1.2285986e+03 
7.1646643e-01    762223  1.2250638e+03 
7.1851951e-01    766741  1.2231299e+03 
7.2057351e-01    772137  1.2198211e+03 
7.2263182e-01    778531  1.2176594e+03 
7.2468534e-01    777465  1.2152641e+03 
7.2673743e-01    786361  1.2098320e+03 
7.2879391e-01    789465  1.2087289e+03 
7.3084811e-01    793675  1.2043796e+03 
7.3290347e-01    799273  1.2036137e+03 
7.3495737e-01    801417  1.1989718e+03 
7.3701280e-01    809791  1.1972199e+03 
7.3906804e-01    809565  1.1947560e+03 
7.4112155e-01    818245  1.1910391e+03 
7.4317642e-01    819217  1.1891763e+03 
7.4522939e-01    825879  1.1847256e+03 
7.4728491e-01    830461  1.1836426e+03 
7.4934196e-01    835965  1.1818725e+03 
7.5139856e-01    839995  1.1789185e+03 
7.5345313e-01    842601  1.1764416e+03 
7.5550486e-01    847429  1.1729128e+03 
7.5755727e-01    852199  1.1692105e+03 
7.5961581e-01    861633  1.1671924e+03 
7.6167443e-01    862021  1.1641009e+03 
7.6372763e-01    865713  1.1630051e+03 
7.6578185e-01    872899  1.1592171e+03 
7.6783686e-01    875349  1.1579750e+03 
7.6989045e-01    881161  1.1549716e+03 
7.7194126e-01    882367  1.1506080e+03 
7.7399720e-01    894789  1.1497900e+03 
7.7605526e-01    894217  1.1433699e+03 
7.7811098e-01    901593  1.1444762e+03 
7.8016405e-01    901879  1.1442482e+03 
7.8221463e-01    908721  1.1386232e+03 
7.8427222e-01    917389  1.1365520e+03 
7.8633130e-01    920239  1.1339484e+03 
7.8838420e-01    921045  1.1281722e+03 
7.9043772e-01    930589  1.1279433e+03 
7.9249345e-01    932679  1.1239054e+03 
7.9454804e-01    938917  1.1239166e+03 
7.9660292e-01    943333  1.1210371e+03 
7.9865794e-01    948093  1.1188702e+03 
8.0071558e-01    955843  1.1178988e+03 
8.0276949e-01    954465  1.1138446e+03 
8.0482135e-01    963637  1.1103519e+03 
8.0687638e-01    967503  1.1100617e+03 
8.0893199e-01    973261  1.1030886e+03 
8.1098785e-01    978565  1.1025329e+03 
8.1304379e-01    982833  1.1003651e+03 
8.1509945e-01    988399  1.1006519e+03 
8.1715145e-01    988953  1.0979399e+03 
8.1920563e-01   1000621  1.0950273e+03 
8.2126344e-01   1002903  1.0903651e+03 
8.2331987e-01   1008577  1.0895671e+03 
8.2537419e-01   1011505  1.0861798e+03 
8.2742644e-01   1016283  1.0832386e+03 
8.2947990e-01   1023049  1.0817721e+03 
8.3153646e-01   1029357  1.0794288e+03 
8.3359077e-01   1030813  1.0797473e+03 
8.3564397e-01   1038679  1.0743922e+03 
8.3770034e-01   1044105  1.0706997e+03 
8.3975587e-01   1048189  1.0700705e+03 
8.4180975e-01   1052535  1.0689376e+03 
8.4386383e-01   1058641  1.0646457e+03 
8.4592068e-01   1065933  1.0633238e+03 
8.4797564e-01   1066597  1.0612817e+03 
8.5002977e-01   1075915  1.0586167e+03 
8.5208467e-01   1077681  1.0596549e+03 
8.5414123e-01   1087741  1.0561797e+03 
8.5619868e-01   1089555  1.0535828e+03 
8.5825152e-01   1092853  1.0520676e+03 
8.6030355e-01   1099653  1.0472885e+03 
8.6235797e-01   1105345  1.0464355e+03 
8.6441416e-01   1112407  1.0444173e+03 
8.6646775e-01   1113501  1.0441528e+03 
8.6851943e-01   1119961  1.0399839e+03 
8.7057399e-01   1128015  1.0400637e+03 
8.7263193e-01   1133821  1.0359707e+03 
8.7468856e-01   1137825  1.0349921e+03 
8.7674137e-01   1139899  1.0336811e+03 
8.7879539e-01   1149577  1.0312816e+03 
8.8085111e-01   1153317  1.0305730e+03 
8.8290600e-01   1158613  1.0264736e+03 
8.8495967e-01   1163403  1.0254645e+03 
8.8701462e-01   1170193  1.0229936e+03 
8.8906999e-01   1175185  1.0208565e+03 
8.9112643e-01   1182507  1.0202455e+03 
8.9318279e-01   1185361  1.0178785e+03 
8.9523574e-01   1189845  1.0138540e+03 
8.9729060e-01   1198417  1.0132349e+03 
8.9934688e-01   1202655  1.0122944e+03 
9.0140288e-01   1208953  1.0081963e+03 
9.0345792e-01   1212325  1.0090451e+03 
9.0551177e-01   1219071  1.0074344e+03 
9.0756548e-01   1222741  1.0064299e+03 
9.0962141e-01   1233105  1.0040580e+03 
9.1167630e-01   1232575  1.0003350e+03 
9.1372817e-01   1240221  1.0010438e+03 
9.1578313e-01   1248205  9.9816002e+02 
9.1784159e-01   1254913  9.9779753e+02 
9.1989632e-01   1255563  9.9503787e+02 
9.2194762e-01   1261273  9.9384784e+02 
9.2400431e-01   1273773  9.9273823e+02 
9.2606277e-01   1275187  9.8905928e+02 
9.2811628e-01   1278045  9.9001424e+02 
9.3016881e-01   1286245  9.8887223e+02 
9.3222337e-01   1290997  9.8490150e+02 
9.3427816e-01   1298739  9.8557019e+02 
9.3633114e-01   1299889  9.8425588e+02 
9.3838708e-01   1313457  9.8410618e+02 
9.4044336e-01   1312471  9.8174328e+02 
9.4249670e-01   1320601  9.8159837e+02 
9.4455145e-01   1326573  9.8035836e+02 
9.4660649e-01   1331635  9.7713017e+02 
9.4866121e-01   1337997  9.7663917e+02 
9.5071525e-01   1342765  9.7712427e+02 
9.5277296e-01   1353861  9.7456485e+02 
9.5482846e-01   1352035  9.7372938e+02 
9.5688147e-01   1361665  9.7266417e+02 
9.5893684e-01   1367409  9.7067637e+02 
9.6099080e-01   1371223  9.7248035e+02 
9.6304781e-01   1383093  9.7085702e+02 
9.6510202e-01   1379629  9.6926564e+02 
9.6715534e-01   1393125  9.6711376e+02 
9.6921291e-01   1397839  9.6727496e+02 
9.7126804e-01   1401433  9.6701937e+02 
9.7332027e-01   1405233  9.6738807e+02 
9.7537405e-01   1416283  9.6603900e+02 
9.7743096e-01   1420629  9.6538129e+02 
9.7948498e-01   1425133  9.6604612e+02 
9.8153882e-01   1431681  9.6543592e+02 
9.8359506e-01   1440391  9.6416128e+02 
9.8564950e-01   1441813  9.6436750e+02 
9.8770302e-01   1450305  9.6440569e+02 
9.8975834e-01   1457563  9.6507912e+02 
9.9181429e-01   1461813  9.6391056e+02 
9.9386784e-01   1467517  9.6446829e+02 
9.9592193e-01   1474423  9.6341639e+02 
9.9797755e-01   1481349  9.6394228e+02 
1.0000321e+00   1485733  9.6404454e+02 
1.0020875e+00   1494081  9.6339213e+02 
1.0041435e+00   1499779  9.6488274e+02 
1.0061991e+00   1505145  9.6577093e+02 
1.0082540e+00   1511053  9.6454575e+02 
1.0103089e+00   1517875  9.6668860e+02 
1.0123637e+00   1522761  9.6601681e+02 
1.0144179e+00   1529725  9.6831584e+02 
1.0164730e+00   1536201  9.6845134e+02 
1.0185274e+00   1541179  9.6961392e+02 
1.0205805e+00   1547001  9.7069292e+02 
1.0226350e+00   1555369  9.7025525e+02 
1.0246918e+00   1563139  9.7327113e+02 
1.0267465e+00   1564473  9.7341311e+02 
1.0287994e+00   1573357  9.7440053e+02 
1.0308549e+00   1580763  9.7681232e+02 
1.0329099e+00   1585093  9.7829348e+02 
1.0349630e+00   1590837  9.8039778e+02 
1.0370181e+00   1599997  9.8230873e+02 
1.0390746e+00   1606639  9.8392895e+02 
1.0411296e+00   1610061  9.8530363e+02 
1.0431844e+00   1618933  9.8831177e+02 
1.0452391e+00   1622691  9.9000150e+02 
1.0472940e+00   1631593  9.9404488e+02 
1.0493475e+00   1634425  9.9581649e+02 
1.0514024e+00   1645194  9.9662753e+02 
