# Power spectrum from CO𝘕CEPT job 3244256 at t = 8.5895667 Gyr, a = 0.66666666.
# 
# Below, the following component mapping is used:
#   GADGET halo: 0
# 
#            grid size 2048            
# ╭───────────────────────────────────╮
#                         component 0  
#                        σ₈ = 6.94e-01 
#  k [Mpc⁻¹]     modes    power [Mpc³] 
2.0555343e-03         3  2.0987989e+04 
3.1682946e-03        10  2.8809192e+04 
4.7373740e-03        27  3.7442565e+04 
6.3820863e-03        45  4.3458132e+04 
7.9115775e-03        67  4.7229278e+04 
9.7085247e-03       141  4.9549026e+04 
1.1813252e-02       217  4.9574754e+04 
1.3856891e-02       265  4.8367184e+04 
1.5841939e-02       375  4.5907376e+04 
1.7888150e-02       469  4.3625255e+04 
1.9901651e-02       573  4.0416125e+04 
2.1881279e-02       679  3.7451821e+04 
2.3948430e-02       889  3.4552449e+04 
2.6081093e-02      1053  3.1911333e+04 
2.8115028e-02      1105  2.9809440e+04 
3.0202696e-02      1467  2.7583540e+04 
3.2301768e-02      1501  2.6288239e+04 
3.4320488e-02      1737  2.4866732e+04 
3.6361308e-02      1963  2.3933216e+04 
3.8387170e-02      2125  2.2808194e+04 
4.0448527e-02      2517  2.2030558e+04 
4.2495081e-02      2575  2.1172169e+04 
4.4559373e-02      3081  2.0239793e+04 
4.6619810e-02      3133  1.9771275e+04 
4.8626230e-02      3429  1.9012897e+04 
5.0698420e-02      3991  1.8072352e+04 
5.2767419e-02      4009  1.7286502e+04 
5.4798420e-02      4497  1.6228683e+04 
5.6846237e-02      4747  1.5187146e+04 
5.8921201e-02      5289  1.4388430e+04 
6.1004129e-02      5581  1.3686090e+04 
6.3069439e-02      5901  1.2794056e+04 
6.5118908e-02      6295  1.2035397e+04 
6.7157867e-02      6601  1.1663398e+04 
6.9203946e-02      7161  1.0851715e+04 
7.1259216e-02      7531  1.0541297e+04 
7.3320923e-02      8037  1.0285859e+04 
7.5380084e-02      8437  9.8729861e+03 
7.7422429e-02      8827  9.6730497e+03 
7.9481554e-02      9513  9.2130326e+03 
8.1531963e-02      9709  9.0717122e+03 
8.3596155e-02     10641  8.9429746e+03 
8.5641085e-02     10567  8.7163806e+03 
8.7689062e-02     11685  8.5311563e+03 
8.9782895e-02     12169  8.1418569e+03 
9.1815319e-02     12091  7.9771900e+03 
9.3851282e-02     13257  7.5979930e+03 
9.5913315e-02     13657  7.4498537e+03 
9.7967195e-02     14241  7.1446290e+03 
1.0001807e-01     14851  6.9167521e+03 
1.0207917e-01     15609  6.6555730e+03 
1.0414799e-01     16189  6.3961304e+03 
1.0618584e-01     16471  6.1835352e+03 
1.0823122e-01     17481  5.9999824e+03 
1.1029611e-01     18253  5.8568990e+03 
1.1236449e-01     18801  5.6346275e+03 
1.1442170e-01     19495  5.5008700e+03 
1.1647381e-01     20101  5.3760696e+03 
1.1853259e-01     20985  5.2436563e+03 
1.2058304e-01     21451  5.1404071e+03 
1.2263967e-01     22533  5.0578264e+03 
1.2469240e-01     22945  4.9414237e+03 
1.2673867e-01     23811  4.8679478e+03 
1.2879081e-01     24625  4.7562012e+03 
1.3085180e-01     25705  4.6415211e+03 
1.3291698e-01     26241  4.5443805e+03 
1.3496948e-01     27043  4.5004867e+03 
1.3702764e-01     28029  4.4001006e+03 
1.3907763e-01     28489  4.2762551e+03 
1.4113599e-01     30039  4.1370970e+03 
1.4320145e-01     30301  4.0871860e+03 
1.4523906e-01     31033  3.9524032e+03 
1.4729212e-01     32529  3.9045058e+03 
1.4934836e-01     32935  3.8227326e+03 
1.5140707e-01     34437  3.7265425e+03 
1.5346397e-01     34645  3.6789301e+03 
1.5550627e-01     35979  3.5577127e+03 
1.5756514e-01     36949  3.5076293e+03 
1.5962681e-01     38113  3.4359413e+03 
1.6167782e-01     38475  3.3590246e+03 
1.6372378e-01     39865  3.3072682e+03 
1.6579308e-01     41493  3.2591551e+03 
1.6786093e-01     41665  3.2177211e+03 
1.6990109e-01     42631  3.1861311e+03 
1.7195432e-01     44085  3.1203035e+03 
1.7402275e-01     45505  3.0609886e+03 
1.7607967e-01     45735  3.0245833e+03 
1.7812722e-01     47125  2.9774302e+03 
1.8018650e-01     48585  2.9215855e+03 
1.8224131e-01     48961  2.8505668e+03 
1.8429151e-01     50743  2.8261212e+03 
1.8634236e-01     51165  2.7698788e+03 
1.8839905e-01     53257  2.7400785e+03 
1.9045754e-01     53655  2.7002338e+03 
1.9250238e-01     54793  2.6292979e+03 
1.9456490e-01     57057  2.6056974e+03 
1.9662336e-01     56839  2.5746607e+03 
1.9867529e-01     59101  2.5453554e+03 
2.0073251e-01     59709  2.5196368e+03 
2.0278666e-01     61225  2.4679201e+03 
2.0484660e-01     62607  2.4192013e+03 
2.0689969e-01     63253  2.3974393e+03 
2.0895046e-01     65061  2.3569282e+03 
2.1100421e-01     66031  2.3316192e+03 
2.1305939e-01     67525  2.3072404e+03 
2.1511322e-01     68769  2.2674330e+03 
2.1716836e-01     70105  2.2391738e+03 
2.1922722e-01     71787  2.2174583e+03 
2.2128094e-01     72337  2.1796718e+03 
2.2333415e-01     74401  2.1620170e+03 
2.2539107e-01     75531  2.1350433e+03 
2.2745465e-01     77473  2.1102898e+03 
2.2950140e-01     77193  2.0883310e+03 
2.3154395e-01     79765  2.0649469e+03 
2.3361183e-01     82143  2.0330921e+03 
2.3567721e-01     82393  2.0208199e+03 
2.3772832e-01     83833  1.9774219e+03 
2.3977483e-01     85059  1.9625630e+03 
2.4183019e-01     87253  1.9493306e+03 
2.4389245e-01     88857  1.9187478e+03 
2.4594961e-01     89659  1.8905027e+03 
2.4800280e-01     91533  1.8742540e+03 
2.5005259e-01     92401  1.8417119e+03 
2.5211125e-01     95353  1.8411911e+03 
2.5416648e-01     95271  1.8218615e+03 
2.5622082e-01     98269  1.7897845e+03 
2.5827343e-01     98217  1.7757284e+03 
2.6032972e-01    101899  1.7616976e+03 
2.6239326e-01    102009  1.7463731e+03 
2.6444413e-01    103993  1.7140643e+03 
2.6650004e-01    105553  1.6980545e+03 
2.6855378e-01    107139  1.6832659e+03 
2.7061017e-01    109189  1.6728659e+03 
2.7265856e-01    109341  1.6497408e+03 
2.7471045e-01    113179  1.6399305e+03 
2.7676841e-01    113053  1.6284571e+03 
2.7882282e-01    116517  1.6090662e+03 
2.8088926e-01    117607  1.6001868e+03 
2.8294196e-01    118365  1.5881491e+03 
2.8499417e-01    121189  1.5687517e+03 
2.8705230e-01    122289  1.5555043e+03 
2.8910334e-01    124147  1.5407658e+03 
2.9116121e-01    126385  1.5225957e+03 
2.9321962e-01    127941  1.5129166e+03 
2.9527029e-01    128947  1.4957557e+03 
2.9732801e-01    132393  1.4868131e+03 
2.9938720e-01    132949  1.4761809e+03 
3.0143788e-01    134649  1.4597607e+03 
3.0349361e-01    137623  1.4435649e+03 
3.0554553e-01    137641  1.4298299e+03 
3.0759705e-01    141321  1.4232920e+03 
3.0965296e-01    142087  1.4068285e+03 
3.1170926e-01    144945  1.3964485e+03 
3.1376228e-01    145717  1.3897223e+03 
3.1581259e-01    148251  1.3747781e+03 
3.1787689e-01    151537  1.3668198e+03 
3.1993481e-01    151321  1.3554349e+03 
3.2198318e-01    153909  1.3458827e+03 
3.2403847e-01    156511  1.3306586e+03 
3.2610083e-01    158709  1.3167021e+03 
3.2815496e-01    159301  1.3150375e+03 
3.3020730e-01    162643  1.3069875e+03 
3.3226952e-01    164613  1.2940242e+03 
3.3432467e-01    165817  1.2794517e+03 
3.3637318e-01    167313  1.2705986e+03 
3.3842637e-01    171067  1.2606256e+03 
3.4048104e-01    171465  1.2605548e+03 
3.4253598e-01    175225  1.2490482e+03 
3.4459621e-01    176743  1.2310244e+03 
3.4664278e-01    176841  1.2286534e+03 
3.4869495e-01    182221  1.2158351e+03 
3.5076018e-01    183117  1.2102927e+03 
3.5281219e-01    184411  1.1990339e+03 
3.5486592e-01    187617  1.1957792e+03 
3.5692067e-01    188905  1.1884884e+03 
3.5897033e-01    191131  1.1696138e+03 
3.6102772e-01    194565  1.1708496e+03 
3.6308705e-01    196141  1.1566291e+03 
3.6514519e-01    198591  1.1535976e+03 
3.6719997e-01    200065  1.1469177e+03 
3.6925812e-01    203797  1.1426995e+03 
3.7131693e-01    204549  1.1305284e+03 
3.7337146e-01    207595  1.1224034e+03 
3.7542343e-01    208581  1.1138851e+03 
3.7747354e-01    211837  1.1113714e+03 
3.7952787e-01    213999  1.1016609e+03 
3.8158583e-01    217057  1.0925513e+03 
3.8364285e-01    218893  1.0875460e+03 
3.8569444e-01    220269  1.0777402e+03 
3.8774912e-01    224323  1.0729783e+03 
3.8980771e-01    225873  1.0666162e+03 
3.9186509e-01    228757  1.0605292e+03 
3.9391915e-01    230283  1.0559256e+03 
3.9597457e-01    233341  1.0485384e+03 
3.9803088e-01    235693  1.0405146e+03 
4.0008404e-01    237399  1.0380921e+03 
4.0213927e-01    241009  1.0262836e+03 
4.0419859e-01    243417  1.0218458e+03 
4.0625170e-01    244129  1.0195576e+03 
4.0830513e-01    248991  1.0120626e+03 
4.1036549e-01    250369  1.0061587e+03 
4.1242022e-01    252829  9.9727645e+02 
4.1447159e-01    254511  9.9376733e+02 
4.1652732e-01    258997  9.8803972e+02 
4.1858500e-01    260157  9.8556090e+02 
4.2063654e-01    262381  9.7954805e+02 
4.2269051e-01    266131  9.7227844e+02 
4.2474354e-01    267117  9.6770211e+02 
4.2679629e-01    271273  9.6502666e+02 
4.2885704e-01    274563  9.5250287e+02 
4.3091421e-01    275473  9.5120850e+02 
4.3296527e-01    278193  9.4627600e+02 
4.3501579e-01    280657  9.4483681e+02 
4.3707334e-01    285319  9.3303824e+02 
4.3913162e-01    286401  9.3061159e+02 
4.4118450e-01    288889  9.2662915e+02 
4.4324196e-01    293391  9.1980106e+02 
4.4530112e-01    294577  9.1191867e+02 
4.4735505e-01    297573  9.1083064e+02 
4.4940803e-01    299563  9.0912336e+02 
4.5146450e-01    303997  9.0112571e+02 
4.5351950e-01    305025  8.9550739e+02 
4.5557238e-01    308533  8.9064500e+02 
4.5762781e-01    311619  8.8889519e+02 
4.5968457e-01    314257  8.8315408e+02 
4.6173858e-01    316617  8.7694286e+02 
4.6379327e-01    320131  8.7275498e+02 
4.6585035e-01    322729  8.7028275e+02 
4.6790751e-01    326289  8.6690144e+02 
4.6996118e-01    326989  8.6265783e+02 
4.7201125e-01    331131  8.5827279e+02 
4.7406813e-01    334801  8.5443836e+02 
4.7612209e-01    335833  8.4871154e+02 
4.7817579e-01    340827  8.4478124e+02 
4.8023320e-01    342721  8.4358024e+02 
4.8229374e-01    347925  8.3638462e+02 
4.8434992e-01    346915  8.3024131e+02 
4.8640089e-01    352221  8.2947846e+02 
4.8845733e-01    354793  8.2327611e+02 
4.9051121e-01    357109  8.2214752e+02 
4.9256595e-01    361299  8.1761071e+02 
4.9462141e-01    363205  8.1390349e+02 
4.9667819e-01    367881  8.0947139e+02 
4.9873486e-01    369439  8.0545648e+02 
5.0078923e-01    372729  8.0398557e+02 
5.0284304e-01    375709  8.0019939e+02 
5.0489758e-01    378925  7.9382162e+02 
5.0695174e-01    381963  7.9129975e+02 
5.0900513e-01    384733  7.8853327e+02 
5.1105997e-01    388377  7.8825202e+02 
5.1311460e-01    391507  7.8104732e+02 
5.1517145e-01    394989  7.7874105e+02 
5.1722979e-01    398773  7.7539151e+02 
5.1928365e-01    399259  7.7143755e+02 
5.2133819e-01    405537  7.6795321e+02 
5.2339327e-01    405997  7.6719209e+02 
5.2544430e-01    409845  7.6036540e+02 
5.2749701e-01    413587  7.5769471e+02 
5.2955853e-01    419449  7.5552650e+02 
5.3162058e-01    420693  7.5075470e+02 
5.3367584e-01    423043  7.5026212e+02 
5.3573125e-01    427017  7.4452792e+02 
5.3778474e-01    429181  7.4369805e+02 
5.3983738e-01    432945  7.3885599e+02 
5.4189427e-01    437731  7.3686156e+02 
5.4395072e-01    439321  7.3303829e+02 
5.4600461e-01    443253  7.3189866e+02 
5.4805924e-01    446419  7.2866381e+02 
5.5011422e-01    449925  7.2371576e+02 
5.5216875e-01    453157  7.2071281e+02 
5.5422026e-01    455217  7.1773483e+02 
5.5627661e-01    461923  7.1586194e+02 
5.5833648e-01    463969  7.1201917e+02 
5.6038727e-01    464349  7.0917176e+02 
5.6243960e-01    471667  7.0768781e+02 
5.6449885e-01    474141  7.0552264e+02 
5.6655641e-01    478093  7.0141287e+02 
5.6861189e-01    480195  6.9834691e+02 
5.7066727e-01    484537  6.9576654e+02 
5.7272262e-01    487537  6.9145679e+02 
5.7477399e-01    489405  6.9011823e+02 
5.7682810e-01    496279  6.8663173e+02 
5.7888438e-01    496965  6.8624300e+02 
5.8094147e-01    503953  6.8090753e+02 
5.8299672e-01    503335  6.7882047e+02 
5.8505246e-01    511209  6.7735413e+02 
5.8710874e-01    510829  6.7383407e+02 
5.8916022e-01    515577  6.7309274e+02 
5.9121456e-01    520003  6.6909667e+02 
5.9327021e-01    523329  6.6751587e+02 
5.9532720e-01    527653  6.6445953e+02 
5.9738343e-01    530551  6.6293095e+02 
5.9943990e-01    534849  6.5871981e+02 
6.0149354e-01    536725  6.5704758e+02 
6.0354880e-01    542703  6.5519848e+02 
6.0560516e-01    544753  6.5130570e+02 
6.0765697e-01    547917  6.4943477e+02 
6.0971069e-01    552805  6.4757691e+02 
6.1176782e-01    557611  6.4525497e+02 
6.1382229e-01    558561  6.4293241e+02 
6.1587412e-01    563689  6.4043160e+02 
6.1792986e-01    568527  6.3821629e+02 
6.1998962e-01    572929  6.3504463e+02 
6.2204419e-01    573841  6.3366973e+02 
6.2409526e-01    578085  6.3143662e+02 
6.2615202e-01    584803  6.2946894e+02 
6.2821011e-01    586701  6.2633858e+02 
6.3026235e-01    588805  6.2589670e+02 
6.3231523e-01    595203  6.2235719e+02 
6.3437627e-01    600577  6.2033446e+02 
6.3643323e-01    601441  6.1824544e+02 
6.3848704e-01    605967  6.1627882e+02 
6.4054057e-01    609169  6.1357051e+02 
6.4259541e-01    614625  6.1043020e+02 
6.4465656e-01    620617  6.1102849e+02 
6.4671003e-01    618447  6.0681412e+02 
6.4876082e-01    626233  6.0549886e+02 
6.5081579e-01    629233  6.0304483e+02 
6.5286846e-01    632739  6.0129370e+02 
6.5492781e-01    641245  6.0099485e+02 
6.5698595e-01    640269  5.9513198e+02 
6.5904092e-01    646813  5.9528776e+02 
6.6109578e-01    648807  5.9328463e+02 
6.6314719e-01    652489  5.9136424e+02 
6.6520313e-01    659569  5.8980459e+02 
6.6725722e-01    659715  5.8695873e+02 
6.6931346e-01    668893  5.8575600e+02 
6.7137156e-01    669441  5.8313231e+02 
6.7342623e-01    674509  5.8192941e+02 
6.7547989e-01    677143  5.8017672e+02 
6.7753384e-01    683109  5.7948108e+02 
6.7958920e-01    685897  5.7513978e+02 
6.8164592e-01    693039  5.7336885e+02 
6.8370058e-01    692185  5.7284080e+02 
6.8575428e-01    701001  5.7089843e+02 
6.8781410e-01    704959  5.6855921e+02 
6.8986893e-01    705505  5.6657096e+02 
6.9192267e-01    713205  5.6481433e+02 
6.9397611e-01    713053  5.6369891e+02 
6.9602832e-01    721599  5.6202821e+02 
6.9808518e-01    724285  5.5812657e+02 
7.0014134e-01    729825  5.5756315e+02 
7.0219416e-01    730555  5.5628544e+02 
7.0424797e-01    738613  5.5398327e+02 
7.0630757e-01    744105  5.5149444e+02 
7.0836660e-01    746233  5.5049659e+02 
7.1041922e-01    748455  5.4967142e+02 
7.1247096e-01    754033  5.4688753e+02 
7.1452670e-01    760233  5.4541002e+02 
7.1658522e-01    764947  5.4331435e+02 
7.1864028e-01    765985  5.4204803e+02 
7.2069351e-01    772869  5.4043332e+02 
7.2274998e-01    777079  5.3901884e+02 
7.2480604e-01    781137  5.3672080e+02 
7.2686045e-01    785101  5.3534057e+02 
7.2891444e-01    789169  5.3483036e+02 
7.3096928e-01    795171  5.3171467e+02 
7.3302342e-01    797281  5.3000638e+02 
7.3507570e-01    802761  5.2807130e+02 
7.3713012e-01    808075  5.2850889e+02 
7.3918954e-01    815109  5.2585200e+02 
7.4124482e-01    814705  5.2495265e+02 
7.4329746e-01    821329  5.2330366e+02 
7.4535402e-01    827415  5.2138583e+02 
7.4741120e-01    830797  5.2015772e+02 
7.4946810e-01    836025  5.1807489e+02 
7.5152345e-01    839431  5.1579277e+02 
7.5357635e-01    842409  5.1511942e+02 
7.5562950e-01    849313  5.1331041e+02 
7.5768247e-01    851143  5.1232662e+02 
7.5973709e-01    860337  5.1148901e+02 
7.6179438e-01    862621  5.0879770e+02 
7.6384982e-01    867453  5.0748554e+02 
7.6590419e-01    871939  5.0598791e+02 
7.6796296e-01    880029  5.0496353e+02 
7.7002048e-01    880549  5.0333535e+02 
7.7207324e-01    885019  5.0188813e+02 
7.7412688e-01    890997  5.0103132e+02 
7.7618167e-01    895573  4.9886981e+02 
7.7823752e-01    901029  4.9644948e+02 
7.8028976e-01    902251  4.9626274e+02 
7.8234599e-01    913789  4.9518984e+02 
7.8440298e-01    912837  4.9363358e+02 
7.8645792e-01    921451  4.9152351e+02 
7.8851326e-01    922473  4.9076739e+02 
7.9056859e-01    931549  4.9004806e+02 
7.9262557e-01    933333  4.8802969e+02 
7.9468393e-01    942631  4.8650956e+02 
7.9673784e-01    939061  4.8536485e+02 
7.9878934e-01    949797  4.8380841e+02 
8.0084689e-01    955099  4.8257710e+02 
8.0290261e-01    956937  4.8046905e+02 
8.0495435e-01    962053  4.7989269e+02 
8.0700989e-01    969963  4.7805693e+02 
8.0906686e-01    972985  4.7725110e+02 
8.1112114e-01    978001  4.7523722e+02 
8.1317718e-01    983793  4.7439262e+02 
8.1523143e-01    987091  4.7343198e+02 
8.1728804e-01    995025  4.7166998e+02 
8.1934380e-01    997033  4.7024396e+02 
8.2139653e-01   1002063  4.6859665e+02 
8.2345116e-01   1008385  4.6801712e+02 
8.2550923e-01   1016053  4.6655213e+02 
8.2756675e-01   1017405  4.6488402e+02 
8.2961815e-01   1020859  4.6507101e+02 
8.3167392e-01   1031313  4.6285257e+02 
8.3373169e-01   1032877  4.6186913e+02 
8.3578662e-01   1039267  4.6145102e+02 
8.3783974e-01   1040901  4.5841132e+02 
8.3989250e-01   1049245  4.5789714e+02 
8.4194859e-01   1054275  4.5673857e+02 
8.4400351e-01   1058473  4.5545873e+02 
8.4605968e-01   1066317  4.5490888e+02 
8.4811725e-01   1069585  4.5369073e+02 
8.5017249e-01   1074787  4.5219405e+02 
8.5222601e-01   1077873  4.5112070e+02 
8.5428048e-01   1086349  4.4965488e+02 
8.5633714e-01   1090743  4.4880628e+02 
8.5839158e-01   1093909  4.4770874e+02 
8.6044386e-01   1099665  4.4647691e+02 
8.6249827e-01   1106005  4.4422948e+02 
8.6455450e-01   1112815  4.4425705e+02 
8.6660879e-01   1114101  4.4312651e+02 
8.6866643e-01   1126789  4.4197822e+02 
8.7072397e-01   1125447  4.4095932e+02 
8.7277737e-01   1131937  4.3995141e+02 
8.7483183e-01   1138165  4.3855489e+02 
8.7688641e-01   1141977  4.3819585e+02 
8.7894232e-01   1150819  4.3619526e+02 
8.8099892e-01   1153413  4.3481109e+02 
8.8305267e-01   1158289  4.3399761e+02 
8.8510777e-01   1166019  4.3277452e+02 
8.8716431e-01   1170133  4.3200312e+02 
8.8922035e-01   1177057  4.3015764e+02 
8.9127586e-01   1180035  4.2990289e+02 
8.9332978e-01   1185973  4.2890891e+02 
8.9538355e-01   1190841  4.2751138e+02 
8.9743758e-01   1197337  4.2605269e+02 
8.9949284e-01   1203399  4.2577260e+02 
9.0154831e-01   1208245  4.2469855e+02 
9.0360193e-01   1212145  4.2253145e+02 
9.0565818e-01   1222887  4.2237528e+02 
9.0771491e-01   1223329  4.2175291e+02 
9.0976939e-01   1231653  4.2000789e+02 
9.1182420e-01   1234441  4.1952385e+02 
9.1387961e-01   1243887  4.1854591e+02 
9.1593671e-01   1247713  4.1820927e+02 
9.1799171e-01   1252081  4.1612594e+02 
9.2004542e-01   1257807  4.1505336e+02 
9.2210343e-01   1268185  4.1426248e+02 
9.2415973e-01   1267569  4.1305959e+02 
9.2621449e-01   1277059  4.1186276e+02 
9.2827112e-01   1281325  4.1123271e+02 
9.3032536e-01   1285809  4.0992006e+02 
9.3237945e-01   1291681  4.0909429e+02 
9.3443489e-01   1299975  4.0969722e+02 
9.3648929e-01   1300825  4.0740887e+02 
9.3854444e-01   1312917  4.0669040e+02 
9.4060232e-01   1315711  4.0576454e+02 
9.4265723e-01   1320385  4.0503232e+02 
9.4470825e-01   1322721  4.0353421e+02 
9.4676287e-01   1335625  4.0228819e+02 
9.4881960e-01   1337991  4.0169195e+02 
9.5087655e-01   1347277  3.9990657e+02 
9.5293357e-01   1349421  4.0006381e+02 
9.5498771e-01   1355407  3.9936422e+02 
9.5704277e-01   1362001  3.9806512e+02 
9.5909778e-01   1367481  3.9731615e+02 
9.6115214e-01   1372735  3.9588882e+02 
9.6320669e-01   1378989  3.9491946e+02 
9.6526032e-01   1383937  3.9419122e+02 
9.6731647e-01   1393737  3.9346753e+02 
9.6937465e-01   1398907  3.9229958e+02 
9.7142949e-01   1400545  3.9155018e+02 
9.7348229e-01   1408305  3.9102544e+02 
9.7553763e-01   1416235  3.8960588e+02 
9.7759368e-01   1420389  3.8849957e+02 
9.7964789e-01   1426477  3.8763449e+02 
9.8170372e-01   1433797  3.8702367e+02 
9.8375971e-01   1439547  3.8613279e+02 
9.8581320e-01   1441777  3.8601104e+02 
9.8786853e-01   1454193  3.8419504e+02 
9.8992551e-01   1456651  3.8353112e+02 
9.9197957e-01   1461357  3.8291080e+02 
9.9403572e-01   1472557  3.8143948e+02 
9.9609098e-01   1471645  3.8116237e+02 
9.9814512e-01   1483635  3.8046218e+02 
1.0002017e+00   1486885  3.7893570e+02 
1.0022586e+00   1496445  3.7854373e+02 
1.0043119e+00   1494487  3.7751213e+02 
1.0063652e+00   1507785  3.7656352e+02 
1.0084220e+00   1512529  3.7567980e+02 
1.0104774e+00   1517707  3.7539417e+02 
1.0125327e+00   1525077  3.7457071e+02 
1.0145885e+00   1530793  3.7308563e+02 
1.0166422e+00   1533885  3.7232751e+02 
1.0186982e+00   1547191  3.7147858e+02 
1.0207544e+00   1546641  3.7074859e+02 
1.0228077e+00   1554709  3.6963961e+02 
1.0248628e+00   1562539  3.6931655e+02 
1.0269180e+00   1566657  3.6814354e+02 
1.0289727e+00   1575301  3.6713071e+02 
1.0310289e+00   1580733  3.6690415e+02 
1.0330837e+00   1585843  3.6570639e+02 
1.0351388e+00   1594153  3.6475813e+02 
1.0371931e+00   1596969  3.6411069e+02 
1.0392497e+00   1610923  3.6325283e+02 
1.0413059e+00   1608045  3.6252867e+02 
1.0433596e+00   1620649  3.6213241e+02 
1.0454134e+00   1620795  3.6053936e+02 
1.0474691e+00   1635949  3.6010204e+02 
1.0495260e+00   1636129  3.5936805e+02 
1.0515805e+00   1644273  3.5901502e+02 
1.0536366e+00   1652407  3.5769648e+02 
1.0556935e+00   1657593  3.5722750e+02 
1.0577481e+00   1662145  3.5614574e+02 
1.0598014e+00   1668411  3.5543510e+02 
1.0618565e+00   1677397  3.5515133e+02 
1.0639122e+00   1683205  3.5407079e+02 
1.0659665e+00   1687497  3.5315001e+02 
1.0680217e+00   1698223  3.5246217e+02 
1.0700780e+00   1701765  3.5170869e+02 
1.0721345e+00   1712041  3.5074957e+02 
1.0741891e+00   1711831  3.5002024e+02 
1.0762436e+00   1724697  3.4912040e+02 
1.0782985e+00   1725685  3.4903577e+02 
1.0803528e+00   1737111  3.4794815e+02 
1.0824091e+00   1741861  3.4709830e+02 
1.0844641e+00   1748793  3.4645081e+02 
1.0865189e+00   1753621  3.4598622e+02 
1.0885744e+00   1764523  3.4550746e+02 
1.0906282e+00   1763601  3.4469284e+02 
1.0926823e+00   1777957  3.4366751e+02 
1.0947379e+00   1780011  3.4268866e+02 
1.0967940e+00   1791409  3.4191930e+02 
1.0988496e+00   1794117  3.4120901e+02 
1.1009065e+00   1805653  3.4122210e+02 
1.1029619e+00   1805623  3.4035659e+02 
1.1050158e+00   1816365  3.3878051e+02 
1.1070724e+00   1823797  3.3879125e+02 
1.1091281e+00   1828611  3.3774665e+02 
1.1111821e+00   1833685  3.3730227e+02 
1.1132367e+00   1844037  3.3671086e+02 
1.1152927e+00   1849177  3.3555226e+02 
1.1173478e+00   1856659  3.3554533e+02 
1.1194030e+00   1862529  3.3393616e+02 
1.1214562e+00   1866697  3.3368100e+02 
1.1235102e+00   1877955  3.3284189e+02 
1.1255670e+00   1885297  3.3198274e+02 
1.1276230e+00   1890565  3.3179364e+02 
1.1296779e+00   1896663  3.3092503e+02 
1.1317323e+00   1903669  3.3039281e+02 
1.1337866e+00   1910349  3.2924467e+02 
1.1358426e+00   1920517  3.2948440e+02 
1.1378988e+00   1925031  3.2815906e+02 
1.1399531e+00   1930333  3.2794176e+02 
1.1420099e+00   1943845  3.2624431e+02 
1.1440666e+00   1944711  3.2649694e+02 
1.1461184e+00   1947193  3.2569892e+02 
1.1481723e+00   1963905  3.2500419e+02 
1.1502288e+00   1965457  3.2405206e+02 
1.1522848e+00   1977807  3.2371401e+02 
1.1543404e+00   1978357  3.2304852e+02 
1.1563957e+00   1990621  3.2232956e+02 
1.1584513e+00   1994679  3.2153194e+02 
1.1605072e+00   2003473  3.2108641e+02 
1.1625621e+00   2008473  3.2008003e+02 
1.1646155e+00   2014027  3.1980834e+02 
1.1666709e+00   2026545  3.1892985e+02 
1.1687271e+00   2030485  3.1843921e+02 
1.1707811e+00   2035537  3.1762204e+02 
1.1728363e+00   2048271  3.1692160e+02 
1.1748932e+00   2052049  3.1643166e+02 
1.1769485e+00   2060529  3.1535029e+02 
1.1790037e+00   2065843  3.1507763e+02 
1.1810567e+00   2070145  3.1481268e+02 
1.1831098e+00   2080941  3.1417784e+02 
1.1851663e+00   2091085  3.1323236e+02 
1.1872221e+00   2094591  3.1241881e+02 
1.1892764e+00   2102233  3.1220696e+02 
1.1913317e+00   2110593  3.1147365e+02 
1.1933875e+00   2118763  3.1041521e+02 
1.1954418e+00   2121313  3.0991616e+02 
1.1974961e+00   2134197  3.0895790e+02 
1.1995511e+00   2136493  3.0874739e+02 
1.2016077e+00   2152539  3.0828985e+02 
1.2036638e+00   2150905  3.0790993e+02 
1.2057183e+00   2162493  3.0716701e+02 
1.2077742e+00   2169811  3.0636399e+02 
1.2098287e+00   2173273  3.0599361e+02 
1.2118830e+00   2185173  3.0520863e+02 
1.2139396e+00   2192431  3.0474315e+02 
1.2159952e+00   2197593  3.0377020e+02 
1.2180502e+00   2206813  3.0308802e+02 
1.2201051e+00   2211561  3.0277904e+02 
1.2221615e+00   2225683  3.0227527e+02 
1.2242166e+00   2222761  3.0141400e+02 
1.2262706e+00   2238657  3.0110888e+02 
1.2283256e+00   2240611  3.0053319e+02 
1.2303807e+00   2252505  2.9964440e+02 
1.2324352e+00   2255845  2.9916032e+02 
1.2344893e+00   2265253  2.9829650e+02 
1.2365448e+00   2275143  2.9799081e+02 
1.2386029e+00   2285713  2.9713816e+02 
1.2406575e+00   2282277  2.9673544e+02 
1.2427097e+00   2296099  2.9611455e+02 
1.2447668e+00   2307645  2.9572815e+02 
1.2468231e+00   2310073  2.9511736e+02 
1.2488787e+00   2321419  2.9455333e+02 
1.2509336e+00   2323209  2.9379949e+02 
1.2529888e+00   2337913  2.9347416e+02 
1.2550456e+00   2341713  2.9271733e+02 
1.2571006e+00   2349763  2.9237805e+02 
1.2591538e+00   2352573  2.9173997e+02 
1.2612091e+00   2369725  2.9122879e+02 
1.2632644e+00   2368519  2.9074111e+02 
1.2653182e+00   2381061  2.8983836e+02 
1.2673750e+00   2391997  2.8931591e+02 
1.2694314e+00   2394081  2.8884293e+02 
1.2714857e+00   2403871  2.8844307e+02 
1.2735399e+00   2409297  2.8788870e+02 
1.2755960e+00   2423149  2.8727203e+02 
1.2776530e+00   2427835  2.8635994e+02 
1.2797087e+00   2434545  2.8574048e+02 
1.2817627e+00   2441149  2.8549805e+02 
1.2838168e+00   2449191  2.8517316e+02 
1.2858729e+00   2461633  2.8411573e+02 
1.2879285e+00   2464441  2.8401219e+02 
1.2899806e+00   2468097  2.8323240e+02 
1.2920346e+00   2485999  2.8287276e+02 
1.2940920e+00   2490381  2.8218475e+02 
1.2961472e+00   2497897  2.8167441e+02 
1.2982011e+00   2502831  2.8126449e+02 
1.3002574e+00   2519065  2.8075944e+02 
1.3023143e+00   2520541  2.8023492e+02 
1.3043690e+00   2529381  2.7990592e+02 
1.3064240e+00   2537851  2.7884513e+02 
1.3084804e+00   2548197  2.7848788e+02 
1.3105359e+00   2551477  2.7802914e+02 
1.3125890e+00   2558919  2.7760712e+02 
1.3146417e+00   2565685  2.7632201e+02 
1.3166968e+00   2581681  2.7621453e+02 
1.3187539e+00   2586609  2.7581037e+02 
1.3208095e+00   2593915  2.7523748e+02 
1.3228639e+00   2599881  2.7461656e+02 
1.3249198e+00   2613469  2.7424824e+02 
1.3269756e+00   2616847  2.7396079e+02 
1.3290296e+00   2623749  2.7302551e+02 
1.3310848e+00   2637157  2.7280438e+02 
1.3331419e+00   2644347  2.7214639e+02 
1.3351967e+00   2647585  2.7171769e+02 
1.3372497e+00   2656581  2.7099367e+02 
1.3393051e+00   2669041  2.7070388e+02 
1.3413609e+00   2675287  2.6994234e+02 
1.3434160e+00   2682609  2.6953276e+02 
1.3454709e+00   2691769  2.6920157e+02 
1.3475252e+00   2697195  2.6902510e+02 
1.3495807e+00   2711077  2.6800235e+02 
1.3516379e+00   2719461  2.6732380e+02 
1.3536940e+00   2723005  2.6723608e+02 
1.3557488e+00   2733835  2.6644711e+02 
1.3578038e+00   2739657  2.6599515e+02 
1.3598580e+00   2748061  2.6550828e+02 
1.3619128e+00   2758371  2.6481163e+02 
1.3639684e+00   2766325  2.6439573e+02 
1.3660235e+00   2774241  2.6368073e+02 
1.3680795e+00   2784979  2.6359137e+02 
1.3701337e+00   2786053  2.6323397e+02 
1.3721892e+00   2805945  2.6278749e+02 
1.3742455e+00   2804113  2.6204962e+02 
1.3763000e+00   2818539  2.6163645e+02 
1.3783556e+00   2823733  2.6104338e+02 
1.3804105e+00   2833081  2.6046157e+02 
1.3824664e+00   2844183  2.6016828e+02 
1.3845219e+00   2847529  2.5955219e+02 
1.3865768e+00   2861157  2.5917360e+02 
1.3886318e+00   2863585  2.5822341e+02 
1.3906872e+00   2879571  2.5793657e+02 
1.3927430e+00   2881657  2.5754176e+02 
1.3947977e+00   2893309  2.5694138e+02 
1.3968534e+00   2902527  2.5672749e+02 
1.3989076e+00   2904373  2.5609716e+02 
1.4009600e+00   2915877  2.5565314e+02 
1.4030138e+00   2925247  2.5512913e+02 
1.4050712e+00   2943069  2.5481151e+02 
1.4071287e+00   2942677  2.5419046e+02 
1.4091835e+00   2952325  2.5361536e+02 
1.4112384e+00   2961027  2.5324789e+02 
1.4132941e+00   2970937  2.5279827e+02 
1.4153498e+00   2978853  2.5242149e+02 
1.4174035e+00   2982199  2.5204837e+02 
1.4194589e+00   3001233  2.5142060e+02 
1.4215161e+00   3005173  2.5084990e+02 
1.4235700e+00   3008233  2.5054880e+02 
1.4256240e+00   3023247  2.4999414e+02 
1.4276788e+00   3027997  2.4956798e+02 
1.4297349e+00   3044301  2.4900565e+02 
1.4317907e+00   3045127  2.4865394e+02 
1.4338461e+00   3060109  2.4836127e+02 
1.4359030e+00   3067401  2.4767567e+02 
1.4379577e+00   3070897  2.4738278e+02 
1.4400127e+00   3085791  2.4685916e+02 
1.4420678e+00   3089425  2.4629430e+02 
1.4441224e+00   3100845  2.4601989e+02 
1.4461785e+00   3112795  2.4564497e+02 
1.4482338e+00   3115357  2.4515904e+02 
1.4502884e+00   3129021  2.4443259e+02 
1.4523420e+00   3129187  2.4394991e+02 
1.4543959e+00   3147525  2.4366443e+02 
1.4564533e+00   3159073  2.4327391e+02 
1.4585099e+00   3161457  2.4267809e+02 
1.4605645e+00   3171499  2.4218984e+02 
1.4626191e+00   3178765  2.4191213e+02 
1.4646729e+00   3187437  2.4157218e+02 
1.4667269e+00   3197371  2.4128805e+02 
1.4687825e+00   3209433  2.4080954e+02 
1.4708375e+00   3214333  2.4019024e+02 
1.4728930e+00   3228441  2.3963503e+02 
1.4749485e+00   3233203  2.3898723e+02 
1.4770041e+00   3245605  2.3883803e+02 
1.4790601e+00   3252789  2.3820790e+02 
1.4811139e+00   3257875  2.3827677e+02 
1.4831687e+00   3272709  2.3763353e+02 
1.4852244e+00   3279373  2.3713237e+02 
1.4872791e+00   3287587  2.3662969e+02 
1.4893344e+00   3299625  2.3641262e+02 
1.4913914e+00   3311521  2.3578320e+02 
1.4934477e+00   3314685  2.3549086e+02 
1.4955020e+00   3324415  2.3504882e+02 
1.4975568e+00   3333945  2.3447841e+02 
1.4996125e+00   3345673  2.3415495e+02 
1.5016669e+00   3348667  2.3372420e+02 
1.5037222e+00   3365553  2.3338841e+02 
1.5057778e+00   3369649  2.3285422e+02 
1.5078332e+00   3381933  2.3248086e+02 
1.5098889e+00   3390139  2.3198900e+02 
1.5119429e+00   3394641  2.3161055e+02 
1.5139979e+00   3410917  2.3127811e+02 
1.5160534e+00   3415939  2.3073905e+02 
1.5181086e+00   3427497  2.3059590e+02 
1.5201638e+00   3435817  2.2988685e+02 
1.5222186e+00   3443223  2.2954971e+02 
1.5242738e+00   3456721  2.2905565e+02 
1.5263302e+00   3465909  2.2899278e+02 
1.5283856e+00   3471721  2.2845239e+02 
1.5304402e+00   3481891  2.2803989e+02 
1.5324948e+00   3490041  2.2754777e+02 
1.5345500e+00   3503713  2.2717294e+02 
1.5366058e+00   3510111  2.2689219e+02 
1.5386610e+00   3520033  2.2621028e+02 
1.5407156e+00   3527569  2.2603055e+02 
1.5427707e+00   3540405  2.2562896e+02 
1.5448269e+00   3550231  2.2503636e+02 
1.5468815e+00   3553917  2.2454803e+02 
1.5489362e+00   3568753  2.2438795e+02 
1.5509918e+00   3576999  2.2373145e+02 
1.5530470e+00   3585421  2.2338182e+02 
1.5551027e+00   3598681  2.2304208e+02 
1.5571587e+00   3604473  2.2269270e+02 
1.5592140e+00   3615655  2.2219908e+02 
1.5612685e+00   3621525  2.2167150e+02 
1.5633240e+00   3636649  2.2139694e+02 
1.5653795e+00   3642387  2.2109356e+02 
1.5674335e+00   3648541  2.2061463e+02 
1.5694890e+00   3668629  2.2031453e+02 
1.5715447e+00   3667707  2.2014474e+02 
1.5735990e+00   3682657  2.1935666e+02 
1.5756537e+00   3688881  2.1921933e+02 
1.5777086e+00   3701749  2.1861850e+02 
1.5797638e+00   3710599  2.1836110e+02 
1.5818189e+00   3719361  2.1804797e+02 
1.5838739e+00   3729961  2.1742445e+02 
1.5859301e+00   3743475  2.1724461e+02 
1.5879851e+00   3744913  2.1674034e+02 
1.5900392e+00   3759513  2.1632568e+02 
1.5920941e+00   3766669  2.1618884e+02 
1.5941491e+00   3779983  2.1573298e+02 
1.5962052e+00   3790461  2.1523606e+02 
1.5982612e+00   3797989  2.1501866e+02 
1.6003157e+00   3805767  2.1450485e+02 
1.6023721e+00   3823429  2.1424592e+02 
1.6044273e+00   3822189  2.1380385e+02 
1.6064819e+00   3839947  2.1346305e+02 
1.6085370e+00   3843517  2.1314757e+02 
1.6105920e+00   3859965  2.1271299e+02 
1.6126491e+00   3870265  2.1229306e+02 
1.6147028e+00   3867603  2.1193419e+02 
1.6167567e+00   3890533  2.1152923e+02 
1.6188123e+00   3893481  2.1089953e+02 
1.6208672e+00   3908431  2.1092624e+02 
1.6229233e+00   3916477  2.1047302e+02 
1.6249787e+00   3927381  2.1026459e+02 
1.6270327e+00   3929269  2.0990511e+02 
1.6290883e+00   3954687  2.0940739e+02 
1.6311440e+00   3948889  2.0881780e+02 
1.6331983e+00   3969133  2.0844822e+02 
1.6352540e+00   3974883  2.0822892e+02 
1.6373095e+00   3987133  2.0782876e+02 
1.6393642e+00   3993957  2.0763044e+02 
1.6414195e+00   4007377  2.0731437e+02 
1.6434760e+00   4019439  2.0666406e+02 
1.6455314e+00   4023241  2.0651273e+02 
1.6475863e+00   4037425  2.0600989e+02 
1.6496409e+00   4043343  2.0597477e+02 
1.6516958e+00   4056925  2.0535787e+02 
1.6537505e+00   4063737  2.0513306e+02 
1.6558051e+00   4076791  2.0472398e+02 
1.6578622e+00   4093677  2.0430910e+02 
1.6599182e+00   4092769  2.0433017e+02 
1.6619729e+00   4108105  2.0368283e+02 
1.6640272e+00   4113075  2.0326855e+02 
1.6660819e+00   4128817  2.0303334e+02 
1.6681370e+00   4134873  2.0260722e+02 
1.6701917e+00   4148731  2.0229101e+02 
1.6722474e+00   4157973  2.0194264e+02 
1.6743037e+00   4172869  2.0156734e+02 
1.6763602e+00   4178353  2.0114599e+02 
1.6784148e+00   4186107  2.0095414e+02 
1.6804695e+00   4199497  2.0041242e+02 
1.6825243e+00   4205565  2.0029245e+02 
1.6845788e+00   4220875  1.9989972e+02 
1.6866337e+00   4225933  1.9958999e+02 
1.6886907e+00   4251717  1.9928599e+02 
1.6907466e+00   4241443  1.9893542e+02 
1.6928010e+00   4265589  1.9835948e+02 
1.6948556e+00   4264249  1.9821490e+02 
1.6969102e+00   4284381  1.9782015e+02 
1.6989666e+00   4294687  1.9746714e+02 
1.7010219e+00   4298641  1.9709867e+02 
1.7030769e+00   4316037  1.9678505e+02 
1.7051323e+00   4319971  1.9635525e+02 
1.7071873e+00   4334721  1.9600756e+02 
1.7092426e+00   4343569  1.9584729e+02 
1.7112980e+00   4355217  1.9540079e+02 
1.7133523e+00   4359871  1.9503286e+02 
1.7154067e+00   4376533  1.9485829e+02 
1.7174621e+00   4384953  1.9451222e+02 
1.7195172e+00   4397167  1.9397268e+02 
1.7215723e+00   4404441  1.9371075e+02 
1.7236281e+00   4422121  1.9340436e+02 
1.7256834e+00   4423419  1.9324985e+02 
1.7277374e+00   4437157  1.9290094e+02 
1.7297935e+00   4454329  1.9244108e+02 
1.7318502e+00   4459389  1.9205774e+02 
1.7339033e+00   4462087  1.9185384e+02 
1.7359582e+00   4487157  1.9160518e+02 
1.7380142e+00   4487845  1.9126441e+02 
1.7400687e+00   4502311  1.9090133e+02 
1.7421248e+00   4515609  1.9044907e+02 
1.7441806e+00   4523293  1.9029136e+02 
1.7462352e+00   4530525  1.8996715e+02 
1.7482892e+00   4543075  1.8954894e+02 
1.7503438e+00   4553601  1.8932838e+02 
1.7524003e+00   4573213  1.8909291e+02 
1.7544554e+00   4569475  1.8880772e+02 
1.7565100e+00   4591089  1.8834515e+02 
1.7585655e+00   4596253  1.8819852e+02 
1.7606200e+00   4606701  1.8782926e+02 
1.7626754e+00   4623319  1.8751890e+02 
1.7647310e+00   4628589  1.8701707e+02 
1.7667866e+00   4644337  1.8687675e+02 
1.7688425e+00   4652227  1.8655612e+02 
1.7708973e+00   4660413  1.8623878e+02 
1.7729530e+00   4678945  1.8572716e+02 
1.7750101e+00   4687191  1.8562553e+02 
1.7770657e+00   4694245  1.8525182e+02 
1.7791187e+00   4698025  1.8501560e+02 
1.7811728e+00   4719597  1.8472681e+02 
1.7832280e+00   4725775  1.8435979e+02 
1.7852831e+00   4739961  1.8406253e+02 
1.7873390e+00   4752325  1.8365593e+02 
1.7893943e+00   4759023  1.8325248e+02 
1.7914499e+00   4774237  1.8308507e+02 
1.7935050e+00   4780405  1.8279626e+02 
1.7955595e+00   4792101  1.8252784e+02 
1.7976150e+00   4807663  1.8221918e+02 
1.7996710e+00   4816401  1.8190647e+02 
1.8017259e+00   4823509  1.8162566e+02 
1.8037809e+00   4840743  1.8139007e+02 
1.8058366e+00   4846849  1.8104859e+02 
1.8078909e+00   4857709  1.8071268e+02 
1.8099460e+00   4871907  1.8045599e+02 
1.8120014e+00   4881601  1.8016008e+02 
1.8140568e+00   4894389  1.7985551e+02 
1.8161120e+00   4901329  1.7957149e+02 
1.8181661e+00   4913583  1.7913357e+02 
1.8202225e+00   4932313  1.7897589e+02 
1.8222776e+00   4931233  1.7859475e+02 
1.8243318e+00   4949439  1.7834596e+02 
1.8263873e+00   4960093  1.7818336e+02 
1.8284436e+00   4975845  1.7776580e+02 
1.8304983e+00   4973809  1.7745946e+02 
1.8325530e+00   4999375  1.7716137e+02 
1.8346085e+00   4999281  1.7685005e+02 
1.8366638e+00   5020633  1.7657308e+02 
1.8387199e+00   5026719  1.7630644e+02 
1.8407748e+00   5036893  1.7599714e+02 
1.8428304e+00   5052285  1.7591562e+02 
1.8448846e+00   5052547  1.7555637e+02 
1.8469390e+00   5075413  1.7526052e+02 
1.8489949e+00   5084049  1.7487231e+02 
1.8510493e+00   5088469  1.7441488e+02 
1.8531037e+00   5108391  1.7429503e+02 
1.8551599e+00   5118805  1.7411402e+02 
1.8572162e+00   5132721  1.7373759e+02 
1.8592711e+00   5134123  1.7344985e+02 
1.8613248e+00   5148289  1.7327947e+02 
1.8633806e+00   5169609  1.7311459e+02 
1.8654367e+00   5170585  1.7269963e+02 
1.8674916e+00   5188107  1.7243966e+02 
1.8695476e+00   5197321  1.7215449e+02 
1.8716022e+00   5204481  1.7176511e+02 
1.8736561e+00   5217199  1.7154871e+02 
1.8757115e+00   5233909  1.7134170e+02 
1.8777674e+00   5244033  1.7102392e+02 
1.8798223e+00   5250349  1.7072754e+02 
1.8818771e+00   5267823  1.7040785e+02 
1.8839335e+00   5280397  1.7018287e+02 
1.8859885e+00   5284129  1.6987483e+02 
1.8880419e+00   5295771  1.6971713e+02 
1.8900975e+00   5317405  1.6950382e+02 
1.8921540e+00   5324901  1.6909436e+02 
1.8942094e+00   5333755  1.6889502e+02 
1.8962643e+00   5345937  1.6861318e+02 
1.8983198e+00   5359657  1.6838092e+02 
1.9003748e+00   5366821  1.6806506e+02 
1.9024295e+00   5382075  1.6769602e+02 
1.9044849e+00   5392261  1.6746137e+02 
1.9065406e+00   5407353  1.6725912e+02 
1.9085955e+00   5412259  1.6698591e+02 
1.9106499e+00   5426973  1.6677487e+02 
1.9127065e+00   5448109  1.6639900e+02 
1.9147623e+00   5444749  1.6609448e+02 
1.9168161e+00   5462499  1.6587659e+02 
1.9188715e+00   5476897  1.6555357e+02 
1.9209277e+00   5487741  1.6530655e+02 
1.9229813e+00   5489011  1.6516208e+02 
1.9250364e+00   5517945  1.6496878e+02 
1.9270934e+00   5523913  1.6459260e+02 
1.9291484e+00   5529295  1.6422487e+02 
1.9312022e+00   5541585  1.6425219e+02 
1.9332562e+00   5554501  1.6386886e+02 
1.9353116e+00   5571717  1.6361588e+02 
1.9373686e+00   5587903  1.6337683e+02 
1.9394237e+00   5584453  1.6311710e+02 
1.9414783e+00   5609505  1.6283875e+02 
1.9435340e+00   5613739  1.6253447e+02 
1.9455878e+00   5622837  1.6227310e+02 
1.9476428e+00   5644501  1.6202980e+02 
1.9496979e+00   5646693  1.6190353e+02 
1.9517531e+00   5668363  1.6164753e+02 
1.9538093e+00   5677237  1.6124071e+02 
1.9558649e+00   5688513  1.6115013e+02 
1.9579197e+00   5696839  1.6075051e+02 
1.9599754e+00   5716845  1.6049777e+02 
1.9620311e+00   5721301  1.6039039e+02 
1.9640855e+00   5733921  1.5998813e+02 
1.9661412e+00   5751391  1.5984849e+02 
1.9681958e+00   5753065  1.5961477e+02 
1.9702512e+00   5778813  1.5930263e+02 
1.9723064e+00   5777623  1.5905046e+02 
1.9743605e+00   5794701  1.5885213e+02 
1.9764166e+00   5813953  1.5859458e+02 
1.9784718e+00   5814963  1.5842980e+02 
1.9805271e+00   5836669  1.5820527e+02 
1.9825829e+00   5843749  1.5784115e+02 
1.9846388e+00   5859633  1.5758961e+02 
1.9866938e+00   5865199  1.5742078e+02 
1.9887480e+00   5877273  1.5711150e+02 
1.9908029e+00   5894521  1.5694018e+02 
1.9928588e+00   5907055  1.5661665e+02 
1.9949146e+00   5918409  1.5639175e+02 
1.9969689e+00   5923525  1.5613775e+02 
1.9990238e+00   5944341  1.5590963e+02 
2.0010793e+00   5952907  1.5570456e+02 
2.0031330e+00   5958177  1.5547616e+02 
2.0051883e+00   5986729  1.5523088e+02 
2.0072451e+00   5991607  1.5505090e+02 
2.0092996e+00   5997009  1.5479182e+02 
2.0113543e+00   6017809  1.5459354e+02 
2.0134108e+00   6032451  1.5414747e+02 
2.0154664e+00   6036661  1.5410149e+02 
2.0175204e+00   6048429  1.5389861e+02 
2.0195760e+00   6069241  1.5352674e+02 
2.0216313e+00   6072799  1.5333079e+02 
2.0236856e+00   6087333  1.5313102e+02 
2.0257403e+00   6100189  1.5285678e+02 
2.0277947e+00   6110199  1.5265792e+02 
2.0298510e+00   6135469  1.5241620e+02 
2.0319071e+00   6135757  1.5213004e+02 
2.0339620e+00   6151389  1.5195083e+02 
2.0360172e+00   6163015  1.5167830e+02 
2.0380718e+00   6172905  1.5156810e+02 
2.0401276e+00   6194425  1.5123259e+02 
2.0421828e+00   6196047  1.5109043e+02 
2.0442379e+00   6216145  1.5087130e+02 
2.0462942e+00   6230473  1.5064616e+02 
2.0483492e+00   6232095  1.5033101e+02 
2.0504033e+00   6249913  1.5003376e+02 
2.0524587e+00   6266493  1.4991691e+02 
2.0545138e+00   6270925  1.4958101e+02 
2.0565687e+00   6292635  1.4942162e+02 
2.0586255e+00   6306181  1.4925040e+02 
2.0606808e+00   6309697  1.4896871e+02 
2.0627351e+00   6324579  1.4880935e+02 
2.0647907e+00   6342217  1.4845164e+02 
2.0668456e+00   6347277  1.4828763e+02 
2.0689002e+00   6364285  1.4809478e+02 
2.0709557e+00   6378303  1.4781799e+02 
2.0730101e+00   6382993  1.4769937e+02 
2.0750647e+00   6404353  1.4737145e+02 
2.0771197e+00   6412287  1.4720287e+02 
2.0791751e+00   6430825  1.4708634e+02 
2.0812315e+00   6444501  1.4675951e+02 
2.0832864e+00   6446653  1.4657748e+02 
2.0853412e+00   6469255  1.4645609e+02 
2.0873967e+00   6477417  1.4613037e+02 
2.0894521e+00   6491929  1.4600500e+02 
2.0915070e+00   6503031  1.4581966e+02 
2.0935628e+00   6521089  1.4556328e+02 
2.0956184e+00   6527925  1.4528129e+02 
2.0976720e+00   6533347  1.4504238e+02 
2.0997262e+00   6557797  1.4479802e+02 
2.1017824e+00   6572589  1.4465874e+02 
2.1038383e+00   6579466  1.4441831e+02 
