# Power spectrum from CO𝘕CEPT job 2387841 at t = 13.829303 Gyr, a = 1.
# 
# Below, the following component mapping is used:
#   GADGET halo: 0
# 
#            grid size 1024            
# ╭───────────────────────────────────╮
#                         component 0  
#                        σ₈ = 9.32e-01 
#  k [Mpc⁻¹]     modes    power [Mpc³] 
4.1110685e-03         3  5.8590607e+04 
6.3365891e-03        10  7.3122883e+04 
9.4747480e-03        27  8.3534571e+04 
1.2764173e-02        45  8.2706417e+04 
1.5823155e-02        67  7.7901828e+04 
1.9417049e-02       141  7.1262923e+04 
2.3626505e-02       217  5.9827318e+04 
2.7713781e-02       265  5.1411124e+04 
3.1683878e-02       375  4.4853087e+04 
3.5776300e-02       469  4.0804806e+04 
3.9803301e-02       573  3.6517045e+04 
4.3762558e-02       679  3.5400727e+04 
4.7867900e-02       877  3.2760287e+04 
5.2137973e-02      1065  2.9381580e+04 
5.6230057e-02      1105  2.6171457e+04 
6.0232380e-02      1347  2.3106486e+04 
6.4436522e-02      1621  2.0675405e+04 
6.8640975e-02      1737  1.9303402e+04 
7.2722615e-02      1963  1.7578336e+04 
7.6774339e-02      2125  1.6708326e+04 
8.0897054e-02      2517  1.5307007e+04 
8.4990162e-02      2575  1.4729517e+04 
8.9118745e-02      3081  1.3986714e+04 
9.3239619e-02      3133  1.3059586e+04 
9.7252460e-02      3429  1.2572220e+04 
1.0139684e-01      3991  1.1475293e+04 
1.0553484e-01      4009  1.0889433e+04 
1.0959684e-01      4497  1.0243482e+04 
1.1367126e-01      4699  9.9366774e+03 
1.1782375e-01      5337  9.4911529e+03 
1.2200826e-01      5581  8.9113767e+03 
1.2607703e-01      5721  8.6146239e+03 
1.3017851e-01      6475  8.2142123e+03 
1.3431573e-01      6601  7.7908498e+03 
1.3840789e-01      7161  7.7098393e+03 
1.4251843e-01      7531  7.3117496e+03 
1.4664185e-01      8037  7.0691746e+03 
1.5072222e-01      8281  6.7828317e+03 
1.5480339e-01      8959  6.4940011e+03 
1.5895784e-01      9537  6.3179120e+03 
1.6306393e-01      9709  6.0910649e+03 
1.6713153e-01     10329  5.9587933e+03 
1.7122258e-01     10879  5.7455221e+03 
1.7537812e-01     11685  5.5739718e+03 
1.7953816e-01     12001  5.4232769e+03 
1.8360199e-01     12259  5.2879121e+03 
1.8770256e-01     13257  5.1686914e+03 
1.9182122e-01     13621  5.0609046e+03 
1.9592920e-01     14277  4.9263590e+03 
2.0003613e-01     14851  4.7321965e+03 
2.0412955e-01     15393  4.6281628e+03 
2.0824436e-01     16213  4.6105083e+03 
2.1233898e-01     16591  4.4345937e+03 
2.1645401e-01     17553  4.3478261e+03 
2.2056211e-01     17989  4.2034068e+03 
2.2467076e-01     18795  4.1153862e+03 
2.2879230e-01     19549  4.0753208e+03 
2.3290399e-01     20109  3.9936055e+03 
2.3703313e-01     21073  3.8973163e+03 
2.4114200e-01     21439  3.8003685e+03 
2.4521888e-01     22137  3.7757539e+03 
2.4933766e-01     23473  3.6889874e+03 
2.5347734e-01     23811  3.6261104e+03 
2.5757466e-01     24541  3.5733128e+03 
2.6166018e-01     25333  3.4899373e+03 
2.6577565e-01     26409  3.4699263e+03 
2.6990527e-01     27175  3.3779214e+03 
2.7400509e-01     27657  3.3160797e+03 
2.7808268e-01     28537  3.2609914e+03 
2.8222754e-01     30351  3.2212846e+03 
2.8635409e-01     29917  3.1306916e+03 
2.9043013e-01     31405  3.1275621e+03 
2.9453622e-01     32133  3.0485747e+03 
2.9866086e-01     33511  3.0179163e+03 
3.0277007e-01     33705  2.9899029e+03 
3.0687915e-01     35281  2.9269965e+03 
3.1099212e-01     35811  2.9116276e+03 
3.1509923e-01     36925  2.8334201e+03 
3.1921892e-01     38041  2.8315474e+03 
3.2330282e-01     38211  2.7801347e+03 
3.2740711e-01     40321  2.7259997e+03 
3.3154312e-01     40965  2.6933055e+03 
3.3566262e-01     41857  2.6780064e+03 
3.3973958e-01     42343  2.6598169e+03 
3.4382028e-01     43785  2.6151566e+03 
3.4793313e-01     45205  2.5503287e+03 
3.5205629e-01     46215  2.5220025e+03 
3.5618076e-01     47257  2.5241031e+03 
3.6029008e-01     48189  2.4808126e+03 
3.6439943e-01     49321  2.4646638e+03 
3.6851090e-01     50599  2.4376815e+03 
3.7262801e-01     51669  2.3849787e+03 
3.7674983e-01     52921  2.3891469e+03 
3.8084799e-01     53487  2.3440221e+03 
3.8495149e-01     55285  2.3172930e+03 
3.8907418e-01     56469  2.3117261e+03 
3.9318157e-01     57139  2.2830054e+03 
3.9729469e-01     59005  2.2688283e+03 
4.0141840e-01     60057  2.2339934e+03 
4.0552138e-01     60685  2.2108522e+03 
4.0962730e-01     62691  2.1903917e+03 
4.1373019e-01     63037  2.1690363e+03 
4.1782675e-01     65073  2.1534861e+03 
4.2193967e-01     66139  2.1365562e+03 
4.2605295e-01     67477  2.1067267e+03 
4.3016385e-01     68877  2.0985364e+03 
4.3426910e-01     69805  2.0818342e+03 
4.3838650e-01     72003  2.0569193e+03 
4.4250085e-01     72337  2.0361933e+03 
4.4659976e-01     74089  2.0165973e+03 
4.5070889e-01     75627  2.0137048e+03 
4.5484284e-01     77569  1.9829116e+03 
4.5895333e-01     77721  1.9670230e+03 
4.6303755e-01     79171  1.9565120e+03 
4.6714069e-01     81369  1.9370643e+03 
4.7125408e-01     82453  1.9159793e+03 
4.7538054e-01     84685  1.9055757e+03 
4.7948930e-01     84807  1.8875400e+03 
4.8358179e-01     86689  1.8607798e+03 
4.8769653e-01     88929  1.8649024e+03 
4.9181895e-01     89899  1.8463381e+03 
4.9592498e-01     91209  1.8255302e+03 
5.0003291e-01     93049  1.8152742e+03 
5.0413911e-01     94117  1.8094095e+03 
5.0824218e-01     96135  1.7809400e+03 
5.1234858e-01     97213  1.7716932e+03 
5.1645418e-01     99225  1.7364710e+03 
5.2056862e-01    100891  1.7359871e+03 
5.2467223e-01    101805  1.7317283e+03 
5.2878562e-01    104653  1.7182104e+03 
5.3291157e-01    105577  1.6946356e+03 
5.3701876e-01    107007  1.7002742e+03 
5.4113248e-01    109309  1.6724514e+03 
5.4524373e-01    109953  1.6658032e+03 
5.4934405e-01    112291  1.6488080e+03 
5.5344644e-01    113149  1.6495148e+03 
5.5754978e-01    115989  1.6269678e+03 
5.6166896e-01    117319  1.6114495e+03 
5.6578722e-01    119301  1.6153359e+03 
5.6990729e-01    121081  1.6041389e+03 
5.7402203e-01    122229  1.5839503e+03 
5.7811845e-01    123823  1.5808819e+03 
5.8222278e-01    125917  1.5608063e+03 
5.8632493e-01    127401  1.5611877e+03 
5.9042975e-01    129619  1.5405083e+03 
5.9454871e-01    131817  1.5285950e+03 
5.9866636e-01    133417  1.5215185e+03 
6.0277006e-01    134265  1.5099379e+03 
6.0687366e-01    137299  1.5011122e+03 
6.1098586e-01    138517  1.4935781e+03 
6.1508883e-01    140301  1.4835260e+03 
6.1919918e-01    142915  1.4678589e+03 
6.2331308e-01    144105  1.4680462e+03 
6.2742696e-01    147037  1.4475051e+03 
6.3153985e-01    147711  1.4389410e+03 
6.3564884e-01    150541  1.4311777e+03 
6.3976001e-01    151897  1.4266027e+03 
6.4386052e-01    153525  1.4102507e+03 
6.4796467e-01    156271  1.4084804e+03 
6.5208480e-01    158529  1.4006177e+03 
6.5620234e-01    160057  1.3893564e+03 
6.6031113e-01    162103  1.3776936e+03 
6.6442195e-01    163965  1.3681390e+03 
6.6853644e-01    166693  1.3588977e+03 
6.7263235e-01    166305  1.3558975e+03 
6.7673459e-01    171499  1.3472134e+03 
6.8085423e-01    171837  1.3360676e+03 
6.8496973e-01    175177  1.3250754e+03 
6.8908366e-01    176179  1.3190718e+03 
6.9318859e-01    178317  1.3119535e+03 
6.9730512e-01    181681  1.3044068e+03 
7.0141262e-01    181587  1.2953173e+03 
7.0551320e-01    185461  1.2854508e+03 
7.0962165e-01    186537  1.2845723e+03 
7.1373491e-01    190237  1.2720416e+03 
7.1783915e-01    190159  1.2624286e+03 
7.2193685e-01    193821  1.2595320e+03 
7.2605037e-01    196213  1.2490954e+03 
7.3017036e-01    198771  1.2441874e+03 
7.3427915e-01    199681  1.2352005e+03 
7.3838582e-01    203097  1.2284460e+03 
7.4249434e-01    204205  1.2207513e+03 
7.4660161e-01    207607  1.2138291e+03 
7.5071012e-01    208881  1.2064555e+03 
7.5481831e-01    212197  1.2026259e+03 
7.5893393e-01    214227  1.1947811e+03 
7.6304706e-01    216397  1.1852608e+03 
7.6715748e-01    218977  1.1823177e+03 
7.7127013e-01    221145  1.1695292e+03 
7.7537712e-01    222967  1.1664421e+03 
7.7948669e-01    226305  1.1568548e+03 
7.8359662e-01    227653  1.1537629e+03 
7.8770399e-01    231075  1.1481533e+03 
7.9182371e-01    233473  1.1409584e+03 
7.9593542e-01    235273  1.1368726e+03 
8.0002958e-01    236295  1.1325203e+03 
8.0413837e-01    241693  1.1222718e+03 
8.0825818e-01    242721  1.1150820e+03 
8.1235458e-01    243541  1.1096769e+03 
8.1646642e-01    249951  1.1046366e+03 
8.2058906e-01    249469  1.1001822e+03 
8.2469479e-01    253069  1.0919867e+03 
8.2880440e-01    255015  1.0850272e+03 
8.3292127e-01    258901  1.0830976e+03 
8.3703606e-01    260133  1.0721916e+03 
8.4114938e-01    263461  1.0674468e+03 
8.4525274e-01    264387  1.0644759e+03 
8.4935061e-01    267577  1.0563250e+03 
8.5346252e-01    271441  1.0497493e+03 
8.5757965e-01    273699  1.0463599e+03 
8.6168721e-01    275257  1.0360213e+03 
8.6579200e-01    278613  1.0336583e+03 
8.6990582e-01    281755  1.0244947e+03 
8.7401572e-01    283357  1.0220914e+03 
8.7812172e-01    286761  1.0183862e+03 
8.8223370e-01    289201  1.0140576e+03 
8.8634499e-01    292299  1.0077619e+03 
8.9045247e-01    294049  1.0004363e+03 
8.9456665e-01    298701  9.9356982e+02 
8.9866616e-01    297463  9.9153730e+02 
9.0276921e-01    304261  9.8548441e+02 
9.0688605e-01    305673  9.7670783e+02 
9.1099893e-01    308737  9.7538374e+02 
9.1511975e-01    312663  9.7071214e+02 
9.1922459e-01    311809  9.6639428e+02 
9.2332889e-01    318165  9.5773146e+02 
9.2744071e-01    318907  9.5228512e+02 
9.3154619e-01    322285  9.4758251e+02 
9.3565712e-01    325941  9.4529262e+02 
9.3976252e-01    326947  9.3816973e+02 
9.4387401e-01    332625  9.3383818e+02 
9.4798854e-01    333325  9.3072052e+02 
9.5209604e-01    337041  9.2817467e+02 
9.5620714e-01    339991  9.2046666e+02 
9.6031285e-01    341785  9.1816191e+02 
9.6442065e-01    346437  9.1093508e+02 
9.6853012e-01    347755  9.0534580e+02 
9.7264234e-01    352785  9.0433186e+02 
9.7675293e-01    353629  9.0091338e+02 
9.8085995e-01    357949  8.9443670e+02 
9.8497177e-01    360579  8.9039317e+02 
9.8908229e-01    363685  8.8373013e+02 
9.9319096e-01    366237  8.8030922e+02 
9.9729927e-01    369871  8.7643348e+02 
1.0014124e+00    373029  8.7113972e+02 
1.0055214e+00    375253  8.6875239e+02 
1.0096261e+00    378421  8.6211745e+02 
1.0137432e+00    383727  8.5808438e+02 
1.0178606e+00    384829  8.5701767e+02 
1.0219572e+00    385533  8.5020276e+02 
1.0260632e+00    393475  8.4857072e+02 
1.0301810e+00    393585  8.4282748e+02 
1.0342924e+00    398857  8.3735146e+02 
1.0384063e+00    400267  8.3104851e+02 
1.0425159e+00    404193  8.2908758e+02 
1.0466233e+00    406633  8.2417964e+02 
1.0507328e+00    410457  8.2298941e+02 
1.0548376e+00    412651  8.1691014e+02 
1.0589400e+00    415921  8.1400710e+02 
1.0630546e+00    421821  8.1105222e+02 
1.0671721e+00    423223  8.0600433e+02 
1.0712748e+00    424857  8.0281896e+02 
1.0753764e+00    429937  8.0137827e+02 
1.0794930e+00    434181  7.9582332e+02 
1.0836074e+00    436363  7.9047609e+02 
1.0877154e+00    439429  7.8793225e+02 
1.0918230e+00    442725  7.8267255e+02 
1.0959322e+00    446599  7.7885743e+02 
1.1000485e+00    450897  7.7526753e+02 
1.1041580e+00    452005  7.7090770e+02 
1.1082655e+00    457095  7.6793573e+02 
1.1123749e+00    458893  7.6537211e+02 
1.1164871e+00    465037  7.6099734e+02 
1.1206012e+00    465885  7.5780409e+02 
1.1247076e+00    470203  7.5279990e+02 
1.1288122e+00    472125  7.4918645e+02 
1.1329156e+00    477037  7.4636022e+02 
1.1370248e+00    480555  7.4337364e+02 
1.1411431e+00    485533  7.4090005e+02 
1.1452510e+00    485701  7.3615251e+02 
1.1493549e+00    491085  7.3262561e+02 
1.1534743e+00    496927  7.2872457e+02 
1.1575832e+00    495237  7.2470075e+02 
1.1616850e+00    502177  7.2260864e+02 
1.1657951e+00    504847  7.1947589e+02 
1.1699110e+00    510201  7.1545900e+02 
1.1740270e+00    512569  7.1371879e+02 
1.1781338e+00    514491  7.0842570e+02 
1.1822378e+00    519493  7.0490544e+02 
1.1863462e+00    522729  7.0324027e+02 
1.1904569e+00    527041  6.9861921e+02 
1.1945608e+00    528751  6.9503374e+02 
1.1986739e+00    536265  6.9223372e+02 
1.2027903e+00    537241  6.8865930e+02 
1.2069019e+00    542199  6.8559936e+02 
1.2110156e+00    545173  6.8316113e+02 
1.2151210e+00    547605  6.8130256e+02 
1.2192328e+00    553945  6.7644904e+02 
1.2233410e+00    554443  6.7409008e+02 
1.2274413e+00    559173  6.7050076e+02 
1.2315512e+00    564313  6.6717806e+02 
1.2356639e+00    567699  6.6470670e+02 
1.2397760e+00    571537  6.6198508e+02 
1.2438872e+00    575385  6.5788305e+02 
1.2479940e+00    577561  6.5517389e+02 
1.2521044e+00    583975  6.5366205e+02 
1.2562173e+00    586269  6.5102484e+02 
1.2603278e+00    590581  6.4662420e+02 
1.2644351e+00    593523  6.4534458e+02 
1.2685384e+00    596365  6.4205625e+02 
1.2726536e+00    605581  6.3859921e+02 
1.2767710e+00    604563  6.3583324e+02 
1.2808773e+00    609601  6.3173341e+02 
1.2849890e+00    614661  6.2993460e+02 
1.2890940e+00    614905  6.2753835e+02 
1.2931889e+00    620139  6.2358717e+02 
1.2973026e+00    627721  6.2243390e+02 
1.3014206e+00    629761  6.1892558e+02 
1.3055228e+00    630999  6.1700580e+02 
1.3096347e+00    640345  6.1358585e+02 
1.3137487e+00    639981  6.1045205e+02 
1.3178538e+00    645289  6.0780451e+02 
1.3219643e+00    649971  6.0493275e+02 
1.3260797e+00    654949  6.0149409e+02 
1.3301921e+00    656857  6.0007950e+02 
1.3342999e+00    661935  5.9630176e+02 
1.3384060e+00    664117  5.9466305e+02 
1.3425123e+00    670437  5.9326081e+02 
1.3466221e+00    673483  5.9046010e+02 
1.3507279e+00    677013  5.8693472e+02 
1.3548368e+00    683161  5.8495808e+02 
1.3589458e+00    684817  5.8189046e+02 
1.3630600e+00    693699  5.7790057e+02 
1.3671728e+00    692509  5.7708572e+02 
1.3712802e+00    700113  5.7400384e+02 
1.3753940e+00    703219  5.7258802e+02 
1.3795091e+00    708829  5.6974664e+02 
1.3836156e+00    709089  5.6578034e+02 
1.3877238e+00    717205  5.6345447e+02 
1.3918348e+00    719043  5.6169146e+02 
1.3959403e+00    723697  5.5989235e+02 
1.4000481e+00    728193  5.5868491e+02 
1.4041594e+00    733771  5.5569046e+02 
1.4082716e+00    736549  5.5317699e+02 
1.4123839e+00    743253  5.4973229e+02 
1.4164911e+00    742579  5.4865202e+02 
1.4205961e+00    751605  5.4625409e+02 
1.4247095e+00    753997  5.4295194e+02 
1.4288223e+00    760161  5.4249084e+02 
1.4329329e+00    762223  5.3776574e+02 
1.4370390e+00    766741  5.3685486e+02 
1.4411470e+00    772137  5.3475792e+02 
1.4452636e+00    778531  5.3228243e+02 
1.4493707e+00    777465  5.2980453e+02 
1.4534749e+00    786361  5.2893292e+02 
1.4575878e+00    789465  5.2539295e+02 
1.4616962e+00    793675  5.2348463e+02 
1.4658069e+00    799273  5.2096745e+02 
1.4699147e+00    801417  5.1858256e+02 
1.4740256e+00    809791  5.1714930e+02 
1.4781361e+00    809565  5.1477534e+02 
1.4822431e+00    818245  5.1325361e+02 
1.4863528e+00    819217  5.1145265e+02 
1.4904588e+00    825879  5.0805367e+02 
1.4945698e+00    830461  5.0679487e+02 
1.4986839e+00    835965  5.0396407e+02 
1.5027971e+00    839995  5.0249263e+02 
1.5069063e+00    842601  5.0062807e+02 
1.5110097e+00    847429  4.9934762e+02 
1.5151145e+00    852199  4.9668715e+02 
1.5192316e+00    861633  4.9485207e+02 
1.5233489e+00    862021  4.9237057e+02 
1.5274553e+00    865713  4.9006836e+02 
1.5315637e+00    872899  4.8855496e+02 
1.5356737e+00    875349  4.8650209e+02 
1.5397809e+00    881161  4.8460438e+02 
1.5438825e+00    882367  4.8286410e+02 
1.5479944e+00    894789  4.8101732e+02 
1.5521105e+00    894217  4.7840219e+02 
1.5562220e+00    901593  4.7723712e+02 
1.5603281e+00    901879  4.7537877e+02 
1.5644293e+00    908721  4.7301391e+02 
1.5685444e+00    917389  4.7205715e+02 
1.5726626e+00    920239  4.6908384e+02 
1.5767684e+00    921045  4.6809635e+02 
1.5808754e+00    930589  4.6562083e+02 
1.5849869e+00    932679  4.6457549e+02 
1.5890961e+00    938917  4.6205152e+02 
1.5932058e+00    943333  4.6043632e+02 
1.5973159e+00    948093  4.5896963e+02 
1.6014312e+00    955843  4.5672928e+02 
1.6055390e+00    954465  4.5498893e+02 
1.6096427e+00    963637  4.5396979e+02 
1.6137528e+00    967503  4.5180753e+02 
1.6178640e+00    973261  4.5060418e+02 
1.6219757e+00    978565  4.4822492e+02 
1.6260876e+00    982833  4.4645489e+02 
1.6301989e+00    988399  4.4574513e+02 
1.6343029e+00    988953  4.4238790e+02 
1.6384113e+00   1000621  4.4168800e+02 
1.6425269e+00   1002903  4.3976039e+02 
1.6466397e+00   1008577  4.3893730e+02 
1.6507484e+00   1011505  4.3641396e+02 
1.6548529e+00   1016283  4.3415328e+02 
1.6589598e+00   1023049  4.3318577e+02 
1.6630729e+00   1029357  4.3088418e+02 
1.6671815e+00   1030813  4.2992691e+02 
1.6712879e+00   1038679  4.2853251e+02 
1.6754007e+00   1044105  4.2683366e+02 
1.6795117e+00   1048189  4.2546457e+02 
1.6836195e+00   1052535  4.2387570e+02 
1.6877277e+00   1058641  4.2146234e+02 
1.6918414e+00   1065933  4.2036159e+02 
1.6959513e+00   1066597  4.1897026e+02 
1.7000595e+00   1075915  4.1757119e+02 
1.7041693e+00   1077681  4.1577953e+02 
1.7082825e+00   1087741  4.1478093e+02 
1.7123974e+00   1089555  4.1243586e+02 
1.7165030e+00   1092853  4.1201759e+02 
1.7206071e+00   1099653  4.0995301e+02 
1.7247159e+00   1105345  4.0756644e+02 
1.7288283e+00   1112407  4.0692939e+02 
1.7329355e+00   1113501  4.0549865e+02 
1.7370389e+00   1119961  4.0455584e+02 
1.7411480e+00   1128015  4.0223640e+02 
1.7452639e+00   1133821  4.0157208e+02 
1.7493771e+00   1137825  3.9954282e+02 
1.7534827e+00   1139899  3.9842415e+02 
1.7575908e+00   1149577  3.9645585e+02 
1.7617022e+00   1153317  3.9589723e+02 
1.7658120e+00   1158613  3.9500167e+02 
1.7699193e+00   1163403  3.9344604e+02 
1.7740292e+00   1170193  3.9129415e+02 
1.7781400e+00   1175185  3.9043995e+02 
1.7822529e+00   1182507  3.8932886e+02 
1.7863656e+00   1185361  3.8728464e+02 
1.7904715e+00   1189845  3.8753420e+02 
1.7945812e+00   1198417  3.8501783e+02 
1.7986938e+00   1202655  3.8410884e+02 
1.8028058e+00   1208953  3.8324575e+02 
1.8069158e+00   1212325  3.8169295e+02 
1.8110235e+00   1219071  3.8099880e+02 
1.8151310e+00   1222741  3.7963516e+02 
1.8192428e+00   1233105  3.7787798e+02 
1.8233526e+00   1232575  3.7673666e+02 
1.8274563e+00   1240221  3.7559385e+02 
1.8315663e+00   1248205  3.7425997e+02 
1.8356832e+00   1254913  3.7340163e+02 
1.8397926e+00   1255563  3.7203648e+02 
1.8438952e+00   1261273  3.7182198e+02 
1.8480086e+00   1273773  3.6952065e+02 
1.8521255e+00   1275187  3.6920860e+02 
1.8562326e+00   1278045  3.6770515e+02 
1.8603376e+00   1286245  3.6677273e+02 
1.8644467e+00   1290997  3.6626955e+02 
1.8685563e+00   1298739  3.6445343e+02 
1.8726623e+00   1299889  3.6461284e+02 
1.8767742e+00   1313457  3.6246940e+02 
1.8808867e+00   1312471  3.6186576e+02 
1.8849934e+00   1320601  3.6069811e+02 
1.8891029e+00   1326573  3.5931301e+02 
1.8932130e+00   1331635  3.5800095e+02 
1.8973224e+00   1337997  3.5814143e+02 
1.9014305e+00   1342765  3.5661756e+02 
1.9055459e+00   1353861  3.5610191e+02 
1.9096569e+00   1352035  3.5549863e+02 
1.9137629e+00   1361665  3.5458809e+02 
1.9178737e+00   1367409  3.5339908e+02 
1.9219816e+00   1371223  3.5237852e+02 
1.9260956e+00   1383093  3.5118794e+02 
1.9302040e+00   1379629  3.5114241e+02 
1.9343107e+00   1393125  3.5029477e+02 
1.9384258e+00   1397839  3.4935886e+02 
1.9425361e+00   1401433  3.4838420e+02 
1.9466405e+00   1405233  3.4770781e+02 
1.9507481e+00   1416283  3.4742595e+02 
1.9548619e+00   1420629  3.4641996e+02 
1.9589700e+00   1425133  3.4610869e+02 
1.9630776e+00   1431681  3.4483652e+02 
1.9671901e+00   1440391  3.4433649e+02 
1.9712990e+00   1441813  3.4404770e+02 
1.9754060e+00   1450305  3.4332030e+02 
1.9795167e+00   1457563  3.4269312e+02 
1.9836286e+00   1461813  3.4225473e+02 
1.9877357e+00   1467517  3.4163130e+02 
1.9918439e+00   1474423  3.4126190e+02 
1.9959551e+00   1481349  3.4083423e+02 
2.0000642e+00   1485733  3.4024726e+02 
2.0041751e+00   1494081  3.3957101e+02 
2.0082869e+00   1499779  3.3966081e+02 
2.0123982e+00   1505145  3.3951726e+02 
2.0165080e+00   1511053  3.3911087e+02 
2.0206178e+00   1517875  3.3853694e+02 
2.0247275e+00   1522761  3.3835892e+02 
2.0288358e+00   1529725  3.3770070e+02 
2.0329461e+00   1536201  3.3778096e+02 
2.0370547e+00   1541179  3.3731767e+02 
2.0411610e+00   1547001  3.3797495e+02 
2.0452700e+00   1555369  3.3746633e+02 
2.0493837e+00   1563139  3.3716902e+02 
2.0534930e+00   1564473  3.3726449e+02 
2.0575987e+00   1573357  3.3752310e+02 
2.0617097e+00   1580763  3.3792137e+02 
2.0658198e+00   1585093  3.3733846e+02 
2.0699259e+00   1590837  3.3785628e+02 
2.0740361e+00   1599997  3.3745388e+02 
2.0781491e+00   1606639  3.3810581e+02 
2.0822593e+00   1610061  3.3874229e+02 
2.0863688e+00   1618933  3.3861013e+02 
2.0904781e+00   1622691  3.3883407e+02 
2.0945880e+00   1631593  3.3923185e+02 
2.0986949e+00   1634425  3.3949076e+02 
2.1028048e+00   1645194  3.4054385e+02 
