# Power spectrum from CO𝘕CEPT job 3241040 at t = 8.5895667 Gyr, a = 0.66666666.
# 
# Below, the following component mapping is used:
#   GADGET halo: 0
# 
#            grid size 2048            
# ╭───────────────────────────────────╮
#                         component 0  
#                        σ₈ = 6.94e-01 
#  k [Mpc⁻¹]     modes    power [Mpc³] 
2.0555343e-03         3  2.0982009e+04 
3.1682946e-03        10  2.8802002e+04 
4.7373740e-03        27  3.7432855e+04 
6.3820863e-03        45  4.3446770e+04 
7.9115775e-03        67  4.7216889e+04 
9.7085247e-03       141  4.9535754e+04 
1.1813252e-02       217  4.9561635e+04 
1.3856891e-02       265  4.8354244e+04 
1.5841939e-02       375  4.5894986e+04 
1.7888150e-02       469  4.3613139e+04 
1.9901651e-02       573  4.0404693e+04 
2.1881279e-02       679  3.7441113e+04 
2.3948430e-02       889  3.4542255e+04 
2.6081093e-02      1053  3.1901706e+04 
2.8115028e-02      1105  2.9800133e+04 
3.0202696e-02      1467  2.7574832e+04 
3.2301768e-02      1501  2.6279641e+04 
3.4320488e-02      1737  2.4858341e+04 
3.6361308e-02      1963  2.3924809e+04 
3.8387170e-02      2125  2.2799943e+04 
4.0448527e-02      2517  2.2022511e+04 
4.2495081e-02      2575  2.1164156e+04 
4.4559373e-02      3081  2.0231951e+04 
4.6619810e-02      3133  1.9763250e+04 
4.8626230e-02      3429  1.9004941e+04 
5.0698420e-02      3991  1.8064488e+04 
5.2767419e-02      4009  1.7278618e+04 
5.4798420e-02      4497  1.6221164e+04 
5.6846237e-02      4747  1.5179889e+04 
5.8921201e-02      5289  1.4381264e+04 
6.1004129e-02      5581  1.3678997e+04 
6.3069439e-02      5901  1.2787136e+04 
6.5118908e-02      6295  1.2028682e+04 
6.7157867e-02      6601  1.1656603e+04 
6.9203946e-02      7161  1.0845314e+04 
7.1259216e-02      7531  1.0534753e+04 
7.3320923e-02      8037  1.0279248e+04 
7.5380084e-02      8437  9.8663943e+03 
7.7422429e-02      8827  9.6663886e+03 
7.9481554e-02      9513  9.2065437e+03 
8.1531963e-02      9709  9.0651795e+03 
8.3596155e-02     10641  8.9362635e+03 
8.5641085e-02     10567  8.7096979e+03 
8.7689062e-02     11685  8.5244156e+03 
8.9782895e-02     12169  8.1352664e+03 
9.1815319e-02     12091  7.9705166e+03 
9.3851282e-02     13257  7.5914230e+03 
9.5913315e-02     13657  7.4431847e+03 
9.7967195e-02     14241  7.1379795e+03 
1.0001807e-01     14851  6.9101395e+03 
1.0207917e-01     15609  6.6490336e+03 
1.0414799e-01     16189  6.3896802e+03 
1.0618584e-01     16471  6.1770575e+03 
1.0823122e-01     17481  5.9935975e+03 
1.1029611e-01     18253  5.8504371e+03 
1.1236449e-01     18801  5.6282584e+03 
1.1442170e-01     19495  5.4944907e+03 
1.1647381e-01     20101  5.3696873e+03 
1.1853259e-01     20985  5.2373063e+03 
1.2058304e-01     21451  5.1340231e+03 
1.2263967e-01     22533  5.0514417e+03 
1.2469240e-01     22945  4.9349688e+03 
1.2673867e-01     23811  4.8614740e+03 
1.2879081e-01     24625  4.7497445e+03 
1.3085180e-01     25705  4.6351519e+03 
1.3291698e-01     26241  4.5379379e+03 
1.3496948e-01     27043  4.4939379e+03 
1.3702764e-01     28029  4.3935972e+03 
1.3907763e-01     28489  4.2698154e+03 
1.4113599e-01     30039  4.1307141e+03 
1.4320145e-01     30301  4.0807200e+03 
1.4523906e-01     31033  3.9460503e+03 
1.4729212e-01     32529  3.8980823e+03 
1.4934836e-01     32935  3.8163780e+03 
1.5140707e-01     34437  3.7201673e+03 
1.5346397e-01     34645  3.6725225e+03 
1.5550627e-01     35979  3.5513862e+03 
1.5756514e-01     36949  3.5012849e+03 
1.5962681e-01     38113  3.4295791e+03 
1.6167782e-01     38475  3.3527397e+03 
1.6372378e-01     39865  3.3009630e+03 
1.6579308e-01     41493  3.2528222e+03 
1.6786093e-01     41665  3.2113972e+03 
1.6990109e-01     42631  3.1797755e+03 
1.7195432e-01     44085  3.1139723e+03 
1.7402275e-01     45505  3.0546726e+03 
1.7607967e-01     45735  3.0182605e+03 
1.7812722e-01     47125  2.9711007e+03 
1.8018650e-01     48585  2.9152722e+03 
1.8224131e-01     48961  2.8442963e+03 
1.8429151e-01     50743  2.8198178e+03 
1.8634236e-01     51165  2.7635881e+03 
1.8839905e-01     53257  2.7337668e+03 
1.9045754e-01     53655  2.6939102e+03 
1.9250238e-01     54793  2.6231018e+03 
1.9456490e-01     57057  2.5994694e+03 
1.9662336e-01     56839  2.5684213e+03 
1.9867529e-01     59101  2.5390834e+03 
2.0073251e-01     59709  2.5133544e+03 
2.0278666e-01     61225  2.4617066e+03 
2.0484660e-01     62607  2.4130129e+03 
2.0689969e-01     63253  2.3912408e+03 
2.0895046e-01     65061  2.3507891e+03 
2.1100421e-01     66031  2.3254404e+03 
2.1305939e-01     67525  2.3010296e+03 
2.1511322e-01     68769  2.2612864e+03 
2.1716836e-01     70105  2.2329941e+03 
2.1922722e-01     71787  2.2113204e+03 
2.2128094e-01     72337  2.1735905e+03 
2.2333415e-01     74401  2.1559280e+03 
2.2539107e-01     75531  2.1289716e+03 
2.2745465e-01     77473  2.1041934e+03 
2.2950140e-01     77193  2.0822360e+03 
2.3154395e-01     79765  2.0588253e+03 
2.3361183e-01     82143  2.0270211e+03 
2.3567721e-01     82393  2.0147448e+03 
2.3772832e-01     83833  1.9714101e+03 
2.3977483e-01     85059  1.9565888e+03 
2.4183019e-01     87253  1.9432689e+03 
2.4389245e-01     88857  1.9127867e+03 
2.4594961e-01     89659  1.8845230e+03 
2.4800280e-01     91533  1.8683035e+03 
2.5005259e-01     92401  1.8357859e+03 
2.5211125e-01     95353  1.8352348e+03 
2.5416648e-01     95271  1.8159166e+03 
2.5622082e-01     98269  1.7838658e+03 
2.5827343e-01     98217  1.7698412e+03 
2.6032972e-01    101899  1.7558158e+03 
2.6239326e-01    102009  1.7405098e+03 
2.6444413e-01    103993  1.7082478e+03 
2.6650004e-01    105553  1.6922278e+03 
2.6855378e-01    107139  1.6774602e+03 
2.7061017e-01    109189  1.6670612e+03 
2.7265856e-01    109341  1.6439692e+03 
2.7471045e-01    113179  1.6341502e+03 
2.7676841e-01    113053  1.6226755e+03 
2.7882282e-01    116517  1.6033313e+03 
2.8088926e-01    117607  1.5944082e+03 
2.8294196e-01    118365  1.5823941e+03 
2.8499417e-01    121189  1.5630205e+03 
2.8705230e-01    122289  1.5497718e+03 
2.8910334e-01    124147  1.5350516e+03 
2.9116121e-01    126385  1.5169408e+03 
2.9321962e-01    127941  1.5072656e+03 
2.9527029e-01    128947  1.4901222e+03 
2.9732801e-01    132393  1.4811852e+03 
2.9938720e-01    132949  1.4705787e+03 
3.0143788e-01    134649  1.4541502e+03 
3.0349361e-01    137623  1.4379871e+03 
3.0554553e-01    137641  1.4242776e+03 
3.0759705e-01    141321  1.4177555e+03 
3.0965296e-01    142087  1.4013294e+03 
3.1170926e-01    144945  1.3909453e+03 
3.1376228e-01    145717  1.3842190e+03 
3.1581259e-01    148251  1.3693008e+03 
3.1787689e-01    151537  1.3613436e+03 
3.1993481e-01    151321  1.3500092e+03 
3.2198318e-01    153909  1.3404441e+03 
3.2403847e-01    156511  1.3252766e+03 
3.2610083e-01    158709  1.3113553e+03 
3.2815496e-01    159301  1.3096389e+03 
3.3020730e-01    162643  1.3015914e+03 
3.3226952e-01    164613  1.2886578e+03 
3.3432467e-01    165817  1.2741558e+03 
3.3637318e-01    167313  1.2653231e+03 
3.3842637e-01    171067  1.2553752e+03 
3.4048104e-01    171465  1.2552843e+03 
3.4253598e-01    175225  1.2437867e+03 
3.4459621e-01    176743  1.2258131e+03 
3.4664278e-01    176841  1.2234220e+03 
3.4869495e-01    182221  1.2106503e+03 
3.5076018e-01    183117  1.2051467e+03 
3.5281219e-01    184411  1.1938920e+03 
3.5486592e-01    187617  1.1906496e+03 
3.5692067e-01    188905  1.1833474e+03 
3.5897033e-01    191131  1.1645435e+03 
3.6102772e-01    194565  1.1657675e+03 
3.6308705e-01    196141  1.1515898e+03 
3.6514519e-01    198591  1.1485672e+03 
3.6719997e-01    200065  1.1418713e+03 
3.6925812e-01    203797  1.1376546e+03 
3.7131693e-01    204549  1.1255336e+03 
3.7337146e-01    207595  1.1174047e+03 
3.7542343e-01    208581  1.1089239e+03 
3.7747354e-01    211837  1.1064060e+03 
3.7952787e-01    213999  1.0967446e+03 
3.8158583e-01    217057  1.0876680e+03 
3.8364285e-01    218893  1.0826767e+03 
3.8569444e-01    220269  1.0728604e+03 
3.8774912e-01    224323  1.0681300e+03 
3.8980771e-01    225873  1.0617850e+03 
3.9186509e-01    228757  1.0557174e+03 
3.9391915e-01    230283  1.0511328e+03 
3.9597457e-01    233341  1.0437492e+03 
3.9803088e-01    235693  1.0357630e+03 
4.0008404e-01    237399  1.0333419e+03 
4.0213927e-01    241009  1.0215762e+03 
4.0419859e-01    243417  1.0171610e+03 
4.0625170e-01    244129  1.0148399e+03 
4.0830513e-01    248991  1.0073824e+03 
4.1036549e-01    250369  1.0015197e+03 
4.1242022e-01    252829  9.9264408e+02 
4.1447159e-01    254511  9.8916296e+02 
4.1652732e-01    258997  9.8345199e+02 
4.1858500e-01    260157  9.8096088e+02 
4.2063654e-01    262381  9.7496260e+02 
4.2269051e-01    266131  9.6772028e+02 
4.2474354e-01    267117  9.6318288e+02 
4.2679629e-01    271273  9.6051016e+02 
4.2885704e-01    274563  9.4803789e+02 
4.3091421e-01    275473  9.4673441e+02 
4.3296527e-01    278193  9.4181776e+02 
4.3501579e-01    280657  9.4038999e+02 
4.3707334e-01    285319  9.2863488e+02 
4.3913162e-01    286401  9.2619851e+02 
4.4118450e-01    288889  9.2222843e+02 
4.4324196e-01    293391  9.1542475e+02 
4.4530112e-01    294577  9.0757059e+02 
4.4735505e-01    297573  9.0649277e+02 
4.4940803e-01    299563  9.0479540e+02 
4.5146450e-01    303997  8.9682422e+02 
4.5351950e-01    305025  8.9123256e+02 
4.5557238e-01    308533  8.8638606e+02 
4.5762781e-01    311619  8.8465039e+02 
4.5968457e-01    314257  8.7891971e+02 
4.6173858e-01    316617  8.7273792e+02 
4.6379327e-01    320131  8.6856472e+02 
4.6585035e-01    322729  8.6611641e+02 
4.6790751e-01    326289  8.6272533e+02 
4.6996118e-01    326989  8.5850444e+02 
4.7201125e-01    331131  8.5413528e+02 
4.7406813e-01    334801  8.5032513e+02 
4.7612209e-01    335833  8.4458839e+02 
4.7817579e-01    340827  8.4071939e+02 
4.8023320e-01    342721  8.3951731e+02 
4.8229374e-01    347925  8.3235069e+02 
4.8434992e-01    346915  8.2620518e+02 
4.8640089e-01    352221  8.2544930e+02 
4.8845733e-01    354793  8.1927929e+02 
4.9051121e-01    357109  8.1816358e+02 
4.9256595e-01    361299  8.1366344e+02 
4.9462141e-01    363205  8.0992875e+02 
4.9667819e-01    367881  8.0552902e+02 
4.9873486e-01    369439  8.0154293e+02 
5.0078923e-01    372729  8.0007192e+02 
5.0284304e-01    375709  7.9627970e+02 
5.0489758e-01    378925  7.8995936e+02 
5.0695174e-01    381963  7.8744434e+02 
5.0900513e-01    384733  7.8468908e+02 
5.1105997e-01    388377  7.8439232e+02 
5.1311460e-01    391507  7.7723433e+02 
5.1517145e-01    394989  7.7493044e+02 
5.1722979e-01    398773  7.7160593e+02 
5.1928365e-01    399259  7.6765724e+02 
5.2133819e-01    405537  7.6418787e+02 
5.2339327e-01    405997  7.6341614e+02 
5.2544430e-01    409845  7.5663248e+02 
5.2749701e-01    413587  7.5397527e+02 
5.2955853e-01    419449  7.5183044e+02 
5.3162058e-01    420693  7.4707802e+02 
5.3367584e-01    423043  7.4656348e+02 
5.3573125e-01    427017  7.4087909e+02 
5.3778474e-01    429181  7.4006120e+02 
5.3983738e-01    432945  7.3523564e+02 
5.4189427e-01    437731  7.3325259e+02 
5.4395072e-01    439321  7.2943384e+02 
5.4600461e-01    443253  7.2828456e+02 
5.4805924e-01    446419  7.2507102e+02 
5.5011422e-01    449925  7.2016264e+02 
5.5216875e-01    453157  7.1716733e+02 
5.5422026e-01    455217  7.1420358e+02 
5.5627661e-01    461923  7.1234475e+02 
5.5833648e-01    463969  7.0852641e+02 
5.6038727e-01    464349  7.0566711e+02 
5.6243960e-01    471667  7.0420237e+02 
5.6449885e-01    474141  7.0204222e+02 
5.6655641e-01    478093  6.9795941e+02 
5.6861189e-01    480195  6.9492475e+02 
5.7066727e-01    484537  6.9235238e+02 
5.7272262e-01    487537  6.8805713e+02 
5.7477399e-01    489405  6.8672329e+02 
5.7682810e-01    496279  6.8324629e+02 
5.7888438e-01    496965  6.8286725e+02 
5.8094147e-01    503953  6.7756118e+02 
5.8299672e-01    503335  6.7547837e+02 
5.8505246e-01    511209  6.7402343e+02 
5.8710874e-01    510829  6.7052226e+02 
5.8916022e-01    515577  6.6979742e+02 
5.9121456e-01    520003  6.6582702e+02 
5.9327021e-01    523329  6.6423664e+02 
5.9532720e-01    527653  6.6118730e+02 
5.9738343e-01    530551  6.5969184e+02 
5.9943990e-01    534849  6.5548108e+02 
6.0149354e-01    536725  6.5381665e+02 
6.0354880e-01    542703  6.5196739e+02 
6.0560516e-01    544753  6.4811523e+02 
6.0765697e-01    547917  6.4624345e+02 
6.0971069e-01    552805  6.4440581e+02 
6.1176782e-01    557611  6.4206916e+02 
6.1382229e-01    558561  6.3977727e+02 
6.1587412e-01    563689  6.3729003e+02 
6.1792986e-01    568527  6.3509231e+02 
6.1998962e-01    572929  6.3191917e+02 
6.2204419e-01    573841  6.3057545e+02 
6.2409526e-01    578085  6.2833582e+02 
6.2615202e-01    584803  6.2638455e+02 
6.2821011e-01    586701  6.2326929e+02 
6.3026235e-01    588805  6.2281780e+02 
6.3231523e-01    595203  6.1931261e+02 
6.3437627e-01    600577  6.1728924e+02 
6.3643323e-01    601441  6.1521336e+02 
6.3848704e-01    605967  6.1326892e+02 
6.4054057e-01    609169  6.1056771e+02 
6.4259541e-01    614625  6.0745459e+02 
6.4465656e-01    620617  6.0804873e+02 
6.4671003e-01    618447  6.0387184e+02 
6.4876082e-01    626233  6.0255827e+02 
6.5081579e-01    629233  6.0012642e+02 
6.5286846e-01    632739  5.9834661e+02 
6.5492781e-01    641245  5.9806092e+02 
6.5698595e-01    640269  5.9222544e+02 
6.5904092e-01    646813  5.9237806e+02 
6.6109578e-01    648807  5.9039202e+02 
6.6314719e-01    652489  5.8849406e+02 
6.6520313e-01    659569  5.8693893e+02 
6.6725722e-01    659715  5.8409817e+02 
6.6931346e-01    668893  5.8291723e+02 
6.7137156e-01    669441  5.8030493e+02 
6.7342623e-01    674509  5.7908184e+02 
6.7547989e-01    677143  5.7735369e+02 
6.7753384e-01    683109  5.7666719e+02 
6.7958920e-01    685897  5.7236262e+02 
6.8164592e-01    693039  5.7058553e+02 
6.8370058e-01    692185  5.7003677e+02 
6.8575428e-01    701001  5.6813085e+02 
6.8781410e-01    704959  5.6579867e+02 
6.8986893e-01    705505  5.6381482e+02 
6.9192267e-01    713205  5.6208113e+02 
6.9397611e-01    713053  5.6097863e+02 
6.9602832e-01    721599  5.5929663e+02 
6.9808518e-01    724285  5.5542307e+02 
7.0014134e-01    729825  5.5486379e+02 
7.0219416e-01    730555  5.5358207e+02 
7.0424797e-01    738613  5.5131304e+02 
7.0630757e-01    744105  5.4883057e+02 
7.0836660e-01    746233  5.4785763e+02 
7.1041922e-01    748455  5.4703437e+02 
7.1247096e-01    754033  5.4424885e+02 
7.1452670e-01    760233  5.4276683e+02 
7.1658522e-01    764947  5.4070206e+02 
7.1864028e-01    765985  5.3944615e+02 
7.2069351e-01    772869  5.3782817e+02 
7.2274998e-01    777079  5.3642549e+02 
7.2480604e-01    781137  5.3415228e+02 
7.2686045e-01    785101  5.3276607e+02 
7.2891444e-01    789169  5.3226688e+02 
7.3096928e-01    795171  5.2914128e+02 
7.3302342e-01    797281  5.2746870e+02 
7.3507570e-01    802761  5.2552995e+02 
7.3713012e-01    808075  5.2597035e+02 
7.3918954e-01    815109  5.2332538e+02 
7.4124482e-01    814705  5.2242877e+02 
7.4329746e-01    821329  5.2078545e+02 
7.4535402e-01    827415  5.1888791e+02 
7.4741120e-01    830797  5.1768318e+02 
7.4946810e-01    836025  5.1558512e+02 
7.5152345e-01    839431  5.1333960e+02 
7.5357635e-01    842409  5.1264727e+02 
7.5562950e-01    849313  5.1086053e+02 
7.5768247e-01    851143  5.0986735e+02 
7.5973709e-01    860337  5.0904900e+02 
7.6179438e-01    862621  5.0638230e+02 
7.6384982e-01    867453  5.0507001e+02 
7.6590419e-01    871939  5.0358576e+02 
7.6796296e-01    880029  5.0257214e+02 
7.7002048e-01    880549  5.0095182e+02 
7.7207324e-01    885019  4.9950491e+02 
7.7412688e-01    890997  4.9864091e+02 
7.7618167e-01    895573  4.9650094e+02 
7.7823752e-01    901029  4.9409065e+02 
7.8028976e-01    902251  4.9391652e+02 
7.8234599e-01    913789  4.9284648e+02 
7.8440298e-01    912837  4.9130552e+02 
7.8645792e-01    921451  4.8918244e+02 
7.8851326e-01    922473  4.8842933e+02 
7.9056859e-01    931549  4.8772899e+02 
7.9262557e-01    933333  4.8572491e+02 
7.9468393e-01    942631  4.8423408e+02 
7.9673784e-01    939061  4.8305411e+02 
7.9878934e-01    949797  4.8150710e+02 
8.0084689e-01    955099  4.8029187e+02 
8.0290261e-01    956937  4.7819930e+02 
8.0495435e-01    962053  4.7763626e+02 
8.0700989e-01    969963  4.7579265e+02 
8.0906686e-01    972985  4.7501296e+02 
8.1112114e-01    978001  4.7300924e+02 
8.1317718e-01    983793  4.7215850e+02 
8.1523143e-01    987091  4.7122357e+02 
8.1728804e-01    995025  4.6946947e+02 
8.1934380e-01    997033  4.6803824e+02 
8.2139653e-01   1002063  4.6640384e+02 
8.2345116e-01   1008385  4.6583021e+02 
8.2550923e-01   1016053  4.6437117e+02 
8.2756675e-01   1017405  4.6272155e+02 
8.2961815e-01   1020859  4.6289790e+02 
8.3167392e-01   1031313  4.6067674e+02 
8.3373169e-01   1032877  4.5972601e+02 
8.3578662e-01   1039267  4.5932231e+02 
8.3783974e-01   1040901  4.5628923e+02 
8.3989250e-01   1049245  4.5576194e+02 
8.4194859e-01   1054275  4.5462348e+02 
8.4400351e-01   1058473  4.5334008e+02 
8.4605968e-01   1066317  4.5279843e+02 
8.4811725e-01   1069585  4.5157594e+02 
8.5017249e-01   1074787  4.5010382e+02 
8.5222601e-01   1077873  4.4903598e+02 
8.5428048e-01   1086349  4.4757173e+02 
8.5633714e-01   1090743  4.4673922e+02 
8.5839158e-01   1093909  4.4562459e+02 
8.6044386e-01   1099665  4.4441642e+02 
8.6249827e-01   1106005  4.4218177e+02 
8.6455450e-01   1112815  4.4220973e+02 
8.6660879e-01   1114101  4.4108811e+02 
8.6866643e-01   1126789  4.3993593e+02 
8.7072397e-01   1125447  4.3893473e+02 
8.7277737e-01   1131937  4.3791506e+02 
8.7483183e-01   1138165  4.3653688e+02 
8.7688641e-01   1141977  4.3618797e+02 
8.7894232e-01   1150819  4.3418867e+02 
8.8099892e-01   1153413  4.3281602e+02 
8.8305267e-01   1158289  4.3202002e+02 
8.8510777e-01   1166019  4.3079143e+02 
8.8716431e-01   1170133  4.3003168e+02 
8.8922035e-01   1177057  4.2821068e+02 
8.9127586e-01   1180035  4.2793791e+02 
8.9332978e-01   1185973  4.2695632e+02 
8.9538355e-01   1190841  4.2555530e+02 
8.9743758e-01   1197337  4.2412559e+02 
8.9949284e-01   1203399  4.2384043e+02 
9.0154831e-01   1208245  4.2276565e+02 
9.0360193e-01   1212145  4.2062274e+02 
9.0565818e-01   1222887  4.2045578e+02 
9.0771491e-01   1223329  4.1984667e+02 
9.0976939e-01   1231653  4.1811445e+02 
9.1182420e-01   1234441  4.1763560e+02 
9.1387961e-01   1243887  4.1664421e+02 
9.1593671e-01   1247713  4.1631792e+02 
9.1799171e-01   1252081  4.1424916e+02 
9.2004542e-01   1257807  4.1318135e+02 
9.2210343e-01   1268185  4.1241618e+02 
9.2415973e-01   1267569  4.1120020e+02 
9.2621449e-01   1277059  4.1001724e+02 
9.2827112e-01   1281325  4.0939559e+02 
9.3032536e-01   1285809  4.0807499e+02 
9.3237945e-01   1291681  4.0725973e+02 
9.3443489e-01   1299975  4.0785766e+02 
9.3648929e-01   1300825  4.0559730e+02 
9.3854444e-01   1312917  4.0487400e+02 
9.4060232e-01   1315711  4.0394147e+02 
9.4265723e-01   1320385  4.0321589e+02 
9.4470825e-01   1322721  4.0171989e+02 
9.4676287e-01   1335625  4.0051319e+02 
9.4881960e-01   1337991  3.9990140e+02 
9.5087655e-01   1347277  3.9812820e+02 
9.5293357e-01   1349421  3.9827702e+02 
9.5498771e-01   1355407  3.9759231e+02 
9.5704277e-01   1362001  3.9630113e+02 
9.5909778e-01   1367481  3.9556363e+02 
9.6115214e-01   1372735  3.9413324e+02 
9.6320669e-01   1378989  3.9318829e+02 
9.6526032e-01   1383937  3.9245867e+02 
9.6731647e-01   1393737  3.9175513e+02 
9.6937465e-01   1398907  3.9055006e+02 
9.7142949e-01   1400545  3.8981745e+02 
9.7348229e-01   1408305  3.8929855e+02 
9.7553763e-01   1416235  3.8790498e+02 
9.7759368e-01   1420389  3.8679283e+02 
9.7964789e-01   1426477  3.8593792e+02 
9.8170372e-01   1433797  3.8532727e+02 
9.8375971e-01   1439547  3.8442924e+02 
9.8581320e-01   1441777  3.8434442e+02 
9.8786853e-01   1454193  3.8251997e+02 
9.8992551e-01   1456651  3.8185799e+02 
9.9197957e-01   1461357  3.8124863e+02 
9.9403572e-01   1472557  3.7976530e+02 
9.9609098e-01   1471645  3.7951151e+02 
9.9814512e-01   1483635  3.7881204e+02 
1.0002017e+00   1486885  3.7730012e+02 
1.0022586e+00   1496445  3.7691078e+02 
1.0043119e+00   1494487  3.7586422e+02 
1.0063652e+00   1507785  3.7493109e+02 
1.0084220e+00   1512529  3.7405406e+02 
1.0104774e+00   1517707  3.7376876e+02 
1.0125327e+00   1525077  3.7294729e+02 
1.0145885e+00   1530793  3.7147736e+02 
1.0166422e+00   1533885  3.7072343e+02 
1.0186982e+00   1547191  3.6985998e+02 
1.0207544e+00   1546641  3.6915419e+02 
1.0228077e+00   1554709  3.6802710e+02 
1.0248628e+00   1562539  3.6772643e+02 
1.0269180e+00   1566657  3.6657117e+02 
1.0289727e+00   1575301  3.6555431e+02 
1.0310289e+00   1580733  3.6535880e+02 
1.0330837e+00   1585843  3.6414230e+02 
1.0351388e+00   1594153  3.6320473e+02 
1.0371931e+00   1596969  3.6255859e+02 
1.0392497e+00   1610923  3.6169802e+02 
1.0413059e+00   1608045  3.6099013e+02 
1.0433596e+00   1620649  3.6059188e+02 
1.0454134e+00   1620795  3.5901159e+02 
1.0474691e+00   1635949  3.5858174e+02 
1.0495260e+00   1636129  3.5783905e+02 
1.0515805e+00   1644273  3.5748450e+02 
1.0536366e+00   1652407  3.5617124e+02 
1.0556935e+00   1657593  3.5571948e+02 
1.0577481e+00   1662145  3.5463723e+02 
1.0598014e+00   1668411  3.5393471e+02 
1.0618565e+00   1677397  3.5367981e+02 
1.0639122e+00   1683205  3.5258985e+02 
1.0659665e+00   1687497  3.5166884e+02 
1.0680217e+00   1698223  3.5100290e+02 
1.0700780e+00   1701765  3.5023218e+02 
1.0721345e+00   1712041  3.4928941e+02 
1.0741891e+00   1711831  3.4857839e+02 
1.0762436e+00   1724697  3.4765681e+02 
1.0782985e+00   1725685  3.4758829e+02 
1.0803528e+00   1737111  3.4650245e+02 
1.0824091e+00   1741861  3.4565842e+02 
1.0844641e+00   1748793  3.4502668e+02 
1.0865189e+00   1753621  3.4457005e+02 
1.0885744e+00   1764523  3.4410767e+02 
1.0906282e+00   1763601  3.4326383e+02 
1.0926823e+00   1777957  3.4225600e+02 
1.0947379e+00   1780011  3.4128843e+02 
1.0967940e+00   1791409  3.4050877e+02 
1.0988496e+00   1794117  3.3981475e+02 
1.1009065e+00   1805653  3.3981413e+02 
1.1029619e+00   1805623  3.3895623e+02 
1.1050158e+00   1816365  3.3739311e+02 
1.1070724e+00   1823797  3.3742716e+02 
1.1091281e+00   1828611  3.3637710e+02 
1.1111821e+00   1833685  3.3593257e+02 
1.1132367e+00   1844037  3.3532701e+02 
1.1152927e+00   1849177  3.3418392e+02 
1.1173478e+00   1856659  3.3418226e+02 
1.1194030e+00   1862529  3.3258344e+02 
1.1214562e+00   1866697  3.3235541e+02 
1.1235102e+00   1877955  3.3149090e+02 
1.1255670e+00   1885297  3.3063130e+02 
1.1276230e+00   1890565  3.3046160e+02 
1.1296779e+00   1896663  3.2959131e+02 
1.1317323e+00   1903669  3.2907554e+02 
1.1337866e+00   1910349  3.2791662e+02 
1.1358426e+00   1920517  3.2817260e+02 
1.1378988e+00   1925031  3.2684093e+02 
1.1399531e+00   1930333  3.2663067e+02 
1.1420099e+00   1943845  3.2494470e+02 
1.1440666e+00   1944711  3.2519685e+02 
1.1461184e+00   1947193  3.2439054e+02 
1.1481723e+00   1963905  3.2370787e+02 
1.1502288e+00   1965457  3.2276890e+02 
1.1522848e+00   1977807  3.2242488e+02 
1.1543404e+00   1978357  3.2174766e+02 
1.1563957e+00   1990621  3.2104832e+02 
1.1584513e+00   1994679  3.2026914e+02 
1.1605072e+00   2003473  3.1983490e+02 
1.1625621e+00   2008473  3.1883171e+02 
1.1646155e+00   2014027  3.1855524e+02 
1.1666709e+00   2026545  3.1768907e+02 
1.1687271e+00   2030485  3.1718923e+02 
1.1707811e+00   2035537  3.1636705e+02 
1.1728363e+00   2048271  3.1567639e+02 
1.1748932e+00   2052049  3.1519098e+02 
1.1769485e+00   2060529  3.1411799e+02 
1.1790037e+00   2065843  3.1384821e+02 
1.1810567e+00   2070145  3.1359917e+02 
1.1831098e+00   2080941  3.1295526e+02 
1.1851663e+00   2091085  3.1199812e+02 
1.1872221e+00   2094591  3.1120395e+02 
1.1892764e+00   2102233  3.1098626e+02 
1.1913317e+00   2110593  3.1027587e+02 
1.1933875e+00   2118763  3.0920537e+02 
1.1954418e+00   2121313  3.0872876e+02 
1.1974961e+00   2134197  3.0775659e+02 
1.1995511e+00   2136493  3.0755959e+02 
1.2016077e+00   2152539  3.0713328e+02 
1.2036638e+00   2150905  3.0670636e+02 
1.2057183e+00   2162493  3.0598901e+02 
1.2077742e+00   2169811  3.0519903e+02 
1.2098287e+00   2173273  3.0481171e+02 
1.2118830e+00   2185173  3.0403660e+02 
1.2139396e+00   2192431  3.0358570e+02 
1.2159952e+00   2197593  3.0261909e+02 
1.2180502e+00   2206813  3.0193616e+02 
1.2201051e+00   2211561  3.0160961e+02 
1.2221615e+00   2225683  3.0111047e+02 
1.2242166e+00   2222761  3.0027785e+02 
1.2262706e+00   2238657  2.9997241e+02 
1.2283256e+00   2240611  2.9939312e+02 
1.2303807e+00   2252505  2.9852868e+02 
1.2324352e+00   2255845  2.9804453e+02 
1.2344893e+00   2265253  2.9718101e+02 
1.2365448e+00   2275143  2.9688025e+02 
1.2386029e+00   2285713  2.9600978e+02 
1.2406575e+00   2282277  2.9562605e+02 
1.2427097e+00   2296099  2.9500802e+02 
1.2447668e+00   2307645  2.9462990e+02 
1.2468231e+00   2310073  2.9402824e+02 
1.2488787e+00   2321419  2.9345905e+02 
1.2509336e+00   2323209  2.9271479e+02 
1.2529888e+00   2337913  2.9240601e+02 
1.2550456e+00   2341713  2.9163963e+02 
1.2571006e+00   2349763  2.9129984e+02 
1.2591538e+00   2352573  2.9064795e+02 
1.2612091e+00   2369725  2.9015616e+02 
1.2632644e+00   2368519  2.8966567e+02 
1.2653182e+00   2381061  2.8878469e+02 
1.2673750e+00   2391997  2.8827214e+02 
1.2694314e+00   2394081  2.8778018e+02 
1.2714857e+00   2403871  2.8741627e+02 
1.2735399e+00   2409297  2.8684658e+02 
1.2755960e+00   2423149  2.8623904e+02 
1.2776530e+00   2427835  2.8531782e+02 
1.2797087e+00   2434545  2.8469248e+02 
1.2817627e+00   2441149  2.8446509e+02 
1.2838168e+00   2449191  2.8415482e+02 
1.2858729e+00   2461633  2.8311083e+02 
1.2879285e+00   2464441  2.8299391e+02 
1.2899806e+00   2468097  2.8219750e+02 
1.2920346e+00   2485999  2.8187385e+02 
1.2940920e+00   2490381  2.8118719e+02 
1.2961472e+00   2497897  2.8066572e+02 
1.2982011e+00   2502831  2.8027467e+02 
1.3002574e+00   2519065  2.7975160e+02 
1.3023143e+00   2520541  2.7924090e+02 
1.3043690e+00   2529381  2.7892072e+02 
1.3064240e+00   2537851  2.7786743e+02 
1.3084804e+00   2548197  2.7750304e+02 
1.3105359e+00   2551477  2.7704166e+02 
1.3125890e+00   2558919  2.7663244e+02 
1.3146417e+00   2565685  2.7534297e+02 
1.3166968e+00   2581681  2.7523497e+02 
1.3187539e+00   2586609  2.7484365e+02 
1.3208095e+00   2593915  2.7426075e+02 
1.3228639e+00   2599881  2.7364438e+02 
1.3249198e+00   2613469  2.7328417e+02 
1.3269756e+00   2616847  2.7300879e+02 
1.3290296e+00   2623749  2.7207489e+02 
1.3310848e+00   2637157  2.7184674e+02 
1.3331419e+00   2644347  2.7119658e+02 
1.3351967e+00   2647585  2.7076344e+02 
1.3372497e+00   2656581  2.7007212e+02 
1.3393051e+00   2669041  2.6978544e+02 
1.3413609e+00   2675287  2.6901187e+02 
1.3434160e+00   2682609  2.6860162e+02 
1.3454709e+00   2691769  2.6826318e+02 
1.3475252e+00   2697195  2.6809779e+02 
1.3495807e+00   2711077  2.6705969e+02 
1.3516379e+00   2719461  2.6640877e+02 
1.3536940e+00   2723005  2.6631212e+02 
1.3557488e+00   2733835  2.6553643e+02 
1.3578038e+00   2739657  2.6508642e+02 
1.3598580e+00   2748061  2.6459910e+02 
1.3619128e+00   2758371  2.6390034e+02 
1.3639684e+00   2766325  2.6347492e+02 
1.3660235e+00   2774241  2.6280219e+02 
1.3680795e+00   2784979  2.6270698e+02 
1.3701337e+00   2786053  2.6234762e+02 
1.3721892e+00   2805945  2.6188116e+02 
1.3742455e+00   2804113  2.6114517e+02 
1.3763000e+00   2818539  2.6074598e+02 
1.3783556e+00   2823733  2.6017621e+02 
1.3804105e+00   2833081  2.5959764e+02 
1.3824664e+00   2844183  2.5929827e+02 
1.3845219e+00   2847529  2.5867905e+02 
1.3865768e+00   2861157  2.5830129e+02 
1.3886318e+00   2863585  2.5736842e+02 
1.3906872e+00   2879571  2.5708408e+02 
1.3927430e+00   2881657  2.5668763e+02 
1.3947977e+00   2893309  2.5610168e+02 
1.3968534e+00   2902527  2.5588050e+02 
1.3989076e+00   2904373  2.5524858e+02 
1.4009600e+00   2915877  2.5481585e+02 
1.4030138e+00   2925247  2.5429667e+02 
1.4050712e+00   2943069  2.5395554e+02 
1.4071287e+00   2942677  2.5336026e+02 
1.4091835e+00   2952325  2.5278758e+02 
1.4112384e+00   2961027  2.5241170e+02 
1.4132941e+00   2970937  2.5197633e+02 
1.4153498e+00   2978853  2.5159883e+02 
1.4174035e+00   2982199  2.5122719e+02 
1.4194589e+00   3001233  2.5059141e+02 
1.4215161e+00   3005173  2.5003946e+02 
1.4235700e+00   3008233  2.4972538e+02 
1.4256240e+00   3023247  2.4919305e+02 
1.4276788e+00   3027997  2.4876319e+02 
1.4297349e+00   3044301  2.4820303e+02 
1.4317907e+00   3045127  2.4784017e+02 
1.4338461e+00   3060109  2.4755067e+02 
1.4359030e+00   3067401  2.4687842e+02 
1.4379577e+00   3070897  2.4659703e+02 
1.4400127e+00   3085791  2.4607006e+02 
1.4420678e+00   3089425  2.4549843e+02 
1.4441224e+00   3100845  2.4522967e+02 
1.4461785e+00   3112795  2.4484537e+02 
1.4482338e+00   3115357  2.4437306e+02 
1.4502884e+00   3129021  2.4363808e+02 
1.4523420e+00   3129187  2.4318446e+02 
1.4543959e+00   3147525  2.4288022e+02 
1.4564533e+00   3159073  2.4251036e+02 
1.4585099e+00   3161457  2.4190664e+02 
1.4605645e+00   3171499  2.4143135e+02 
1.4626191e+00   3178765  2.4113847e+02 
1.4646729e+00   3187437  2.4082450e+02 
1.4667269e+00   3197371  2.4053226e+02 
1.4687825e+00   3209433  2.4005770e+02 
1.4708375e+00   3214333  2.3942113e+02 
1.4728930e+00   3228441  2.3887811e+02 
1.4749485e+00   3233203  2.3824189e+02 
1.4770041e+00   3245605  2.3807928e+02 
1.4790601e+00   3252789  2.3746108e+02 
1.4811139e+00   3257875  2.3752828e+02 
1.4831687e+00   3272709  2.3688418e+02 
1.4852244e+00   3279373  2.3641935e+02 
1.4872791e+00   3287587  2.3590149e+02 
1.4893344e+00   3299625  2.3569480e+02 
1.4913914e+00   3311521  2.3505767e+02 
1.4934477e+00   3314685  2.3476307e+02 
1.4955020e+00   3324415  2.3431410e+02 
1.4975568e+00   3333945  2.3375866e+02 
1.4996125e+00   3345673  2.3345923e+02 
1.5016669e+00   3348667  2.3302153e+02 
1.5037222e+00   3365553  2.3266780e+02 
1.5057778e+00   3369649  2.3215382e+02 
1.5078332e+00   3381933  2.3177774e+02 
1.5098889e+00   3390139  2.3128977e+02 
1.5119429e+00   3394641  2.3091452e+02 
1.5139979e+00   3410917  2.3057278e+02 
1.5160534e+00   3415939  2.3003161e+02 
1.5181086e+00   3427497  2.2991389e+02 
1.5201638e+00   3435817  2.2919431e+02 
1.5222186e+00   3443223  2.2885370e+02 
1.5242738e+00   3456721  2.2836629e+02 
1.5263302e+00   3465909  2.2833235e+02 
1.5283856e+00   3471721  2.2776517e+02 
1.5304402e+00   3481891  2.2736479e+02 
1.5324948e+00   3490041  2.2686757e+02 
1.5345500e+00   3503713  2.2650090e+02 
1.5366058e+00   3510111  2.2620949e+02 
1.5386610e+00   3520033  2.2554147e+02 
1.5407156e+00   3527569  2.2536241e+02 
1.5427707e+00   3540405  2.2495206e+02 
1.5448269e+00   3550231  2.2435529e+02 
1.5468815e+00   3553917  2.2389193e+02 
1.5489362e+00   3568753  2.2373593e+02 
1.5509918e+00   3576999  2.2306959e+02 
1.5530470e+00   3585421  2.2272152e+02 
1.5551027e+00   3598681  2.2238668e+02 
1.5571587e+00   3604473  2.2204468e+02 
1.5592140e+00   3615655  2.2154938e+02 
1.5612685e+00   3621525  2.2102069e+02 
1.5633240e+00   3636649  2.2075436e+02 
1.5653795e+00   3642387  2.2043022e+02 
1.5674335e+00   3648541  2.1996961e+02 
1.5694890e+00   3668629  2.1966333e+02 
1.5715447e+00   3667707  2.1951107e+02 
1.5735990e+00   3682657  2.1872101e+02 
1.5756537e+00   3688881  2.1859331e+02 
1.5777086e+00   3701749  2.1801156e+02 
1.5797638e+00   3710599  2.1772167e+02 
1.5818189e+00   3719361  2.1744008e+02 
1.5838739e+00   3729961  2.1678867e+02 
1.5859301e+00   3743475  2.1661772e+02 
1.5879851e+00   3744913  2.1612921e+02 
1.5900392e+00   3759513  2.1572401e+02 
1.5920941e+00   3766669  2.1558608e+02 
1.5941491e+00   3779983  2.1513189e+02 
1.5962052e+00   3790461  2.1461660e+02 
1.5982612e+00   3797989  2.1441580e+02 
1.6003157e+00   3805767  2.1389351e+02 
1.6023721e+00   3823429  2.1363300e+02 
1.6044273e+00   3822189  2.1318826e+02 
1.6064819e+00   3839947  2.1285554e+02 
1.6085370e+00   3843517  2.1255428e+02 
1.6105920e+00   3859965  2.1211945e+02 
1.6126491e+00   3870265  2.1170079e+02 
1.6147028e+00   3867603  2.1132946e+02 
1.6167567e+00   3890533  2.1093944e+02 
1.6188123e+00   3893481  2.1030936e+02 
1.6208672e+00   3908431  2.1032055e+02 
1.6229233e+00   3916477  2.0988906e+02 
1.6249787e+00   3927381  2.0967618e+02 
1.6270327e+00   3929269  2.0933345e+02 
1.6290883e+00   3954687  2.0883570e+02 
1.6311440e+00   3948889  2.0823295e+02 
1.6331983e+00   3969133  2.0788264e+02 
1.6352540e+00   3974883  2.0766223e+02 
1.6373095e+00   3987133  2.0725185e+02 
1.6393642e+00   3993957  2.0705396e+02 
1.6414195e+00   4007377  2.0674696e+02 
1.6434760e+00   4019439  2.0610946e+02 
1.6455314e+00   4023241  2.0593251e+02 
1.6475863e+00   4037425  2.0545104e+02 
1.6496409e+00   4043343  2.0541650e+02 
1.6516958e+00   4056925  2.0481106e+02 
1.6537505e+00   4063737  2.0456423e+02 
1.6558051e+00   4076791  2.0417061e+02 
1.6578622e+00   4093677  2.0374825e+02 
1.6599182e+00   4092769  2.0378057e+02 
1.6619729e+00   4108105  2.0313762e+02 
1.6640272e+00   4113075  2.0271869e+02 
1.6660819e+00   4128817  2.0248696e+02 
1.6681370e+00   4134873  2.0205850e+02 
1.6701917e+00   4148731  2.0174829e+02 
1.6722474e+00   4157973  2.0140260e+02 
1.6743037e+00   4172869  2.0102435e+02 
1.6763602e+00   4178353  2.0060570e+02 
1.6784148e+00   4186107  2.0040825e+02 
1.6804695e+00   4199497  1.9986432e+02 
1.6825243e+00   4205565  1.9975373e+02 
1.6845788e+00   4220875  1.9936925e+02 
1.6866337e+00   4225933  1.9905395e+02 
1.6886907e+00   4251717  1.9874665e+02 
1.6907466e+00   4241443  1.9840602e+02 
1.6928010e+00   4265589  1.9783046e+02 
1.6948556e+00   4264249  1.9769160e+02 
1.6969102e+00   4284381  1.9730925e+02 
1.6989666e+00   4294687  1.9694831e+02 
1.7010219e+00   4298641  1.9657150e+02 
1.7030769e+00   4316037  1.9627434e+02 
1.7051323e+00   4319971  1.9583401e+02 
1.7071873e+00   4334721  1.9549666e+02 
1.7092426e+00   4343569  1.9532193e+02 
1.7112980e+00   4355217  1.9489068e+02 
1.7133523e+00   4359871  1.9452723e+02 
1.7154067e+00   4376533  1.9434927e+02 
1.7174621e+00   4384953  1.9401310e+02 
1.7195172e+00   4397167  1.9347308e+02 
1.7215723e+00   4404441  1.9320985e+02 
1.7236281e+00   4422121  1.9290121e+02 
1.7256834e+00   4423419  1.9273931e+02 
1.7277374e+00   4437157  1.9241555e+02 
1.7297935e+00   4454329  1.9193028e+02 
1.7318502e+00   4459389  1.9156414e+02 
1.7339033e+00   4462087  1.9136253e+02 
1.7359582e+00   4487157  1.9110662e+02 
1.7380142e+00   4487845  1.9077549e+02 
1.7400687e+00   4502311  1.9041344e+02 
1.7421248e+00   4515609  1.8996169e+02 
1.7441806e+00   4523293  1.8980827e+02 
1.7462352e+00   4530525  1.8949306e+02 
1.7482892e+00   4543075  1.8906971e+02 
1.7503438e+00   4553601  1.8884307e+02 
1.7524003e+00   4573213  1.8861235e+02 
1.7544554e+00   4569475  1.8832089e+02 
1.7565100e+00   4591089  1.8786052e+02 
1.7585655e+00   4596253  1.8772336e+02 
1.7606200e+00   4606701  1.8735663e+02 
1.7626754e+00   4623319  1.8704220e+02 
1.7647310e+00   4628589  1.8652388e+02 
1.7667866e+00   4644337  1.8640115e+02 
1.7688425e+00   4652227  1.8607888e+02 
1.7708973e+00   4660413  1.8576173e+02 
1.7729530e+00   4678945  1.8527129e+02 
1.7750101e+00   4687191  1.8515498e+02 
1.7770657e+00   4694245  1.8478287e+02 
1.7791187e+00   4698025  1.8455167e+02 
1.7811728e+00   4719597  1.8426198e+02 
1.7832280e+00   4725775  1.8391590e+02 
1.7852831e+00   4739961  1.8359310e+02 
1.7873390e+00   4752325  1.8321328e+02 
1.7893943e+00   4759023  1.8280060e+02 
1.7914499e+00   4774237  1.8263862e+02 
1.7935050e+00   4780405  1.8234161e+02 
1.7955595e+00   4792101  1.8207931e+02 
1.7976150e+00   4807663  1.8176031e+02 
1.7996710e+00   4816401  1.8145871e+02 
1.8017259e+00   4823509  1.8116944e+02 
1.8037809e+00   4840743  1.8093487e+02 
1.8058366e+00   4846849  1.8061140e+02 
1.8078909e+00   4857709  1.8026766e+02 
1.8099460e+00   4871907  1.8001472e+02 
1.8120014e+00   4881601  1.7972367e+02 
1.8140568e+00   4894389  1.7941771e+02 
1.8161120e+00   4901329  1.7913340e+02 
1.8181661e+00   4913583  1.7870869e+02 
1.8202225e+00   4932313  1.7854437e+02 
1.8222776e+00   4931233  1.7816511e+02 
1.8243318e+00   4949439  1.7791618e+02 
1.8263873e+00   4960093  1.7775034e+02 
1.8284436e+00   4975845  1.7733804e+02 
1.8304983e+00   4973809  1.7703376e+02 
1.8325530e+00   4999375  1.7673834e+02 
1.8346085e+00   4999281  1.7642994e+02 
1.8366638e+00   5020633  1.7615546e+02 
1.8387199e+00   5026719  1.7588157e+02 
1.8407748e+00   5036893  1.7558547e+02 
1.8428304e+00   5052285  1.7548536e+02 
1.8448846e+00   5052547  1.7513968e+02 
1.8469390e+00   5075413  1.7483949e+02 
1.8489949e+00   5084049  1.7446420e+02 
1.8510493e+00   5088469  1.7398063e+02 
1.8531037e+00   5108391  1.7386291e+02 
1.8551599e+00   5118805  1.7372081e+02 
1.8572162e+00   5132721  1.7332666e+02 
1.8592711e+00   5134123  1.7303367e+02 
1.8613248e+00   5148289  1.7287159e+02 
1.8633806e+00   5169609  1.7271002e+02 
1.8654367e+00   5170585  1.7229388e+02 
1.8674916e+00   5188107  1.7202885e+02 
1.8695476e+00   5197321  1.7173457e+02 
1.8716022e+00   5204481  1.7136887e+02 
1.8736561e+00   5217199  1.7113409e+02 
1.8757115e+00   5233909  1.7095138e+02 
1.8777674e+00   5244033  1.7062177e+02 
1.8798223e+00   5250349  1.7033039e+02 
1.8818771e+00   5267823  1.7000802e+02 
1.8839335e+00   5280397  1.6980358e+02 
1.8859885e+00   5284129  1.6947862e+02 
1.8880419e+00   5295771  1.6932246e+02 
1.8900975e+00   5317405  1.6911210e+02 
1.8921540e+00   5324901  1.6870888e+02 
1.8942094e+00   5333755  1.6850238e+02 
1.8962643e+00   5345937  1.6822616e+02 
1.8983198e+00   5359657  1.6799493e+02 
1.9003748e+00   5366821  1.6767861e+02 
1.9024295e+00   5382075  1.6731275e+02 
1.9044849e+00   5392261  1.6708574e+02 
1.9065406e+00   5407353  1.6687980e+02 
1.9085955e+00   5412259  1.6660038e+02 
1.9106499e+00   5426973  1.6640526e+02 
1.9127065e+00   5448109  1.6601361e+02 
1.9147623e+00   5444749  1.6571600e+02 
1.9168161e+00   5462499  1.6549647e+02 
1.9188715e+00   5476897  1.6518439e+02 
1.9209277e+00   5487741  1.6494225e+02 
1.9229813e+00   5489011  1.6477985e+02 
1.9250364e+00   5517945  1.6460066e+02 
1.9270934e+00   5523913  1.6422434e+02 
1.9291484e+00   5529295  1.6385946e+02 
1.9312022e+00   5541585  1.6389225e+02 
1.9332562e+00   5554501  1.6349874e+02 
1.9353116e+00   5571717  1.6323808e+02 
1.9373686e+00   5587903  1.6299836e+02 
1.9394237e+00   5584453  1.6275725e+02 
1.9414783e+00   5609505  1.6247697e+02 
1.9435340e+00   5613739  1.6217353e+02 
1.9455878e+00   5622837  1.6192854e+02 
1.9476428e+00   5644501  1.6166898e+02 
1.9496979e+00   5646693  1.6152763e+02 
1.9517531e+00   5668363  1.6129156e+02 
1.9538093e+00   5677237  1.6089520e+02 
1.9558649e+00   5688513  1.6078701e+02 
1.9579197e+00   5696839  1.6038535e+02 
1.9599754e+00   5716845  1.6014919e+02 
1.9620311e+00   5721301  1.6002674e+02 
1.9640855e+00   5733921  1.5963161e+02 
1.9661412e+00   5751391  1.5950142e+02 
1.9681958e+00   5753065  1.5927103e+02 
1.9702512e+00   5778813  1.5895288e+02 
1.9723064e+00   5777623  1.5870449e+02 
1.9743605e+00   5794701  1.5849724e+02 
1.9764166e+00   5813953  1.5823214e+02 
1.9784718e+00   5814963  1.5808025e+02 
1.9805271e+00   5836669  1.5785520e+02 
1.9825829e+00   5843749  1.5749579e+02 
1.9846388e+00   5859633  1.5725555e+02 
1.9866938e+00   5865199  1.5708660e+02 
1.9887480e+00   5877273  1.5677219e+02 
1.9908029e+00   5894521  1.5660104e+02 
1.9928588e+00   5907055  1.5628723e+02 
1.9949146e+00   5918409  1.5605689e+02 
1.9969689e+00   5923525  1.5580533e+02 
1.9990238e+00   5944341  1.5557095e+02 
2.0010793e+00   5952907  1.5537168e+02 
2.0031330e+00   5958177  1.5514898e+02 
2.0051883e+00   5986729  1.5489522e+02 
2.0072451e+00   5991607  1.5472056e+02 
2.0092996e+00   5997009  1.5446133e+02 
2.0113543e+00   6017809  1.5427303e+02 
2.0134108e+00   6032451  1.5382557e+02 
2.0154664e+00   6036661  1.5378824e+02 
2.0175204e+00   6048429  1.5356899e+02 
2.0195760e+00   6069241  1.5319805e+02 
2.0216313e+00   6072799  1.5301760e+02 
2.0236856e+00   6087333  1.5280260e+02 
2.0257403e+00   6100189  1.5252668e+02 
2.0277947e+00   6110199  1.5234071e+02 
2.0298510e+00   6135469  1.5209329e+02 
2.0319071e+00   6135757  1.5180545e+02 
2.0339620e+00   6151389  1.5162228e+02 
2.0360172e+00   6163015  1.5136373e+02 
2.0380718e+00   6172905  1.5124954e+02 
2.0401276e+00   6194425  1.5093265e+02 
2.0421828e+00   6196047  1.5077496e+02 
2.0442379e+00   6216145  1.5057423e+02 
2.0462942e+00   6230473  1.5034294e+02 
2.0483492e+00   6232095  1.5001268e+02 
2.0504033e+00   6249913  1.4973009e+02 
2.0524587e+00   6266493  1.4961743e+02 
2.0545138e+00   6270925  1.4927486e+02 
2.0565687e+00   6292635  1.4911652e+02 
2.0586255e+00   6306181  1.4894508e+02 
2.0606808e+00   6309697  1.4866027e+02 
2.0627351e+00   6324579  1.4849663e+02 
2.0647907e+00   6342217  1.4813599e+02 
2.0668456e+00   6347277  1.4798825e+02 
2.0689002e+00   6364285  1.4780736e+02 
2.0709557e+00   6378303  1.4750697e+02 
2.0730101e+00   6382993  1.4739742e+02 
2.0750647e+00   6404353  1.4705769e+02 
2.0771197e+00   6412287  1.4688754e+02 
2.0791751e+00   6430825  1.4680092e+02 
2.0812315e+00   6444501  1.4646348e+02 
2.0832864e+00   6446653  1.4628900e+02 
2.0853412e+00   6469255  1.4616758e+02 
2.0873967e+00   6477417  1.4583172e+02 
2.0894521e+00   6491929  1.4571761e+02 
2.0915070e+00   6503031  1.4551609e+02 
2.0935628e+00   6521089  1.4526337e+02 
2.0956184e+00   6527925  1.4499547e+02 
2.0976720e+00   6533347  1.4474483e+02 
2.0997262e+00   6557797  1.4450424e+02 
2.1017824e+00   6572589  1.4437962e+02 
2.1038383e+00   6579466  1.4413570e+02 
