3947913216 3314270208 3281204224
3917357056 3326693376 3293754368
3858468864 3268423680 3235059712
3862687744 3270279168 3237125120
3867959296 3275091968 3242335232
3904188416 3317153792 3284298752
3869958144 3281522688 3248232448
3880796160 3292332032 3259067392
3883683840 3290914816 3258055680
3852468224 3259949056 3226916864
3888979968 3300155392 3266930688
3894251520 3307597824 3274371072
3891851264 3301134336 3268232192
3888525312 3297628160 3264923648
3879927808 3291303936 3257918464
3880620032 3294314496 3260944384
3876519936 3286810624 3254450176
3856871424 3265654784 3233219584
3887669248 3296968704 3264181248
3874803712 3286081536 3253221376
3883122688 3289919488 3257517056
3876315136 3283120128 3250667520
3880747008 3287687168 3255016448
3883311104 3294097408 3261375488
3871899648 3281145856 3248287744
3872100352 3281326080 3248535552
3859812352 3273199616 3240061952
3880501248 3291508736 3258555392
3878146048 3288903680 3256230912
3864039424 3273084928 3240462336
3870535680 3281993728 3248800768
3885084672 3292774400 3259604992
