3824246784 3190009856 3159524352
3751878656 3157069824 3126267904
3751616512 3158478848 3127904256
3751616512 3156574208 3125935104
3751350272 3156254720 3125673984
3751608320 3156873216 3126105088
3751612416 3156934656 3126104064
3751354368 3156680704 3125842944
3752148992 3157139456 3126410240
3750834176 3156131840 3125301248
3751088128 3156295680 3125407744
3752173568 3157340160 3126466560
3752140800 3157200896 3126447104
3751612416 3156914176 3126067200
3751350272 3156746240 3125850112
3751878656 3156975616 3126198272
3750830080 3155623936 3125206016
3751350272 3158020096 3127634944
3751354368 3156283392 3125828608
3750563840 3157602304 3126924288
3751616512 3156221952 3125977088
3751907328 3156787200 3126259712
3751616512 3156742144 3126089728
3751354368 3156434944 3125706752
3751612416 3156242432 3125962752
3751358464 3156398080 3125691392
3751096320 3157708800 3127494656
3751358464 3156287488 3125823488
3751620608 3156774912 3126202368
3751358464 3158540288 3127776256
3750834176 3155574784 3125076992
3751878656 3156787200 3126208512
