3944480768 3310792704 3277726720
3916124160 3325452288 3292509184
3855056896 3265003520 3231639552
3862327296 3269935104 3236781056
3864043520 3271180288 3238423552
3903320064 3316260864 3283401728
3869696000 3281223680 3247933440
3880534016 3292073984 3258805248
3883261952 3290460160 3257601024
3849228288 3256737792 3223705600
3888463872 3299643392 3266418688
3893731328 3307044864 3273814016
3887210496 3296477184 3263575040
3885547520 3294658560 3261949952
3875409920 3286851584 3253462016
3880333312 3293990912 3260616704
3876257792 3286560768 3254200320
3853504512 3262271488 3229828096
3887407104 3296698368 3263910912
3862245376 3273555968 3240687616
3879161856 3285905408 3253502976
3875627008 3282403328 3249950720
3879993344 3287175168 3254496256
3882905600 3293659136 3260940288
3871637504 3280879616 3248021504
3871838208 3281031168 3248240640
3859550208 3272929280 3239791616
3879657472 3290644480 3257687040
3874172928 3284783104 3252106240
3863633920 3272646656 3240024064
3870273536 3281739776 3248542720
3884494848 3292160000 3258993664
