3868315648 3234684928 3201678336
3787317248 3194494976 3161633792
3778904064 3188756480 3155490816
3779403776 3186860032 3153800192
3780874240 3187793920 3155088384
3783737344 3193122816 3160299520
3779137536 3186626560 3153427456
3778879488 3186556928 3153373184
3782082560 3189239808 3156451328
3777572864 3184889856 3151912960
3780608000 3188092928 3154991104
3782025216 3191521280 3158380544
3782471680 3191697408 3158859776
3785510912 3194613760 3161937920
3778613248 3186253824 3152977920
3779969024 3187572736 3154309120
3778093056 3184615424 3152282624
3778686976 3187437568 3155023872
3779162112 3186212864 3153486848
3777302528 3186544640 3153740800
3784224768 3190992896 3158610944
3782774784 3189653504 3157259264
3781976064 3189075968 3156452352
3780128768 3187130368 3154511872
3778613248 3185934336 3153129472
3778359296 3185467392 3152745472
3778359296 3187998720 3154933760
3795529728 3206578176 3173707776
3778883584 3185930240 3153295360
3779387392 3188449280 3155927040
3778170880 3185647616 3152530432
3782115328 3189551104 3156471808
