3833696256 3200811008 3169135616
3763761152 3169746944 3138134016
3761078272 3169771520 3137666048
3761561600 3167920128 3135942656
3761610752 3167887360 3136067584
3762364416 3170799616 3138806784
3761049600 3167432704 3135364096
3761053696 3167625216 3135457280
3762712576 3168649216 3136935936
3760533504 3166994432 3134905344
3761590272 3167653888 3135848448
3762593792 3170816000 3138956288
3762376704 3168641024 3136688128
3763150848 3169226752 3137452032
3761049600 3167498240 3135374336
3761315840 3167977472 3135737856
3760529408 3166441472 3134917632
3761123328 3169128448 3137457152
3761065984 3167252480 3135529984
3760263168 3168415744 3136548864
3763003392 3168952320 3137337344
3762348032 3168436224 3136678912
3762155520 3167916032 3136417792
3761250304 3167338496 3135553536
3761049600 3167277056 3135470592
3761057792 3167182848 3135364096
3760795648 3169157120 3137306624
3774242816 3183951872 3152225280
3761319936 3167506432 3135810560
3761496064 3169480704 3137900544
3760607232 3166904320 3135051776
3762163712 3168354304 3136432128
