3888177152 3254546432 3221495808
3817709568 3224834048 3191920640
3798573056 3208355840 3175017472
3803414528 3210887168 3177776128
3806367744 3213340672 3180605440
3830059008 3243061248 3210202112
3814699008 3222302720 3189052416
3799097344 3206803456 3173581824
3844337664 3251408896 3218585600
3804672000 3212201984 3179192320
3806269440 3213680640 3180539904
3807567872 3217301504 3184124928
3808030720 3217416192 3184539648
3813851136 3222937600 3190247424
3843629056 3255128064 3221796864
3803570176 3211382784 3178051584
3797409792 3204018176 3171675136
3797946368 3206647808 3174219776
3803033600 3210199040 3177444352
3805294592 3214692352 3181847552
3812003840 3218849792 3186453504
3833221120 3239960576 3207527424
3807744000 3214831616 3182172160
3804815360 3211984896 3179296768
3800088576 3207426048 3174580224
3836465152 3245568000 3212807168
3825274880 3238486016 3205379072
3807907840 3219030016 3186105344
3812392960 3219570688 3186905088
3803705344 3212767232 3180184576
3797901312 3205570560 3172417536
3807850496 3215466496 3182330880
