3836579840 3204141056 3171945472
3767689216 3174096896 3142150144
3763961856 3173007360 3140470784
3764527104 3171348480 3138911232
3764985856 3171377152 3139200000
3766009856 3174756352 3142436864
3763671040 3170758656 3138189312
3763937280 3170881536 3138326528
3765526528 3172122624 3139978240
3763154944 3170013184 3137506304
3764477952 3171160064 3138868224
3765530624 3174359040 3142029312
3765694464 3172327424 3140013056
3766837248 3173326848 3141130240
3763671040 3170680832 3138117632
3764236288 3171213312 3138609152
3763150848 3169513472 3137591296
3764006912 3172249600 3140225024
3763998720 3170426880 3138334720
3762884608 3171594240 3139341312
3766468608 3172802560 3140840448
3765682176 3172073472 3140011008
3765137408 3171557376 3139623936
3764051968 3170627584 3138514944
3763933184 3170504704 3138229248
3763679232 3170254848 3138055168
3763679232 3172450304 3140093952
3777769472 3188011008 3155851264
3763941376 3170631680 3138500608
3764191232 3172569088 3140619264
3763490816 3170156544 3137785856
3765456896 3172065280 3139734528
