3918753792 3285200896 3252150272
3859959808 3269316608 3236399104
3829649408 3239538688 3206199296
3831586816 3239120896 3206006784
3848298496 3255386112 3222650880
3864899584 3277803520 3244944384
3829358592 3237093376 3203838976
3849453568 3260899328 3227662336
3848261632 3255488512 3222665216
3825496064 3233042432 3200024576
3852505088 3263639552 3230493696
3858477056 3271864320 3238686720
3839275008 3248570368 3215689728
3866333184 3275513856 3242819584
3861336064 3272744960 3239405568
3859386368 3267092480 3233761280
3828080640 3234713600 3202367488
3828690944 3237441536 3205012480
3830878208 3237978112 3205220352
3844288512 3253354496 3220508672
3858190336 3265077248 3232674816
3840839680 3247706112 3215268864
3838009344 3245154304 3212490752
3849420800 3256430592 3223731200
3831857152 3241033728 3208175616
3840352256 3249471488 3216710656
3846533120 3259830272 3226722304
3844362240 3255230464 3222301696
3829055488 3236327424 3203654656
3832115200 3241275392 3208685568
3846545408 3257929728 3224762368
3842850816 3250364416 3217224704
