1364205568 752349184 732572672
1309642752 733487104 713675776
1310699520 733564928 713758720
1309630464 733470720 713661440
1311756288 733454336 713646080
1311756288 733560832 713759744
1310687232 733544448 713747456
1309618176 733462528 713668608
1312813056 733433856 713628672
1312813056 733458432 713656320
1311744000 733425664 713626624
1311776768 733450240 713656320
1311744000 733429760 713627648
1311744000 733433856 713628672
1310674944 733433856 713630720
1309605888 733421568 713625600
1312813056 733392896 713616384
1312813056 733384704 713612288
1311744000 733380608 713611264
1311744000 733380608 713611264
1311744000 733384704 713612288
1311776768 733483008 713710592
1310674944 733405184 713639936
1310674944 733376512 713611264
1311744000 733396992 713625600
1311744000 733429760 713655296
1310674944 733528064 713758720
1310674944 733384704 713618432
1310674944 733396992 713630720
1310674944 735510528 715738112
1309605888 733392896 713637888
1308536832 733388800 713651200
