3893235712 3259527168 3226476544
3826163712 3233456128 3200559104
3803676672 3213615104 3180275712
3806367744 3213991936 3180880896
3809595392 3216748544 3184013312
3835781120 3248701440 3215842304
3815485440 3223285760 3190031360
3814268928 3221696512 3188638720
3845836800 3252867072 3220043776
3805720576 3213127680 3180110848
3809579008 3217108992 3183964160
3811102720 3220811776 3187635200
3811622912 3220967424 3188090880
3822104576 3231088640 3198395392
3852271616 3263733760 3230398464
3810861056 3218608128 3185276928
3802513408 3209269248 3176923136
3802951680 3211616256 3179360256
3806183424 3213287424 3180532736
3828891648 3238076416 3205231616
3816157184 3222962176 3190562816
3834949632 3241615360 3209178112
3811307520 3218300928 3185637376
3808215040 3215302656 3182603264
3807047680 3216125952 3183460352
3839303680 3248537600 3215776768
3826323456 3239485440 3206377472
3813629952 3224535040 3191659520
3813441536 3220549632 3187876864
3807023104 3216015360 3183429632
3802644480 3210190848 3177026560
3811594240 3219132416 3185992704
