3828977664 3195289600 3164381184
3756879872 3162550272 3131376640
3756347392 3163848704 3132727296
3756371968 3162148864 3130861568
3756380160 3161853952 3130619904
3756613632 3164422144 3133019136
3756331008 3162054656 3130706944
3756072960 3162030080 3130606592
3757113344 3162521600 3131449344
3755814912 3161427968 3130119168
3755905024 3161473024 3130276864
3757039616 3162705920 3131399168
3756871680 3162583040 3131244544
3756789760 3162443776 3131177984
3756331008 3161952256 3130594304
3756597248 3162484736 3131026432
3755810816 3160936448 3130078208
3756343296 3163586560 3132574720
3756335104 3161628672 3130673152
3755282432 3162726400 3131620352
3756617728 3161944064 3131060224
3756687360 3162238976 3131085824
3756482560 3161833472 3130949632
3756085248 3161780224 3130600448
3756331008 3161677824 3130766336
3756077056 3161645056 3130483712
3755814912 3163066368 3132286976
3768315904 3177263104 3146387456
3756601344 3161944064 3130997760
3756113920 3163754496 3132605440
3755839488 3160870912 3130033152
3756646400 3162206208 3131127808
