3934781440 3301163008 3268111360
3906273280 3315609600 3282673664
3845701632 3255517184 3222161408
3851063296 3258777600 3225631744
3860447232 3267436544 3234683904
3892514816 3305558016 3272707072
3861483520 3272888320 3239610368
3880009728 3291385856 3258121216
3859382272 3266617344 3233776640
3840577536 3247976448 3214962688
3874738176 3286032384 3252848640
3892232192 3305545728 3272350720
3860967424 3270246400 3237351424
3882917888 3292073984 3259383808
3874623488 3286122496 3252768768
3871281152 3285032960 3251687424
3843444736 3250188288 3217842176
3852361728 3261243392 3228814336
3868356608 3277447168 3244685312
3844812800 3253964800 3221118976
3874529280 3281317888 3248927744
3862913024 3269722112 3237281792
3872694272 3279732736 3247053824
3865640960 3276476416 3243766784
3864702976 3274035200 3241185280
3843321856 3252641792 3219855360
3859025920 3272257536 3239119872
3866726400 3277807616 3244858368
3845054464 3252215808 3219543040
3852296192 3261390848 3228775424
3869749248 3281068032 3247878144
3860303872 3267760128 3234614272
