3885862912 3252178944 3219128320
3816628224 3223973888 3191070720
3796688896 3206426624 3173088256
3803140096 3210555392 3177444352
3805982720 3212931072 3180195840
3829432320 3242385408 3209526272
3814436864 3221999616 3188749312
3798835200 3206463488 3173241856
3841617920 3248869376 3216053248
3804409856 3211882496 3178872832
3805564928 3213164544 3180030976
3807150080 3216830464 3183653888
3807608832 3216932864 3184056320
3813167104 3222167552 3189477376
3813027840 3224494080 3191165952
3803271168 3211034624 3177711616
3795505152 3202072576 3169729536
3796197376 3204845568 3172417536
3802759168 3209859072 3177104384
3796836352 3206086656 3173241856
3811340288 3218112512 3185716224
3832717312 3239370752 3206951936
3807289344 3214307328 3181666304
3804454912 3211567104 3178890240
3799826432 3207098368 3174252544
3827744768 3237011456 3204264960
3817553920 3230720000 3197627392
3807293440 3218341888 3185424384
3812130816 3219234816 3186569216
3803381760 3212345344 3179777024
3797639168 3205251072 3172108288
3807358976 3214893056 3181771776
