3814547456 3178483712 3149887488
3742441472 3145867264 3116703744
3741917184 3147636736 3118420992
3741917184 3145334784 3116224512
3741913088 3144753152 3116181504
3742171136 3145420800 3116341248
3742175232 3145555968 3116552192
3741655040 3144949760 3116035072
3742437376 3145814016 3116738560
3741659136 3145482240 3116152832
3741388800 3145129984 3115942912
3742212096 3145793536 3116740608
3742441472 3146035200 3116725248
3742175232 3145785344 3116439552
3741913088 3145490432 3116273664
3742179328 3145662464 3116530688
3741392896 3144495104 3115617280
3741913088 3147116544 3118171136
3742179328 3145551872 3116504064
3741388800 3146973184 3117816832
3742179328 3145363456 3116411904
3742470144 3146027008 3116918784
3742179328 3145641984 3116527616
3741655040 3145068544 3116112896
3742437376 3145601024 3116688384
3741921280 3145543680 3116342272
3741921280 3145113600 3116131328
3741921280 3145072640 3116177408
3742183424 3145469952 3116585984
3741659136 3147501568 3118263296
3741659136 3145068544 3115952128
3741917184 3145412608 3116389376
