3879116800 3245371392 3212320768
3802480640 3209662464 3176763392
3789721600 3199668224 3166340096
3790548992 3198177280 3165069312
3792887808 3199975424 3167241216
3797512192 3206696960 3173841920
3802615808 3210379264 3177134080
3789844480 3197423616 3164206080
3811172352 3218313216 3185497088
3801051136 3208531968 3175522304
3792764928 3200266240 3167137792
3794198528 3203796992 3170625536
3794694144 3203981312 3171105792
3799367680 3208536064 3175845888
3807899648 3219353600 3186030592
3795636224 3203268608 3169941504
3788541952 3195305984 3162962944
3789066240 3197911040 3165483008
3790348288 3197341696 3164591104
3787927552 3197145088 3164300288
3797889024 3204501504 3172105216
3812040704 3218935808 3186521088
3794128896 3201273856 3168632832
3791691776 3198705664 3166035968
3798515712 3205726208 3172880384
3801837568 3211112448 3178365952
3808514048 3221803008 3188714496
3805184000 3216113664 3183203328
3802619904 3209637888 3176972288
3790516224 3199606784 3167038464
3788705792 3196272640 3163129856
3794374656 3201847296 3168737280
