3892711424 3259072512 3226021888
3819094016 3226218496 3193305088
3801481216 3211259904 3177921536
3804008448 3211485184 3178374144
3807121408 3214127104 3181391872
3834822656 3247857664 3214998528
3815223296 3222847488 3189597184
3803496448 3211198464 3177967616
3845107712 3252199424 3219376128
3805196288 3212722176 3179708416
3808837632 3216486400 3183341568
3808587776 3218096128 3184919552
3809095680 3218251776 3185375232
3814957056 3224027136 3191336960
3851747328 3263295488 3229960192
3804164096 3211980800 3178649600
3800326144 3206938624 3174592512
3800776704 3209482240 3177054208
3803582464 3210747904 3177993216
3818119168 3227418624 3194573824
3813371904 3220008960 3187609600
3834122240 3240849408 3208412160
3808546816 3215626240 3182966784
3805769728 3212713984 3180014592
3800977408 3210342400 3177492480
3839041536 3248152576 3215391744
3825799168 3239034880 3205926912
3811057664 3222118400 3189189632
3812917248 3220111360 3187441664
3806412800 3215499264 3182916608
3800215552 3207892992 3174736896
3808727040 3216363520 3183227904
