3837628416 3205255168 3172857856
3769004032 3175444480 3143382016
3765010432 3174064128 3141371904
3765325824 3172384768 3139774464
3765833728 3172421632 3140119552
3766992896 3175997440 3143564288
3764719616 3171782656 3139091456
3764723712 3171930112 3139237888
3766636544 3173171200 3140929536
3763941376 3170906112 3138323456
3765338112 3172290560 3139830784
3766652928 3175440384 3142982656
3766603776 3173515264 3141086208
3767853056 3174543360 3142258688
3764457472 3171676160 3138990080
3765047296 3172282368 3139529728
3764199424 3170525184 3138463744
3764793344 3173257216 3141137408
3764822016 3171475456 3139251200
3763933184 3172569088 3140195328
3767685120 3173969920 3141936128
3766611968 3173212160 3141090304
3766272000 3172773888 3140663296
3765161984 3171745792 3139527680
3764719616 3171495936 3139117056
3764465664 3171217408 3138949120
3764465664 3173466112 3140985856
3778760704 3189276672 3156947968
3764727808 3171577856 3139336192
3765014528 3173613568 3141531648
3764277248 3171180544 3138671616
3766366208 3173335040 3140831232
