3873820672 3240202240 3207166976
3795193856 3202457600 3169566720
3784671232 3194454016 3161125888
3785326592 3192774656 3159675904
3786973184 3194142720 3161408512
3790864384 3200172032 3167321088
3784642560 3192221696 3158983680
3784384512 3192078336 3158872064
3788431360 3195621376 3162809344
3783077888 3190378496 3157372928
3786792960 3194388480 3161260032
3788148736 3197804544 3164637184
3788607488 3198017536 3165161472
3792605184 3201867776 3169180672
3802583040 3213905920 3180587008
3785535488 3193241600 3159925760
3783598080 3190247424 3157908480
3784192000 3192897536 3160469504
3784785920 3191939072 3159192576
3783069696 3192102912 3159266304
3791376384 3198115840 3165719552
3789402112 3196104704 3163691008
3788435456 3195392000 3162758144
3786072064 3193167872 3160502272
3784380416 3191545856 3158711296
3783864320 3193016320 3160278016
3784126464 3193597952 3160513536
3802357760 3213512704 3180603392
3784388608 3191476224 3158815744
3785121792 3194261504 3161701376
3783675904 3191091200 3157956608
3788337152 3195949056 3162843136
