3948949504 3315437568 3282371584
3917516800 3326996480 3294053376
3859755008 3269582848 3236218880
3862700032 3270402048 3237248000
3869339648 3276320768 3243564032
3904557056 3317379072 3284519936
3870220288 3281666048 3248375808
3888713728 3300044800 3266776064
3883970560 3291078656 3258219520
3853660160 3260977152 3227944960
3889029120 3300311040 3267086336
3894308864 3307778048 3274547200
3891900416 3301302272 3268400128
3888656384 3297882112 3265173504
3879927808 3291435008 3258045440
3880882176 3294433280 3261059072
3876519936 3286925312 3254564864
3857866752 3266777088 3234333696
3887931392 3297075200 3264287744
3879165952 3290288128 3257419776
3884613632 3291287552 3258885120
3878445056 3285381120 3252928512
3880783872 3287867392 3255188480
3887325184 3298148352 3265426432
3871899648 3281252352 3248394240
3872100352 3281440768 3248650240
3860074496 3273322496 3240184832
3880607744 3291754496 3258797056
3885547520 3296317440 3263640576
3864051712 3273228288 3240605696
3870797824 3282108416 3248911360
3885408256 3292954624 3259785216
