3882532864 3248762880 3215712256
3807096832 3214323712 3181420544
3793133568 3203014656 3169686528
3794046976 3201630208 3168522240
3796660224 3203743744 3171008512
3820957696 3233812480 3200953344
3814174720 3221901312 3188651008
3793268736 3200790528 3167571968
3829194752 3236335616 3203519488
3804409856 3211792384 3178782720
3796537344 3204026368 3170892800
3797995520 3207573504 3174396928
3798532096 3207761920 3174885376
3803643904 3212787712 3180097536
3813027840 3224367104 3191043072
3797008384 3204657152 3171330048
3791949824 3198660608 3166317568
3792465920 3201273856 3168845824
3793596416 3200770048 3168019456
3791331328 3200483328 3167638528
3802075136 3208724480 3176328192
3826085888 3232886784 3200467968
3797950464 3205099520 3172458496
3795329024 3202334720 3169657856
3799826432 3207008256 3174162432
3819544576 3228704768 3195958272
3809824768 3223142400 3190049792
3807100928 3218026496 3185108992
3811868672 3219111936 3186446336
3794067456 3203174400 3170606080
3792097280 3199598592 3166455808
3798245376 3205681152 3172567040
