3869364224 3235713024 3202727936
3788681216 3195953152 3163082752
3780214784 3189911552 3156627456
3780464640 3188027392 3154952192
3782017024 3189006336 3156300800
3785265152 3194474496 3161647104
3780186112 3187732480 3154521088
3780190208 3187666944 3154479104
3783217152 3190472704 3157672960
3778621440 3185954816 3152962560
3781754880 3189317632 3156211712
3783155712 3192729600 3159580672
3783618560 3192893440 3160051712
3786788864 3195973632 3163293696
3779661824 3187343360 3154049024
3781042176 3188736000 3155461120
3779141632 3185741824 3153408000
3779735552 3188527104 3156112384
3780231168 3187355648 3154629632
3778613248 3187666944 3154854912
3785494528 3192348672 3159962624
3784208384 3190870016 3158475776
3783397376 3190321152 3157694464
3781226496 3188305920 3155668992
3779923968 3187064832 3154247680
3779407872 3186540544 3153809408
3779670016 3189157888 3156084736
3797024768 3207892992 3175006208
3779932160 3187019776 3154383872
3780460544 3189583872 3157049344
3779219456 3186774016 3153645568
3783274496 3190800384 3157709824
