3848626176 3255005184 3223023616
3834114048 3240435712 3208371200
3846717440 3255562240 3223240704
3874164736 3286507520 3254316032
3883372544 3293335552 3261303808
3846520832 3252871168 3220820992
3844108288 3250909184 3218439168
3865821184 3278454784 3246031872
3841118208 3248164864 3215621120
3845996544 3254956032 3222512640
3864215552 3271217152 3238555648
3844308992 3251826688 3218850816
3876331520 3283058688 3250649088
3854589952 3264876544 3232546816
3845238784 3254280192 3221648384
3844538368 3257802752 3224847360
3854118912 3264651264 3232250880
3854340096 3261186048 3228786688
3840909312 3250085888 3217305600
3854249984 3261333504 3228732416
3857379328 3269832704 3237434368
3852853248 3259633664 3227245568
3838476288 3247497216 3214915584
3849367552 3256471552 3223677952
3852029952 3259105280 3226371072
3853422592 3260633088 3227858944
3880452096 3291672576 3258726400
3836706816 3244097536 3211068416
3858280448 3265232896 3232666624
3835244544 3242496000 3209643008
3861008384 3270807552 3237676032
3840348160 3249979392 3216828416
