3857870848 3264217088 3232235520
3838713856 3244990464 3212925952
3856011264 3264860160 3232538624
3883286528 3295600640 3263409152
3892555776 3302490112 3270458368
3853148160 3259486208 3227432960
3853266944 3260051456 3227581440
3874762752 3287384064 3254961152
3848675328 3255713792 3223170048
3846258688 3255197696 3222754304
3864772608 3271782400 3239120896
3853279232 3260796928 3227821056
3887095808 3293827072 3261417472
3854852096 3265114112 3232784384
3845500928 3254530048 3221898240
3856142336 3269320704 3236365312
3874357248 3284852736 3252438016
3870998528 3277852672 3245434880
3849527296 3258937344 3226157056
3863736320 3270766592 3238151168
3869925376 3282358272 3249941504
3853115392 3259895808 3227500544
3843264512 3252273152 3219684352
3849367552 3256700928 3223892992
3852292096 3259383808 3226635264
3853684736 3260903424 3228114944
3881455616 3292696576 3259747328
3841159168 3248766976 3215723520
3869872128 3276861440 3244288000
3839864832 3247091712 3214238720
3875741696 3285417984 3252286464
3844411392 3253993472 3220842496
