3787264000 3193593856 3161655296
3782299648 3188543488 3156504576
3786612736 3195432960 3163159552
3787558912 3196358656 3164225536
3789602816 3195891712 3163901952
3784450048 3190845440 3158815744
3785404416 3192307712 3159879680
3786973184 3193790464 3161424896
3785617408 3192393728 3159923712
3783639040 3190538240 3158128640
3786539008 3193462784 3160857600
3785400320 3192754176 3159853056
3786178560 3193020416 3160658944
3784155136 3190693888 3158402048
3783102464 3192221696 3159621632
3782569984 3191980032 3159095296
3785707520 3192537088 3160189952
3785048064 3191918592 3159539712
3783983104 3193110528 3160387584
3789529088 3196547072 3163986944
3785879552 3194568704 3162207232
3783614464 3190374400 3158042624
3784040448 3191042048 3158501376
3783094272 3190288384 3157577728
3784192000 3191230464 3158516736
3784138752 3191349248 3158630400
3789262848 3196727296 3163837440
3783094272 3190562816 3157559296
3791319040 3198439424 3165903872
3782832128 3190194176 3157382144
3785207808 3195060224 3161996288
3784929280 3192401920 3159313408
