3794694144 3200819200 3168877568
3788386304 3194646528 3162606592
3793874944 3202564096 3170286592
3795288064 3203915776 3171774464
3797356544 3203563520 3171572736
3795214336 3201638400 3169607680
3792388096 3199168512 3166736384
3794219008 3202924544 3170551808
3792343040 3199062016 3166584832
3790057472 3196768256 3164355584
3793637376 3200663552 3168057344
3792220160 3199664128 3166741504
3793354752 3200040960 3167674368
3790327808 3196964864 3164668928
3789537280 3198488576 3165888512
3799277568 3208769536 3175869440
3813347328 3219988480 3187640320
3791527936 3198509056 3166130176
3790385152 3199672320 3166945280
3817803776 3224662016 3192096768
3792711680 3201495040 3169121280
3789725696 3196538880 3164203008
3811000320 3218034688 3185494016
3789303808 3196563456 3163837440
3790626816 3197796352 3165074432
3805208576 3212283904 3179556864
3807940608 3219009536 3186115584
3789463552 3197005824 3163997184
3819712512 3226730496 3194186752
3789086720 3196215296 3163403264
3792351232 3202007040 3168932864
3791335424 3198926848 3165826048
