3741675520 3144241152 3115940864
3741667328 3144712192 3115908096
3741933568 3145187328 3116182528
3742199808 3145478144 3116495872
3742191616 3145420800 3116681216
3741667328 3145175040 3116081152
3741937664 3145220096 3116210176
3741929472 3144867840 3116251136
3742715904 3145990144 3117046784
3741933568 3145240576 3116200960
3741929472 3145400320 3116428288
3742195712 3145261056 3116488704
3741933568 3145256960 3116303360
3742199808 3145457664 3116457984
3741671424 3145318400 3116051456
3741675520 3145109504 3115972608
3741937664 3145265152 3116172288
3742195712 3145940992 3116793856
3741413376 3147157504 3117980672
3741937664 3145306112 3116408832
3741941760 3147354112 3118258176
3741933568 3145392128 3116315648
3741937664 3145502720 3116378112
3741675520 3144982528 3116062720
3742199808 3145510912 3116473344
3742195712 3145629696 3116538880
3742199808 3145510912 3116451840
3741675520 3144933376 3116084224
3742457856 3145609216 3116801024
3742199808 3145383936 3116524544
3741937664 3145371648 3116321792
3742199808 3145535488 3116728320
