3848994816 3255189504 3223207936
3835133952 3241529344 3209464832
3847065600 3255746560 3223425024
3874308096 3286761472 3254569984
3883544576 3293609984 3261578240
3846569984 3253014528 3220964352
3844157440 3251052544 3218582528
3866189824 3278671872 3246248960
3844575232 3251466240 3218922496
3846258688 3255058432 3222615040
3864301568 3271409664 3238748160
3844632576 3251974144 3218998272
3880505344 3287334912 3254925312
3854589952 3264983040 3232653312
3845238784 3254370304 3221738496
3852361728 3265404928 3232449536
3865841664 3276197888 3243784192
3858440192 3265400832 3232998400
3840958464 3250225152 3217444864
3854442496 3261628416 3229014016
3857440768 3270000640 3237588992
3852853248 3259736064 3227347968
3839561728 3248685056 3216100352
3849367552 3256569856 3223762944
3852029952 3259207680 3226473472
3853422592 3260747776 3227960320
3880931328 3291992064 3259045888
3837767680 3245248512 3212206080
3859705856 3266772992 3234199552
3836280832 3243638784 3210785792
3865145344 3274936320 3241804800
3840634880 3250352128 3217201152
