3758878720 3164024832 3133134848
3757658112 3163328512 3132062720
3758956544 3166343168 3135371264
3759054848 3164471296 3133433856
3760295936 3165786112 3134743552
3758444544 3164172288 3132774400
3758972928 3164692480 3133410304
3758616576 3164430336 3133088768
3759927296 3165786112 3134372864
3758473216 3164344320 3132912640
3759202304 3164704768 3133507584
3758944256 3164856320 3133266944
3759108096 3164835840 3133583360
3758727168 3164368896 3133051904
3758198784 3164020736 3132687360
3758190592 3166220288 3134612480
3758698496 3164356608 3133177856
3759284224 3165319168 3133904896
3758551040 3166285824 3134917632
3758751744 3164401664 3133241344
3758780416 3166543872 3135223808
3758710784 3164348416 3132994560
3758862336 3164438528 3133171712
3758190592 3164200960 3132699648
3758764032 3164618752 3133251584
3758972928 3164913664 3133358080
3759235072 3164917760 3133624320
3758190592 3163996160 3132567552
3759902720 3165564928 3134368768
3758190592 3164082176 3132538880
3758698496 3164606464 3133186048
3758977024 3165040640 3133440000
