3779825664 3186192384 3154255872
3776008192 3182424064 3150391296
3779751936 3188482048 3156231168
3780206592 3188985856 3156871168
3782066176 3188420608 3156432896
3777949696 3184267264 3152241664
3778785280 3185496064 3153073152
3779932160 3186540544 3154198528
3779063808 3185893376 3153440768
3777609728 3184267264 3151874048
3779452928 3186495488 3153922048
3778736128 3186016256 3153143808
3779584000 3186307072 3153958912
3777601536 3184263168 3151987712
3776811008 3185852416 3153274880
3776540672 3185913856 3153061888
3778916352 3185528832 3153187840
3778494464 3185397760 3153033216
3777368064 3186688000 3153992704
3781566464 3188518912 3155983360
3778985984 3187732480 3155406848
3777323008 3183960064 3151659008
3777748992 3184574464 3152055296
3776802816 3184021504 3151349760
3777638400 3184848896 3152172032
3777847296 3185012736 3152332800
3781607424 3189092352 3156237312
3776802816 3184164864 3151224832
3783462912 3190349824 3157841920
3776540672 3183886336 3151091712
3778494464 3188224000 3155206144
3778375680 3185893376 3152868352
