3870416896 3276558336 3244580864
3852763136 3259224064 3227159552
3868536832 3277258752 3244937216
3894087680 3306557440 3274345472
3907837952 3317952512 3285913600
3861663744 3268030464 3235977216
3865280512 3272130560 3239651328
3885248512 3297673216 3265244160
3880792064 3291369472 3258825728
3868332032 3277336576 3244893184
3868930048 3276009472 3243347968
3886452736 3297460224 3264484352
3888943104 3295768576 3263367168
3878973440 3289313280 3256983552
3875098624 3284107264 3251475456
3891789824 3304931328 3271975936
3900100608 3312685056 3280274432
3890495488 3297447936 3265030144
3861585920 3272884224 3240120320
3877597184 3284721664 3252106240
3891658752 3304153088 3271736320
3856523264 3263311872 3230902272
3858472960 3267506176 3234903040
3863277568 3270598656 3237776384
3878182912 3289051136 3256302592
3864408064 3271729152 3238930432
3906105344 3317133312 3284165632
3869073408 3280433152 3247382528
3885649920 3292512256 3259928576
3854360576 3261571072 3228703744
3883778048 3293548544 3260408832
3879780352 3289497600 3256318976
