3846316032 3252518912 3220538368
3830628352 3237040128 3204976640
3846500352 3255185408 3222863872
3862245376 3274653696 3242496000
3878924288 3288952832 3256934400
3846115328 3252563968 3220517888
3841642496 3248533504 3216067584
3861815296 3274264576 3241859072
3837493248 3244359680 3211819008
3845996544 3254775808 3222341632
3863773184 3270860800 3238207488
3844177920 3251511296 3218536448
3863654400 3270488064 3238082560
3846705152 3257151488 3224821760
3844976640 3254136832 3221505024
3844538368 3257638912 3224691712
3853864960 3264204800 3231837184
3841777664 3248705536 3216306176
3840540672 3249815552 3217035264
3853561856 3260719104 3228146688
3856986112 3269513216 3237118976
3852591104 3259469824 3227085824
3834806272 3243925504 3211343872
3849105408 3256328192 3223534592
3851767808 3258941440 3226215424
3853160448 3260456960 3227682816
3879981056 3291004928 3258058752
3833077760 3240579072 3207549952
3855200256 3262304256 3229742080
3831631872 3238985728 3206140928
3848364032 3258118144 3225006080
3840086016 3249778688 3216638976
