3858329600 3264499712 3232518144
3840786432 3247144960 3215080448
3856433152 3265114112 3232792576
3887431680 3299860480 3267668992
3892957184 3303014400 3270982656
3855282176 3261718528 3229665280
3853389824 3260260352 3227790336
3875254272 3287707648 3255284736
3848937472 3255824384 3223280640
3846520832 3255283712 3222840320
3864928256 3272044544 3239383040
3855761408 3263119360 3230143488
3887214592 3294040064 3261630464
3854852096 3265228800 3232899072
3845500928 3254607872 3221976064
3856142336 3269443584 3236488192
3878350848 3290963968 3258549248
3879198720 3286167552 3253749760
3849908224 3259158528 3226378240
3864133632 3271254016 3238638592
3873837056 3286396928 3253980160
3853115392 3259990016 3227594752
3845492736 3254587392 3221998592
3849629696 3256807424 3223999488
3852292096 3259482112 3226733568
3853684736 3261001728 3228213248
3882127360 3293224960 3260275712
3843534848 3250966528 3217923072
3870380032 3277471744 3244898304
3842027520 3249344512 3216491520
3875872768 3285635072 3252503552
3846664192 3256348672 3223197696
