3757686784 3162800128 3132021760
3756871680 3162263552 3131127808
3758071808 3165155328 3134326784
3758125056 3163308032 3132322816
3759292416 3164545024 3133589504
3757395968 3163181056 3131869184
3758137344 3163561984 3132411904
3757756416 3163254784 3132022784
3758878720 3164643328 3133375488
3757686784 3163238400 3131966464
3758055424 3163607040 3132515328
3757858816 3163672576 3132250112
3758272512 3163738112 3132594176
3757678592 3163316224 3132124160
3757412352 3162943488 3131743232
3757142016 3165093888 3133628416
3757813760 3163148288 3132096512
3758211072 3164127232 3132848128
3757465600 3165077504 3133907968
3757731840 3163074560 3132027904
3757694976 3165405184 3134218240
3757662208 3163267072 3132026880
3757801472 3163312128 3132164096
3757404160 3163123712 3131734016
3757977600 3163545600 3132297216
3757924352 3163860992 3132400640
3758075904 3163697152 3132538880
3757142016 3162931200 3131611136
3758886912 3164295168 3133155328
3757142016 3163029504 3131595776
3757551616 3163332608 3132075008
3757928448 3163873280 3132425216
