3821363200 3227660288 3195723776
3810422784 3216736256 3184672768
3820081152 3228631040 3196350464
3822137344 3230908416 3198772224
3844468736 3254366208 3222365184
3816382464 3222695936 3190649856
3818065920 3224788992 3192356864
3832213504 3244822528 3216143360
3815297024 3222220800 3189729280
3817558016 3226460160 3194036224
3841253376 3248123904 3215529984
3817918464 3225321472 3192403968
3819286528 3225968640 3193602048
3846180864 3256430592 3224137728
3821154304 3230216192 3197614080
3828592640 3238096896 3205188608
3847737344 3258163200 3225834496
3814813696 3221811200 3189431296
3815084032 3224559616 3191828480
3850178560 3257143296 3224602624
3818418176 3227103232 3194740736
3829518336 3236270080 3203928064
3815931904 3222876160 3190329344
3819274240 3226324992 3193576448
3813634048 3220717568 3187994624
3821891584 3229028352 3196286976
3848323072 3259392000 3226488832
3811962880 3219582976 3186571264
3851100160 3257946112 3225435136
3811160064 3218411520 3185588224
3828473856 3238080512 3204994048
3829051392 3236757504 3203646464
