3770187776 3176443904 3144571904
3767357440 3173691392 3141680128
3769982976 3178622976 3146500096
3770662912 3176964096 3144998912
3772006400 3178360832 3146425344
3768893440 3175182336 3143183360
3769442304 3176267776 3143948288
3770015744 3176624128 3144414208
3769888768 3176665088 3144329216
3768696832 3175378944 3143057408
3769937920 3176845312 3144452096
3769245696 3176312832 3143586816
3769987072 3176722432 3144481792
3768688640 3175247872 3143062528
3768160256 3176923136 3144523776
3768152064 3177205760 3144540160
3769421824 3176001536 3143741440
3769319424 3176128512 3143878656
3768635392 3177562112 3145040896
3771326464 3178135552 3145776128
3769470976 3178213376 3145974784
3768410112 3174948864 3142755328
3768573952 3175387136 3143070720
3768152064 3175002112 3142495232
3768725504 3175694336 3143235584
3768934400 3175784448 3143333888
3771506688 3178577920 3145922560
3767889920 3175059456 3142326272
3772669952 3179499520 3147189248
3767627776 3174707200 3142110208
3769323520 3178770432 3145990144
3769200640 3176599552 3143791616
