3849859072 3256184832 3224203264
3836121088 3242639360 3210574848
3848048640 3256868864 3224547328
3874799616 3287134208 3254942720
3884036096 3293958144 3261926400
3846905856 3253215232 3221165056
3845361664 3252129792 3219659776
3866349568 3278966784 3246543872
3848675328 3255685120 3223141376
3846258688 3255177216 3222733824
3864686592 3271671808 3239010304
3845349376 3252846592 3219870720
3880841216 3287547904 3255138304
3854589952 3265093632 3232763904
3845500928 3254509568 3221877760
3852361728 3265527808 3232572416
3865985024 3276464128 3244049408
3862798336 3269636096 3237226496
3841679360 3251073024 3218292736
3855560704 3262566400 3229950976
3857801216 3270254592 3237841920
3853115392 3259871232 3227475968
3840860160 3249852416 3217263616
3849367552 3256684544 3223876608
3852292096 3259367424 3226618880
3853684736 3260887040 3228098560
3881234432 3292450816 3259501568
3838783488 3246370816 3213327360
3861483520 3268452352 3235878912
3837554688 3244756992 3211904000
3869544448 3279208448 3246076928
3841708032 3251539968 3218388992
