3764969472 3170902016 3139293184
3762638848 3168923648 3137087488
3764830208 3173093376 3141313536
3765219328 3171143680 3139495936
3766611968 3172630528 3140929536
3763896320 3170127872 3138231296
3764850688 3171160064 3139115008
3764551680 3171049472 3139035136
3765170176 3171635200 3139555328
3763716096 3170340864 3138223104
3764940800 3171377152 3139313664
3764105216 3171012608 3138614272
3764703232 3171127296 3139165184
3763970048 3170287616 3138329600
3763441664 3171872768 3139837952
3763433472 3172278272 3139854336
3764412416 3170693120 3138770944
3764600832 3171102720 3139080192
3763654656 3172454400 3140270080
3765854208 3172200448 3140271104
3764436992 3172798464 3140853760
3763691520 3170193408 3138199552
3764117504 3170410496 3138430976
3763433472 3169996800 3137824768
3764006912 3170480128 3138424832
3764215808 3170652160 3138516992
3765628928 3172298752 3140168704
3763171328 3170017280 3137736704
3766841344 3173240832 3141366784
3763171328 3169857536 3137558528
3764424704 3171282944 3139011584
3764482048 3171336192 3138930688
