3783909376 3190206464 3158301696
3779416064 3185868800 3153833984
3783700480 3192360960 3160092672
3784216576 3192971264 3160846336
3786194944 3192430592 3160539136
3781693440 3187937280 3155907584
3782303744 3189084160 3156746240
3783737344 3190398976 3158196224
3782733824 3189571584 3157105664
3781017600 3187671040 3155265536
3783376896 3190325248 3157727232
3782311936 3189723136 3156830208
3783401472 3189911552 3157696512
3781271552 3187720192 3155530752
3780218880 3189399552 3156800512
3779948544 3189297152 3156429824
3782565888 3189424128 3157080064
3782164480 3189067776 3156689920
3781038080 3190231040 3157515264
3785916416 3192819712 3160341504
3782811648 3191472128 3159126016
3780730880 3187523584 3155200000
3781156864 3188150272 3155619840
3780472832 3187552256 3154849792
3781308416 3188379648 3155670016
3781517312 3188588544 3155880960
3785809920 3193225216 3160339456
3780210688 3187728384 3154740224
3787575296 3194671104 3162141696
3780210688 3187380224 3154568192
3782332416 3191951360 3158909952
3782045696 3189538816 3156457472
