3832201216 3238477824 3206520832
3814694912 3221078016 3189014528
3830513664 3239280640 3206988800
3833241600 3242016768 3209860096
3853434880 3263291392 3231282176
3826749440 3233050624 3201004544
3828596736 3235295232 3202854912
3836534784 3249094656 3216696320
3820007424 3226976256 3194480640
3817820160 3226697728 3194269696
3862298624 3269177344 3236559872
3828576256 3235966976 3203028992
3829952512 3236626432 3204238336
3846443008 3256700928 3224385536
3821416448 3230445568 3197835264
3844014080 3257159680 3224237056
3848265728 3258691584 3226322944
3819495424 3226578944 3194189824
3825405952 3234742272 3201990656
3850960896 3257942016 3225356288
3828752384 3237675008 3205279744
3842080768 3248807936 3216434176
3818221568 3227144192 3194579968
3819274240 3226587136 3193815040
3818016768 3225374720 3192640512
3834449920 3241545728 3208785920
3849048064 3260137472 3227205632
3816382464 3224092672 3191070720
3852066816 3258945536 3226393600
3815567360 3222634496 3189950464
3835105280 3244691456 3211588608
3839561728 3247235072 3214119936
