3766439936 3172577280 3140851712
3763949568 3170275328 3138334720
3766534144 3174785024 3142827008
3766702080 3172798464 3141042176
3768057856 3174285312 3142497280
3765313536 3171635200 3139677184
3766210560 3172683776 3140499456
3766267904 3172638720 3140509696
3766480896 3173040128 3140868096
3765288960 3171827712 3139611648
3766337536 3172937728 3140728832
3765465088 3172560896 3140009984
3766374400 3172749312 3140681728
3765280768 3171766272 3139682304
3764752384 3173322752 3141140480
3764744192 3173703680 3141164032
3765809152 3172233216 3140160512
3765911552 3172552704 3140428800
3764965376 3173949440 3141597184
3767398400 3173949440 3141804032
3765858304 3174420480 3142312960
3765002240 3171577856 3139484672
3765166080 3171819520 3139686400
3764744192 3171500032 3139159040
3765317632 3171995648 3139763200
3765526528 3172171776 3139887104
3767218176 3174187008 3141801984
3764482048 3171577856 3139054592
3768692736 3175133184 3143064576
3764482048 3171237888 3138827264
3765796864 3172880384 3140413440
3765792768 3172864000 3140314112
