3861024768 3267383296 3235401728
3844112384 3250622464 3218557952
3861348352 3269976064 3237654528
3892498432 3304828928 3272637440
3897970688 3307982848 3275951104
3855998976 3262361600 3230308352
3856154624 3262918656 3230448640
3875962880 3288555520 3256132608
3872849920 3283341312 3250797568
3847954432 3256881152 3224437760
3865780224 3272843264 3240181760
3856576512 3263860736 3230884864
3887923200 3294695424 3262285824
3866902528 3277185024 3244855296
3846664192 3255894016 3223262208
3860512768 3273691136 3240735744
3879276544 3291803648 3259388928
3889971200 3296882688 3264464896
3852427264 3261845504 3229065216
3867484160 3274543104 3241927680
3882295296 3294765056 3262348288
3853639680 3260403712 3228008448
3849306112 3258286080 3225697280
3849891840 3257225216 3224417280
3852816384 3259920384 3227171840
3854209024 3261452288 3228663808
3895582720 3306795008 3273845760
3864834048 3276120064 3243076608
3873951744 3281002496 3248429056
3845644288 3252813824 3219960832
3876581376 3286274048 3253142528
3850489856 3260104704 3226953728
