3747442688 3151294464 3121785856
3747172352 3151257600 3121379328
3747700736 3152261120 3122145280
3747966976 3152224256 3122335744
3748483072 3153072128 3122903040
3747434496 3151876096 3121774592
3747704832 3152351232 3122194432
3747696640 3151990784 3121994752
3748745216 3153244160 3123151872
3747700736 3152228352 3122019328
3747958784 3152351232 3122292736
3747700736 3152351232 3122116608
3747962880 3152474112 3122378752
3747704832 3152400384 3122205696
3747438592 3151986688 3121751040
3747180544 3152007168 3121657856
3747442688 3151953920 3121928192
3748225024 3152883712 3122683904
3747442688 3154006016 3123864576
3747704832 3152130048 3121970176
3747708928 3154104320 3124184064
3747700736 3152195584 3122080768
3747704832 3152310272 3121994752
3747180544 3152035840 3121775616
3747966976 3152134144 3122309120
3747962880 3152433152 3122356224
3747966976 3152310272 3122364416
3747442688 3151695872 3121741824
3748225024 3152490496 3122651136
3747704832 3152097280 3121958912
3747442688 3152015360 3121930240
3747966976 3152285696 3122489344
