3845595136 3251949568 3219977216
3826475008 3232780288 3200716800
3843846144 3252682752 3220365312
3858018304 3270311936 3238125568
3878363136 3288268800 3256252416
3845885952 3252211712 3220161536
3841409024 3248177152 3215721472
3861065728 3273666560 3241252864
3835097088 3242094592 3209575424
3845734400 3254665216 3222223872
3863408640 3270352896 3237712896
3843706880 3251159040 3218205696
3851169792 3257888768 3225487360
3846705152 3257024512 3224695808
3842928640 3251953664 3219347456
3844276224 3257479168 3224544256
3849437184 3259957248 3227572224
3832336384 3239137280 3206745088
3838042112 3247435776 3214676992
3852836864 3259867136 3227281408
3841986560 3250692096 3218293760
3852591104 3259363328 3226975232
3830415360 3239411712 3206830080
3836805120 3243921408 3211127808
3851767808 3258830848 3226096640
3853160448 3260313600 3227539456
3870945280 3282059264 3249113088
3828473856 3236118528 3203089408
3854352384 3261308928 3228750848
3827449856 3234697216 3201848320
3835936768 3245588480 3212478464
3840086016 3249643520 3216514048
