3779813376 3185975296 3154083840
3776008192 3182219264 3150223360
3779739648 3188228096 3156045824
3780194304 3188674560 3156695040
3781779456 3188178944 3156228096
3777687552 3183992832 3152073728
3778523136 3185258496 3152888832
3779657728 3186307072 3154014208
3778801664 3185623040 3153285120
3777347584 3184070656 3151722496
3779440640 3186307072 3153778688
3778461696 3185778688 3152971776
3779301376 3186069504 3153774592
3777339392 3184037888 3151848448
3776548864 3185631232 3153131520
3776278528 3185512448 3152926720
3778641920 3185233920 3153048576
3778232320 3185172480 3152885760
3777347584 3186450432 3153853440
3781279744 3188297728 3155856384
3778711552 3187449856 3155279872
3777060864 3183751168 3151541248
3777486848 3184373760 3151940608
3776802816 3183742976 3151226880
3777638400 3184656384 3152057344
3777847296 3184693248 3152204800
3781582848 3188846592 3156114432
3776540672 3183902720 3151106048
3783176192 3190116352 3157706752
3776540672 3183702016 3150967808
3778482176 3187994624 3155083264
3778113536 3185668096 3152757760
