3751366656 3155881984 3125675008
3751096320 3158077440 3127643136
3751096320 3155824640 3125486592
3751358464 3156148224 3125702656
3751354368 3156279296 3125787648
3751096320 3155972096 3125469184
3751620608 3156430848 3125877760
3751878656 3158831104 3128287232
3750834176 3155783680 3125328896
3751358464 3156381696 3125787648
3751100416 3156086784 3125562368
3751616512 3156680704 3126091776
3751096320 3156066304 3125527552
3751620608 3156594688 3125931008
3751890944 3156824064 3126208512
3751354368 3156344832 3125638144
3751354368 3156164608 3125769216
3751096320 3156127744 3125620736
3751620608 3158401024 3127922688
3751092224 3156140032 3125585920
3751628800 3156414464 3126027264
3751616512 3156570112 3126050816
3751104512 3156127744 3125456896
3751882752 3156897792 3126266880
3751362560 3156107264 3125826560
3751886848 3156828160 3126206464
3751358464 3157983232 3127797760
3751096320 3156070400 3125593088
3750834176 3155914752 3125371904
3750838272 3155931136 3125283840
3751628800 3156418560 3125936128
3752148992 3156926464 3126506496
