3777843200 3183869952 3151992832
3780415488 3188989952 3156951040
3777572864 3184304128 3151969280
3778097152 3186655232 3154407424
3778093056 3184443392 3152480256
3777323008 3184013312 3151908864
3777835008 3184652288 3152215040
3778879488 3187519488 3155229696
3777310720 3184058368 3151647744
3777572864 3184193536 3151954944
3781087232 3188072448 3155576832
3778355200 3185491968 3152740352
3777835008 3184472064 3152087040
3778699264 3185283072 3153133568
3780255744 3187408896 3154788352
3778093056 3185156096 3152439296
3779919872 3186720768 3154377728
3777572864 3184168960 3151864832
3779186688 3188314112 3155639296
3779776512 3187023872 3154249728
3778154496 3184898048 3152483328
3779710976 3186176000 3154017280
3782225920 3189170176 3156724736
3778883584 3186094080 3153330176
3777576960 3184865280 3152092160
3779420160 3186470912 3153757184
3780124672 3189424128 3156519936
3780284416 3187838976 3154835456
3777310720 3184185344 3151644672
3777576960 3184623616 3151895552
3777843200 3185397760 3152279552
3778101248 3187720192 3154528256
