3837591552 3243753472 3211859968
3847970816 3256303616 3224235008
3857428480 3267870720 3235454976
3857481728 3266138112 3233822720
3870576640 3276840960 3244830720
3856494592 3263209472 3231063040
3841523712 3248386048 3215891456
3856830464 3269427200 3237061632
3836600320 3243433984 3210980352
3854643200 3265093632 3232773120
3876663296 3283607552 3251034112
3842785280 3250098176 3217265664
3837112320 3243921408 3211486208
3841277952 3248001024 3215797248
3869724672 3280408576 3247728640
3847491584 3254755328 3222002688
3859140608 3265855488 3233487872
3837202432 3244015616 3211658240
3856506880 3269406720 3236662272
3854168064 3261435904 3228609536
3871797248 3282288640 3249839104
3844423680 3250999296 3218807808
3885105152 3295657984 3263161344
3877437440 3288440832 3255619584
3836985344 3244359680 3211542528
3858276352 3269353472 3236601856
3846189056 3255717888 3222745088
3848032256 3255582720 3222497280
3837640704 3244503040 3211919360
3857055744 3264217088 3231440896
3843911680 3251597312 3218407424
3860480000 3273891840 3240624128
