3739045888 3140722688 3113310208
3739037696 3143266304 3115359232
3738775552 3141255168 3113246720
3739037696 3141746688 3113502720
3739033600 3141128192 3113296896
3739037696 3141804032 3113545728
3739037696 3141296128 3113263104
3739295744 3143544832 3115594752
3738775552 3141079040 3113063424
3738775552 3141398528 3113238528
3738779648 3141271552 3113243648
3739295744 3141574656 3113590784
3739037696 3141464064 3113281536
3739037696 3141414912 3113336832
3739045888 3141718016 3113498624
3739033600 3141709824 3113421824
3739033600 3141681152 3113418752
3739037696 3141734400 3113550848
3739037696 3143569408 3115488256
3739033600 3141619712 3113466880
3739308032 3141890048 3113656320
3739033600 3141472256 3113433088
3738783744 3141406720 3113280512
3739299840 3141898240 3113675776
3739041792 3141681152 3113504768
3739041792 3141636096 3113517056
3739037696 3143725056 3115465728
3738775552 3141074944 3113134080
3738775552 3141160960 3113168896
3738779648 3141316608 3113186304
3739045888 3141681152 3113415680
3739303936 3141656576 3113676800
