3780988928 3187236864 3155356672
3784450048 3192815616 3160773632
3780980736 3187703808 3155342336
3781505024 3190034432 3157764096
3781763072 3187945472 3155979264
3780730880 3187400704 3155294208
3781242880 3188080640 3155637248
3782287360 3190972416 3158660096
3780456448 3187376128 3154955264
3780980736 3187666944 3155397632
3784941568 3191963648 3159447552
3781763072 3188867072 3156088832
3780980736 3187838976 3155436544
3782168576 3188727808 3156564992
3783954432 3191111680 3158478848
3781238784 3188432896 3155698688
3783581696 3190366208 3158021120
3780718592 3187531776 3155211264
3782688768 3191750656 3159069696
3783450624 3190804480 3158016000
3781562368 3188338688 3155908608
3783274496 3189706752 3157534720
3786371072 3193331712 3160872960
3782291456 3189534720 3156757504
3780984832 3188310016 3155524608
3782909952 3189944320 3157222400
3783778304 3193106432 3160181760
3784056832 3191738368 3158692864
3780718592 3187597312 3155037184
3780984832 3188080640 3155328000
3780988928 3188678656 3155533824
3781246976 3191111680 3157885952
