3852337152 3258601472 3226686464
3888082944 3300282368 3268213760
3873574912 3284172800 3251742720
3858268160 3267035136 3234712576
3871363072 3277709312 3245699072
3857543168 3264049152 3231902720
3863445504 3270447104 3237952512
3888316416 3300765696 3268400128
3857084416 3263995904 3231542272
3866914816 3277201408 3244880896
3879342080 3286458368 3253877760
3881078784 3291947008 3259099136
3851694080 3258601472 3226166272
3856224256 3262910464 3230685184
3879776256 3290652672 3257958400
3867955200 3275141120 3242366976
3866935296 3273814016 3241432064
3857448960 3264327680 3231941632
3885588480 3298435072 3265647616
3866472448 3273748480 3240886272
3872583680 3283312640 3250841600
3865182208 3271680000 3239459840
3892576256 3303325696 3270778880
3878621184 3289575424 3256692736
3851976704 3259244544 3226391552
3879718912 3290636288 3257866240
3887235072 3298410496 3265375232
3878572032 3289968640 3256833024
3852550144 3259539456 3226934272
3864375296 3271626752 3238850560
3871756288 3279355904 3246125056
3865198592 3278733312 3245436928
