3812401152 3218595840 3186709504
3830071296 3238600704 3206556672
3801382912 3208179712 3175792640
3801923584 3210575872 3178287104
3823423488 3229798400 3197809664
3800846336 3207503872 3175386112
3818803200 3225661440 3193206784
3802783744 3211608064 3179271168
3822620672 3229499392 3197075456
3801239552 3207950336 3175662592
3809386496 3216228352 3183694848
3801718784 3209064448 3176258560
3810844672 3217711104 3185295360
3815878656 3222552576 3190377472
3807256576 3214258176 3181606912
3801526272 3208785920 3176041472
3806859264 3213574144 3181220864
3809619968 3216429056 3184087040
3804712960 3213848576 3181140992
3808018432 3215196160 3182403584
3802083328 3208880128 3176441856
3825840128 3232411648 3200220160
3812110336 3218944000 3186461696
3803226112 3210428416 3177632768
3800858624 3208200192 3175401472
3816656896 3223875584 3191130112
3806765056 3216273408 3183323136
3807690752 3215286272 3182212096
3813089280 3220062208 3187489792
3802050560 3209203712 3176441856
3800690688 3208368128 3175211008
3801239552 3210899456 3177664512
