3783086080 3189121024 3157240832
3786563584 3195015168 3162973184
3782815744 3189616640 3157251072
3783340032 3191955456 3159685120
3783598080 3189882880 3157908480
3782565888 3189272576 3157168128
3783077888 3190013952 3157569536
3784122368 3192868864 3160554496
3782553600 3189260288 3156838400
3783077888 3189624832 3157351424
3787354112 3194281984 3161756672
3783598080 3190718464 3157935104
3783077888 3189743616 3157337088
3784065024 3190718464 3158549504
3786235904 3193249792 3160613888
3783073792 3190345728 3157604352
3785875456 3192553472 3160204288
3782815744 3189420032 3157099520
3784609792 3193835520 3161154560
3785715712 3192893440 3160104960
3783397376 3190226944 3157796864
3785207808 3191746560 3159574528
3788980224 3195793408 3163323392
3784126464 3191472128 3158694912
3782819840 3190165504 3157376000
3784794112 3191881728 3159159808
3785793536 3195260928 3162317824
3786432512 3194011648 3160951808
3782553600 3189477376 3156917248
3782819840 3189989376 3157236736
3782823936 3190530048 3157385216
3783344128 3193008128 3159782400
