3757920256 3162914816 3132129280
3757907968 3165417472 3134443520
3757649920 3162943488 3131975680
3757912064 3163410432 3132280832
3758170112 3163496448 3132452864
3757662208 3163246592 3131993088
3757912064 3163734016 3132397568
3758170112 3165966336 3134686208
3757649920 3163090944 3131968512
3757912064 3163549696 3132367872
3758137344 3163357184 3132378112
3758432256 3164098560 3132740608
3757649920 3163123712 3132001280
3757973504 3163688960 3132479488
3758604288 3164237824 3132955648
3757645824 3163574272 3132162048
3758055424 3163504640 3132459008
3757649920 3163201536 3132050432
3758182400 3166019584 3134747648
3757805568 3163664384 3132278784
3757969408 3163713536 3132416000
3758268416 3163791360 3132584960
3757998080 3163672576 3132437504
3758698496 3164495872 3132996608
3757916160 3163734016 3132394496
3758440448 3164270592 3132835840
3758370816 3165843456 3134742528
3758227456 3163967488 3132572672
3757387776 3162894336 3131759616
3757391872 3163271168 3131863040
3758182400 3164065792 3132645376
3758440448 3166502912 3134896128
