3845746688 3251826688 3219911680
3868504064 3280719872 3248659456
3857690624 3268333568 3235911680
3857743872 3266572288 3234249728
3870838784 3277234176 3245228032
3857018880 3263606784 3231464448
3845754880 3252531200 3220036608
3865010176 3277479936 3245114368
3856560128 3263512576 3231058944
3866390528 3276742656 3244426240
3878268928 3285139456 3252562944
3857993728 3265220608 3232376832
3845189632 3251879936 3219448832
3849146368 3255820288 3223602176
3878768640 3289645056 3256950784
3848015872 3255222272 3222448128
3866394624 3273039872 3240672256
3857186816 3263905792 3231519744
3869151232 3281993728 3249224704
3855237120 3262504960 3229660160
3872321536 3282776064 3250316288
3854028800 3260547072 3228326912
3887230976 3297751040 3265218560
3877961728 3288969216 3256104960
3845111808 3252408320 3219581952
3867115520 3278016512 3245246464
3870650368 3281821696 3248808960
3877502976 3288911872 3255783424
3845607424 3252637696 3220036608
3863678976 3270991872 3238215680
3846635520 3254272000 3221052416
3860742144 3274371072 3241085952
