3819118592 3225157632 3193271296
3832307712 3240726528 3208682496
3845308416 3255853056 3223465984
3821850624 3230633984 3198344192
3824209920 3230691328 3198702592
3843670016 3250200576 3218082816
3819589632 3226525696 3194071040
3821162496 3229999104 3197662208
3823669248 3230363648 3197939712
3831873536 3242139648 3209848832
3842535424 3249541120 3217006592
3821764608 3228930048 3196120064
3818881024 3225571328 3193151488
3826331648 3232923648 3200744448
3836817408 3247603712 3214952448
3821600768 3228729344 3195984896
3830321152 3237142528 3204789248
3820744704 3227435008 3195092992
3832348672 3241644032 3208936448
3837886464 3244978176 3212181504
3820126208 3227054080 3194611712
3827437568 3233878016 3201686528
3868995584 3275767808 3243285504
3838599168 3249635328 3216832512
3818659840 3225899008 3193100288
3842490368 3253268480 3220519936
3829956608 3239587840 3206629376
3831640064 3239108608 3206030336
3820937216 3227922432 3195342848
3825389568 3232649216 3199887360
3843387392 3250950144 3217789952
3823198208 3233001472 3199756288
