3779940352 3186032640 3154173952
3782991872 3191398400 3159398400
3779670016 3186368512 3154129920
3780194304 3188776960 3156585472
3780452352 3186634752 3154725888
3779682304 3186053120 3154086912
3779932160 3186831360 3154405376
3780976640 3189751808 3157443584
3779407872 3186180096 3153788928
3779932160 3186475008 3154219008
3783725056 3190583296 3158071296
3780452352 3187654656 3154906112
3779932160 3186536448 3154276352
3780833280 3187486720 3155359744
3782787072 3189747712 3157154816
3780190208 3187167232 3154542592
3782152192 3188985856 3156669440
3779670016 3186229248 3154002944
3781332992 3190530048 3157852160
3782303744 3189403648 3156647936
3780251648 3187113984 3154712576
3781894144 3188367360 3156228096
3785019392 3191767040 3159348224
3781242880 3188310016 3155569664
3779936256 3186991104 3154316288
3781574656 3188633600 3155988480
3782356992 3191754752 3158874112
3782864896 3190222848 3157302272
3779407872 3186372608 3153820672
3779674112 3186757632 3154110464
3779940352 3187499008 3154411520
3780198400 3189923840 3156728832
