3836538880 3242614784 3210721280
3847598080 3256094720 3224026112
3857166336 3267768320 3235353600
3857219584 3266048000 3233733632
3866214400 3272642560 3240637440
3856494592 3263107072 3230961664
3841523712 3248279552 3215806464
3856830464 3269345280 3236980736
3835564032 3242303488 3209858048
3854643200 3264999424 3232679936
3876470784 3283324928 3250755584
3842785280 3250008064 3217179648
3836080128 3242795008 3210363904
3841277952 3247910912 3215710208
3865604096 3276439552 3243767808
3847491584 3254669312 3221916672
3859066880 3265691648 3233324032
3836137472 3242844160 3210486784
3856482304 3269287936 3236543488
3854082048 3261259776 3228433408
3860406272 3271073792 3238624256
3844362240 3250860032 3218668544
3884625920 3295342592 3262845952
3877437440 3288326144 3255504896
3835912192 3243188224 3210371072
3858251776 3269218304 3236469760
3846115328 3255533568 3222560768
3847925760 3255406592 3222321152
3836321792 3243347968 3210764288
3857055744 3264122880 3231346688
3843911680 3251503104 3218313216
3860217856 3273785344 3240517632
