3848990720 3255205888 3223290880
3887898624 3300024320 3267955712
3873574912 3284090880 3251660800
3858268160 3266981888 3234659328
3871363072 3277639680 3245629440
3857281024 3264000000 3231853568
3857297408 3264290816 3231796224
3876917248 3289296896 3256931328
3857084416 3263934464 3231480832
3866652672 3277135872 3244815360
3879014400 3286069248 3253488640
3873419264 3284504576 3251656704
3848417280 3255263232 3222828032
3852767232 3259387904 3227165696
3879571456 3290378240 3257683968
3855654912 3262779392 3230005248
3866804224 3273613312 3241231360
3857448960 3264286720 3231900672
3877044224 3290095616 3257308160
3858403328 3265626112 3232763904
3872583680 3283243008 3250771968
3856928768 3263623168 3231403008
3892056064 3302744064 3270197248
3878359040 3289477120 3256594432
3848638464 3255844864 3223000064
3871481856 3282362368 3249592320
3874832384 3286212608 3253177344
3878342656 3289653248 3256520704
3849170944 3256098816 3223493632
3864313856 3271512064 3238735872
3859197952 3266998272 3233779712
3861266432 3274842112 3241545728
