3757920256 3162923008 3132132352
3757907968 3165421568 3134446592
3757649920 3162955776 3131977728
3757912064 3163418624 3132284928
3758170112 3163508736 3132456960
3757662208 3163250688 3131997184
3757912064 3163738112 3132401664
3758170112 3165978624 3134691328
3757649920 3163099136 3131972608
3757912064 3163557888 3132371968
3758137344 3163365376 3132381184
3758432256 3164110848 3132744704
3757649920 3163131904 3132004352
3757973504 3163693056 3132483584
3758604288 3164241920 3132958720
3757645824 3163578368 3132166144
3758055424 3163512832 3132462080
3757649920 3163205632 3132053504
3758182400 3166027776 3134752768
3757805568 3163676672 3132282880
3757969408 3163725824 3132420096
3758268416 3163799552 3132588032
3757998080 3163680768 3132442624
3758698496 3164508160 3132999680
3757916160 3163738112 3132399616
3758440448 3164274688 3132837888
3758370816 3165863936 3134748672
3758227456 3163996160 3132579840
3757387776 3162902528 3131766784
3757391872 3163295744 3131868160
3758182400 3164078080 3132649472
3758440448 3166507008 3134900224
