3749007360 3153002496 3123263488
3748737024 3155144704 3125120000
3748737024 3153162240 3123018752
3748737024 3153297408 3123168256
3748995072 3153555456 3123264512
3748737024 3153055744 3123005440
3748999168 3153727488 3123458048
3749257216 3155763200 3125731328
3748474880 3153100800 3122888704
3748737024 3153489920 3123163136
3748741120 3153199104 3123019776
3749257216 3153874944 3123548160
3748737024 3153240064 3123045376
3748999168 3153776640 3123388416
3749269504 3153887232 3123648512
3748732928 3153756160 3123265536
3748995072 3153412096 3123249152
3748737024 3153399808 3123144704
3748999168 3155668992 3125484544
3748732928 3153358848 3123151872
3749269504 3153620992 3123577856
3748995072 3153645568 3123496960
3748483072 3153006592 3122893824
3749261312 3153993728 3123757056
3749003264 3153477632 3123456000
3749265408 3153854464 3123635200
3748999168 3155132416 3125293056
3748737024 3152969728 3123118080
3748474880 3152904192 3122872320
3748478976 3153072128 3122824192
3749007360 3153620992 3123429376
3749527552 3153870848 3123992576
