3775746048 3181969408 3150092288
3778420736 3186847744 3154808832
3775737856 3182403584 3150069760
3776262144 3182714880 3150481408
3776258048 3182526464 3150563328
3775488000 3182080000 3149977600
3776000000 3182723072 3150312448
3776782336 3185500160 3153211392
3775475712 3182190592 3149784064
3775737856 3182301184 3150070784
3779043328 3185856512 3153411072
3776520192 3183570944 3150831616
3775737856 3182559232 3150179328
3776577536 3183128576 3150990336
3778277376 3185262592 3152674816
3776258048 3183304704 3150616576
3777953792 3184566272 3152235520
3775475712 3182243840 3149959168
3777327104 3186401280 3153746944
3777830912 3184930816 3152168960
3776319488 3183013888 3150608384
3777814528 3184209920 3152058368
3780075520 3186864128 3154442240
3776786432 3184099328 3151346688
3775741952 3182891008 3150121984
3777286144 3184455680 3151762432
3777945600 3187326976 3154459648
3778007040 3185623040 3152642048
3775475712 3182292992 3149768704
3775479808 3182714880 3150005248
3776008192 3183554560 3150454784
3776004096 3185844224 3152674816
