3746385920 3150094336 3120718848
3746115584 3152097280 3122439168
3746115584 3150258176 3120394240
3746115584 3150364672 3120556032
3746111488 3150483456 3120569344
3746115584 3150475264 3120533504
3746377728 3150508032 3120738304
3746635776 3152551936 3122995200
3745853440 3150073856 3120232448
3746115584 3150454784 3120451584
3745857536 3150217216 3120355328
3746373632 3150761984 3120864256
3745853440 3150180352 3120319488
3746377728 3150737408 3120731136
3746648064 3150802944 3120893952
3746111488 3150856192 3120674816
3746111488 3150565376 3120625664
3746115584 3150520320 3120533504
3746377728 3152625664 3122801664
3746373632 3150516224 3120617472
3746648064 3150757888 3120997376
3746373632 3150589952 3120840704
3745861632 3150389248 3120262144
3746639872 3151015936 3121074176
3746381824 3150577664 3120868352
3746643968 3150856192 3120910336
3746377728 3152433152 3122638848
3746115584 3150200832 3120488448
3745853440 3150090240 3120332800
3745857536 3149996032 3120166912
3746385920 3150659584 3120736256
3746906112 3150925824 3121348608
