3756085248 3160875008 3130385408
3756163072 3163242496 3132474368
3755814912 3160846336 3130234880
3756077056 3161423872 3130485760
3756335104 3161481216 3130638336
3755827200 3161235456 3130217472
3756339200 3161817088 3130708992
3756597248 3163979776 3132951552
3755814912 3161112576 3130204160
3756339200 3161628672 3130624000
3756179456 3161354240 3130491904
3756597248 3162042368 3130910720
3755814912 3161161728 3130225664
3756376064 3161755648 3130759168
3756646400 3162214400 3131132928
3756072960 3161624576 3130424320
3756134400 3161427968 3130583040
3755814912 3161227264 3130276864
3756474368 3163955200 3132862464
3756122112 3161554944 3130402816
3756396544 3161763840 3130728448
3756396544 3161825280 3130780672
3755921408 3161509888 3130426368
3756863488 3162460160 3131196416
3756343296 3161579520 3130633216
3756605440 3162271744 3131079680
3756388352 3163602944 3132797952
3756224512 3161595904 3130593280
3755552768 3160993792 3130028032
3755819008 3161235456 3130100736
3756347392 3161825280 3130842112
3756605440 3162255360 3131175936
