3832934400 3239100416 3207218176
3847344128 3255676928 3223608320
3845832704 3256303616 3223902208
3857219584 3265871872 3233570816
3853918208 3260170240 3228181504
3856232448 3262914560 3230790656
3841261568 3248099328 3215637504
3856830464 3269148672 3236804608
3831951360 3238768640 3206343680
3854381056 3264811008 3232504832
3875844096 3282751488 3250215936
3842523136 3249852416 3217035264
3832483840 3239256064 3206843392
3838967808 3245694976 3213498368
3865407488 3276070912 3243405312
3847229440 3254509568 3221761024
3858612224 3265310720 3232943104
3832516608 3239337984 3206980608
3856183296 3269062656 3236333568
3853565952 3260850176 3228023808
3860406272 3270889472 3238439936
3841929216 3248537600 3216346112
3884068864 3294633984 3262137344
3877175296 3288125440 3255304192
3832356864 3239743488 3206926336
3857965056 3269038080 3236289536
3843653632 3253182464 3220209664
3845361664 3252944896 3219863552
3833004032 3239878656 3207294976
3854708736 3261878272 3229102080
3843649536 3251363840 3218178048
3860217856 3273605120 3240337408
