3846225920 3255984128 3224110080
3809251328 3215650816 3183552512
3819802624 3226587136 3194215424
3809644544 3216273408 3183949824
3814809600 3223154688 3191183360
3808174080 3214716928 3182548992
3827396608 3239862272 3207542784
3829313536 3238137856 3205725184
3808034816 3214696448 3182327808
3806478336 3213045760 3180766208
3829182464 3239645184 3207148544
3816951808 3224223744 3191349248
3826888704 3233443840 3201120256
3809955840 3216556032 3184286720
3808100352 3215040512 3182393344
3821113344 3228352512 3195506688
3834867712 3244998656 3212831744
3808452608 3218702336 3186412544
3815841792 3222953984 3190299648
3826556928 3233476608 3200897024
3819077632 3226021888 3193539584
3811045376 3219714048 3187500032
3809648640 3216740352 3184129024
3807834112 3215130624 3182348288
3810009088 3217358848 3184507904
3814555648 3221630976 3189005312
3812134912 3219517440 3186579456
3823644672 3234738176 3201786880
3807281152 3214401536 3181615104
3827789824 3234766848 3202093056
3816714240 3224211456 3191104512
3818020864 3227766784 3194612736
