3855093760 3265007616 3233120256
3825065984 3231625216 3199523840
3836399616 3243094016 3210723328
3824779264 3231571968 3199232000
3828502528 3236712448 3204737024
3822731264 3229200384 3197004800
3847831552 3260170240 3227836416
3836682240 3245424640 3212990464
3823718400 3230523392 3198148608
3821678592 3228381184 3196083200
3854888960 3265437696 3232926720
3841667072 3252789248 3219906560
3827412992 3234119680 3201800192
3824910336 3231674368 3199390720
3823808512 3230900224 3198244864
3822727168 3230146560 3197286400
3857399808 3267715072 3235544064
3823075328 3233443840 3201154048
3824095232 3231039488 3198389248
3827273728 3234312192 3201732608
3823964160 3230736384 3198254080
3830280192 3238805504 3206592512
3835547648 3246272512 3213661184
3823693824 3230834688 3198052352
3830132736 3237351424 3204500480
3834224640 3241127936 3208506368
3843670016 3251138560 3218193408
3839459328 3250491392 3217540096
3844579328 3255513088 3222717440
3835138048 3242287104 3209607168
3850932224 3258552320 3225445376
3832315904 3241963520 3208796160
