3782635520 3188805632 3156933632
3782811648 3189161984 3157068800
3786092544 3192872960 3160527872
3782213632 3188920320 3156606976
3783278592 3191463936 3159493632
3781763072 3188285440 3156118528
3782959104 3193626624 3161325568
3782692864 3191529472 3159122944
3781627904 3188428800 3156082688
3780976640 3187654656 3155391488
3786027008 3192971264 3160488960
3784454144 3191771136 3158916096
3782287360 3189063680 3156750336
3782414336 3188957184 3156707328
3781767168 3188723712 3156087808
3781763072 3189080064 3156244480
3787874304 3194490880 3162346496
3785195520 3193757696 3161472000
3781767168 3188842496 3156192256
3782483968 3189460992 3156904960
3780993024 3187793920 3155321856
3781767168 3190497280 3158291456
3782119424 3189239808 3156644864
3781767168 3188944896 3156175872
3782819840 3190018048 3157179392
3783139328 3190304768 3157700608
3781509120 3189006336 3156079616
3802894336 3213910016 3180963840
3781246976 3188510720 3155729408
3786256384 3193298944 3160645632
3783938048 3191517184 3158435840
3784941568 3192733696 3159599104
