3863818240 3273736192 3241847808
3845206016 3251556352 3219449856
3861204992 3267928064 3235548160
3854409728 3261194240 3228848128
3853217792 3261456384 3229473792
3841753088 3248226304 3216010240
3872583680 3285213184 3252864000
3851300864 3260051456 3227595776
3843043328 3249778688 3217399808
3840241664 3246899200 3214585856
3878957056 3289538560 3257022464
3870703616 3281641472 3248762880
3853991936 3260723200 3228399616
3844857856 3251605504 3219307520
3860697088 3267792896 3235131392
3844575232 3251777536 3218903040
3890081792 3300179968 3268013056
3842351104 3252703232 3220399104
3843153920 3250339840 3217668096
3876573184 3283603456 3251009536
3860643840 3271299072 3238816768
3874725888 3283509248 3251277824
3870339072 3281047552 3248421888
3855331328 3262701568 3229904896
3847315456 3254505472 3221654528
3853938688 3261104128 3228464128
3851059200 3258499072 3225547776
3894239232 3305295872 3272330240
3867844608 3278848000 3246047232
3862487040 3269640192 3236952064
3865440256 3273117696 3240002560
3857584128 3267186688 3234014208
