3783172096 3189334016 3157462016
3783335936 3189673984 3157580800
3786678272 3193409536 3161064448
3782737920 3189366784 3157078016
3783553024 3191980032 3160009728
3782287360 3188740096 3156605952
3783233536 3194126336 3161825280
3783217152 3191988224 3159614464
3782152192 3188908032 3156561920
3781500928 3188121600 3155858432
3786637312 3193552896 3161096192
3785003008 3192279040 3159424000
3782811648 3189579776 3157266432
3782938624 3189460992 3157211136
3782029312 3189211136 3156572160
3782287360 3189547008 3156711424
3788529664 3195146240 3163001856
3785457664 3194232832 3161947136
3782291456 3189346304 3156696064
3783020544 3189911552 3157392384
3781517312 3188269056 3155796992
3782291456 3191001088 3158795264
3782643712 3189727232 3157128192
3782291456 3189428224 3156667392
3783344128 3190497280 3157658624
3783688192 3190796288 3158192128
3782033408 3189501952 3156572160
3803549696 3214553088 3181602816
3781771264 3188994048 3156212736
3786878976 3193860096 3161227264
3784523776 3192107008 3159022592
3785547776 3193307136 3160172544
