3783172096 3189338112 3157466112
3783335936 3189678080 3157584896
3786678272 3193413632 3161068544
3782737920 3189395456 3157082112
3783553024 3191984128 3160013824
3782287360 3188776960 3156610048
3783233536 3194130432 3161829376
3783217152 3192025088 3159618560
3782152192 3188908032 3156561920
3781500928 3188125696 3155862528
3786637312 3193585664 3161100288
3785003008 3192283136 3159428096
3782811648 3189583872 3157270528
3782938624 3189465088 3157215232
3782029312 3189215232 3156576256
3782287360 3189551104 3156715520
3788529664 3195150336 3163005952
3785457664 3194236928 3161951232
3782291456 3189350400 3156700160
3783020544 3189952512 3157396480
3781517312 3188273152 3155801088
3782291456 3191005184 3158799360
3782643712 3189731328 3157132288
3782291456 3189440512 3156671488
3783344128 3190501376 3157662720
3783688192 3190800384 3158196224
3782033408 3189506048 3156576256
3803549696 3214557184 3181606912
3781771264 3188998144 3156216832
3786878976 3193888768 3161231360
3784523776 3192107008 3159022592
3785547776 3193311232 3160176640
