3761995776 3167440896 3136210944
3762364416 3168501760 3136752640
3762987008 3169124352 3137445888
3762028544 3167969280 3136404480
3762089984 3169759232 3138313216
3761577984 3167870976 3136077824
3762171904 3172229120 3140620288
3762159616 3168448512 3136651264
3761442816 3167289344 3135785984
3761053696 3167031296 3135410176
3762929664 3168485376 3137176576
3762520064 3168997376 3136946176
3762364416 3168210944 3136608256
3761704960 3167813632 3136155648
3761582080 3167711232 3135974400
3761840128 3168219136 3136191488
3763671040 3169280000 3138001920
3765010432 3173093376 3141489664
3761844224 3168034816 3136285696
3762212864 3168276480 3136575488
3761332224 3167379456 3135598592
3761582080 3169624064 3137973248
3761934336 3167981568 3136283648
3761582080 3168002048 3136064512
3762110464 3168530432 3136551936
3762180096 3168378880 3136648192
3761410048 3167617024 3135860736
3778715648 3188416512 3156670464
3761324032 3167653888 3135772672
3762769920 3168960512 3137120256
3762425856 3168935936 3136937984
3762479104 3169124352 3136970752
