1295933440 327577600 307898368
1297051648 327577600 307886080
1297039360 327544832 307849216
1297039360 327573504 307877888
1298092032 327577600 307871744
1298100224 327585792 307875840
1296957440 329609216 309905408
1297031168 327577600 307873792
1299083264 327593984 307871744
1299083264 327589888 307871744
1298014208 327581696 307867648
1298014208 327577600 307863552
1298014208 327557120 307841024
1298014208 327577600 307863552
1296945152 327581696 307871744
1296945152 327573504 307863552
1300140032 327593984 307869696
1300140032 327557120 307836928
1299070976 327548928 307836928
1299070976 327553024 307836928
1299070976 327561216 307841024
1299070976 329654272 309925888
1298001920 327585792 307873792
1298001920 327585792 307869696
1299070976 327544832 307841024
1299070976 327557120 307843072
1298001920 327573504 307867648
1298001920 327553024 307843072
1298001920 327544832 307849216
1298001920 327540736 307843072
1296932864 327544832 307857408
1295863808 327565312 307888128
