3757404160 3162349568 3131686912
3757907968 3163410432 3132251136
3757699072 3163254784 3132139520
3757461504 3162804224 3131726848
3757187072 3164499968 3133588480
3757121536 3162865664 3131607040
3757461504 3166949376 3135899648
3757400064 3163009024 3131761664
3756924928 3162136576 3131247616
3756597248 3162058752 3131020288
3757314048 3162591232 3131701248
3757449216 3163369472 3131997184
3757645824 3163090944 3132005376
3757223936 3162779648 3131674624
3757125632 3162615808 3131412480
3757383680 3163164672 3131781120
3757858816 3163041792 3132180480
3760553984 3167997952 3136875520
3757387776 3162894336 3131749376
3757465600 3162906624 3131715584
3756613632 3162238976 3131026432
3757125632 3164684288 3133529088
3757441024 3162873856 3131745280
3757125632 3162947584 3131633664
3757654016 3163185152 3132012544
3757457408 3162976256 3131820032
3756929024 3162316800 3131257856
3772723200 3181932544 3150856192
3756867584 3162370048 3131152384
3757350912 3163148288 3131828224
3757289472 3162849280 3131566080
3757490176 3163312128 3131872256
