3760635904 3166072832 3134972928
3761053696 3167186944 3135551488
3761471488 3167477760 3135901696
3760717824 3166601216 3135153152
3760705536 3168313344 3137003520
3760529408 3166494720 3134812160
3760803840 3170783232 3139328000
3761016832 3166961664 3135309824
3760132096 3165904896 3134574592
3759742976 3165679616 3134203904
3761340416 3166875648 3135687680
3761098752 3167477760 3135610880
3761053696 3166838784 3135390720
3760656384 3166490624 3134931968
3760271360 3166380032 3134780416
3760529408 3166924800 3135053824
3761975296 3167563776 3136400384
3763699712 3171708928 3140232192
3760795648 3166715904 3135099904
3760820224 3166830592 3135257600
3760021504 3165954048 3134352384
3760271360 3168292864 3136770048
3760623616 3166638080 3135071232
3760533504 3166670848 3134905344
3761061888 3167199232 3135357952
3760775168 3166904320 3135310848
3760099328 3166203904 3134622720
3777028096 3186642944 3155041280
3760275456 3166216192 3134525440
3761217536 3167399936 3135666176
3761217536 3167326208 3135497216
3760975872 3167514624 3135536128
