3758202880 3163238400 3132475392
3758694400 3164327936 3133077504
3758809088 3164278784 3133049856
3758297088 3163758592 3132610560
3757998080 3165405184 3134422016
3757907968 3163787264 3132423168
3758297088 3167895552 3136754688
3758211072 3164004352 3132677120
3757735936 3163095040 3132089344
3757383680 3162935296 3131804672
3758219264 3163578368 3132657664
3758546944 3164356608 3132882944
3758432256 3164065792 3132886016
3758034944 3163705344 3132508160
3757912064 3163561984 3132255232
3758170112 3164102656 3132600320
3758825472 3164069888 3133152256
3761340416 3168948224 3137734656
3758174208 3163885568 3132612608
3758288896 3163848704 3132597248
3757400064 3163234304 3131895808
3757912064 3165630464 3134364672
3758252032 3163828224 3132616704
3757912064 3163856896 3132454912
3758440448 3164233728 3132877824
3758268416 3163934720 3132686336
3757740032 3163308032 3132113920
3773919232 3183099904 3151856640
3757654016 3163287552 3131980800
3758493696 3164192768 3132778496
3758174208 3163963392 3132519424
3758338048 3164303360 3132751872
