3767250944 3173310464 3141542912
3767607296 3173969920 3141950464
3769159680 3175649280 3143479296
3767271424 3173609472 3141572608
3767361536 3175575552 3143716864
3766820864 3173429248 3141313536
3767189504 3177897984 3145776128
3767476224 3174035456 3141799936
3766423552 3173031936 3140914176
3766034432 3172425728 3140321280
3768889344 3175354368 3143192576
3768127488 3175112704 3142528000
3767345152 3173793792 3141647360
3766947840 3173347328 3141259264
3766562816 3173347328 3140966400
3767083008 3173969920 3141400576
3769872384 3176218624 3144243200
3770253312 3178700800 3146568704
3766824960 3173584896 3141192704
3767193600 3173888000 3141607424
3766312960 3172958208 3140659200
3766562816 3175157760 3143104512
3766915072 3173785600 3141460992
3766562816 3173666816 3141122048
3767353344 3174338560 3141780480
3767644160 3174440960 3142191104
3766390784 3173355520 3140846592
3784740864 3195478016 3162957824
3766304768 3173183488 3140677632
3768803328 3175469056 3143066624
3767910400 3175104512 3142402048
3768340480 3175636992 3142836224
