3749003264 3152912384 3123481600
3749519360 3154014208 3123962880
3749523456 3154063360 3123912704
3748999168 3153244160 3123238912
3748999168 3155464192 3125291008
3748995072 3153563648 3123378176
3749261312 3157925888 3127701504
3749261312 3153625088 3123544064
3748737024 3153244160 3123068928
3748470784 3153182720 3122972672
3749003264 3153539072 3123326976
3749261312 3154169856 3123800064
3749519360 3153948672 3123749888
3749261312 3153915904 3123587072
3748999168 3153637376 3123351552
3749257216 3154165760 3123752960
3749257216 3153952768 3123664896
3748478976 3153129472 3122909184
3749261312 3153948672 3123614720
3749003264 3153629184 3123347456
3748212736 3152748544 3122670592
3748737024 3155312640 3125245952
3749003264 3153690624 3123421184
3748999168 3153829888 3123589120
3749265408 3153694720 3123659776
3749007360 3153563648 3123414016
3748478976 3152941056 3122786304
3749535744 3153887232 3123853312
3748741120 3152936960 3122962432
3748741120 3153305600 3123105792
3748741120 3153170432 3123079168
3749003264 3153309696 3123421184
