3749527552 3153993728 3124028416
3750305792 3154739200 3124531200
3750047744 3154657280 3124442112
3749523456 3153940480 3123815424
3749523456 3156144128 3125842944
3749519360 3154288640 3123964928
3749785600 3158642688 3128263680
3749785600 3154436096 3124143104
3749261312 3153936384 3123636224
3748995072 3153940480 3123492864
3749527552 3154264064 3123885056
3750047744 3154825216 3124326400
3750043648 3154673664 3124305920
3749785600 3154546688 3124114432
3749523456 3154337792 3123899392
3749781504 3154829312 3124304896
3749781504 3154616320 3124226048
3749003264 3153874944 3123441664
3749785600 3154616320 3124157440
3749527552 3154284544 3123894272
3748999168 3153567744 3123230720
3749261312 3156279296 3125799936
3749527552 3154350080 3123973120
3749785600 3154472960 3124125696
3749789696 3154427904 3124207616
3749531648 3154329600 3123993600
3749003264 3153641472 3123344384
3750060032 3154620416 3124423680
3749265408 3153580032 3123493888
3749265408 3154046976 3123704832
3749265408 3153842176 3123636224
3749527552 3154251776 3124061184
