3776012288 3182063616 3150194688
3775995904 3182448640 3150357504
3778613248 3185328128 3153005568
3775660032 3182219264 3149939712
3776184320 3184558080 3152595968
3775209472 3181854720 3149691904
3775987712 3186757632 3154487296
3776139264 3182788608 3150435328
3775074304 3181780992 3149448192
3774423040 3180937216 3148700672
3778363392 3185201152 3152781312
3777273856 3184467968 3151705088
3775733760 3182403584 3150110720
3775598592 3182239744 3150027776
3774951424 3182096384 3149495296
3775471616 3182653440 3149857792
3779747840 3186294784 3154157568
3778641920 3187208192 3154944000
3775213568 3182206976 3149604864
3775881216 3182686208 3150195712
3774439424 3181363200 3148925952
3775213568 3183824896 3151648768
3775565824 3182583808 3150017536
3775213568 3182309376 3149581312
3776004096 3183280128 3150484480
3776425984 3183448064 3150893056
3775107072 3182329856 3149460480
3794853888 3205713920 3172845568
3774693376 3181883392 3149161472
3778543616 3185598464 3152987136
3776913408 3184324608 3151319040
3777757184 3185262592 3152179200
