3759001600 3164291072 3133395968
3759742976 3165409280 3134012416
3759669248 3165417472 3134036992
3759108096 3164803072 3133548544
3759058944 3166408704 3135326208
3758956544 3164790784 3133327360
3759120384 3168927744 3137677312
3759308800 3165061120 3133631488
3758809088 3164180480 3133051904
3758432256 3163971584 3132740608
3759415296 3164766208 3133757440
3759382528 3165495296 3133872128
3759480832 3165126656 3133828096
3759083520 3164762112 3133414400
3758698496 3164606464 3133198336
3759218688 3165167616 3133533184
3759890432 3165278208 3134277632
3762126848 3169980416 3138659328
3759222784 3164954624 3133535232
3759124480 3164975104 3133608960
3758448640 3164237824 3132784640
3758698496 3166629888 3135263744
3759038464 3164835840 3133504512
3758960640 3164909568 3133361152
3759489024 3165376512 3133796352
3759091712 3165036544 3133642752
3758526464 3164397568 3133053952
3774935040 3184353280 3152986112
3758702592 3164397568 3132955648
3759390720 3165315072 3133794304
3759091712 3165224960 3133615104
3759198208 3165528064 3133785088
