3849261056 3255619584 3223607296
3842265088 3248734208 3216678912
3850035200 3261009920 3228699648
3839307776 3248046080 3215810560
3831959552 3240493056 3208456192
3832610816 3238764544 3206907904
3857453056 3267706880 3235392512
3832012800 3238834176 3206347776
3861856256 3270787072 3238327296
3872583680 3282972672 3250718720
3830558720 3237711872 3205016576
3849322496 3256442880 3223681024
3861446656 3273961472 3241611264
3853242368 3259875328 3227725824
3831529472 3238690816 3206027264
3841548288 3248730112 3216005120
3840913408 3247718400 3215222784
3851104256 3257835520 3225576448
3840188416 3247263744 3214626816
3869954048 3277168640 3244385280
3831472128 3242258432 3209854976
3835469824 3244474368 3212132352
3830620160 3239641088 3207008256
3833106432 3242307584 3209558016
3853672448 3260801024 3228190720
3844087808 3251077120 3218458624
3859292160 3266633728 3233774592
3856912384 3270340608 3237167104
3834671104 3242033152 3209189376
3857772544 3268423680 3235787776
3876855808 3289911296 3257013248
3845500928 3255119872 3222035456
