3849261056 3255500800 3223488512
3842002944 3248635904 3216580608
3833634816 3244589056 3212188672
3837001728 3245645824 3213410304
3831255040 3239690240 3207653376
3827470336 3233775616 3201918976
3857190912 3267596288 3235281920
3831750656 3238723584 3206237184
3845459968 3254370304 3221808128
3855175680 3261759488 3229505536
3825840128 3232886784 3200191488
3839164416 3246432256 3213670400
3848818688 3261190144 3228839936
3843141632 3249651712 3217506304
3826769920 3233837056 3201173504
3841282048 3248349184 3215624192
3840651264 3247587328 3215091712
3844370432 3250978816 3218719744
3830902784 3237867520 3205230592
3853279232 3260370944 3227587584
3831209984 3242156032 3209752576
3835469824 3244269568 3211931648
3825655808 3234824192 3202191360
3828219904 3237322752 3204573184
3853152256 3260149760 3227539456
3844087808 3250991104 3218372608
3853066240 3260276736 3227417600
3856912384 3270238208 3237064704
3829702656 3236950016 3204106240
3857510400 3268284416 3235648512
3863789568 3274715136 3241817088
3828838400 3238707200 3205516288
