3848998912 3255291904 3223279616
3829702656 3236118528 3204063232
3816755200 3227766784 3195366400
3836276736 3244949504 3212726272
3826892800 3235364864 3203328000
3826528256 3232886784 3201030144
3838459904 3248898048 3216587776
3819450368 3226222592 3193736192
3816292352 3225276416 3192738816
3832037376 3238674432 3206432768
3815882752 3223015424 3190344704
3834875904 3241922560 3209160704
3832766464 3241484288 3209134080
3838083072 3244642304 3212492800
3816697856 3223851008 3191236608
3840536576 3247669248 3214944256
3834241024 3241205760 3208710144
3832995840 3239620608 3207369728
3827146752 3234181120 3201556480
3829985280 3237179392 3204396032
3830947840 3241984000 3209580544
3824959488 3233796096 3201454080
3815587840 3224801280 3192299520
3818078208 3227267072 3194542080
3851907072 3258933248 3226335232
3837677568 3244638208 3212019712
3832090624 3239329792 3206474752
3856650240 3270017024 3236843520
3826364416 3233660928 3200817152
3849805824 3260592128 3227956224
3850514432 3261517824 3228632064
3820683264 3230339072 3197151232
