3765305344 3171385344 3139537920
3764727808 3171168256 3139257344
3764465664 3173019648 3140942848
3766013952 3172270080 3140353024
3764862976 3173122048 3141281792
3764985856 3171135488 3139377152
3764985856 3171364864 3139317760
3764723712 3171414016 3139175424
3764985856 3171713024 3139495936
3765391360 3171815424 3139824640
3764731904 3171385344 3139124224
3766714368 3173457920 3141094400
3766177792 3172700160 3140624384
3767619584 3173851136 3141964800
3764465664 3171160064 3138886656
3766140928 3172872192 3140542464
3765510144 3172093952 3139841024
3766538240 3172921344 3140948992
3764908032 3171422208 3139273728
3766251520 3173130240 3140736000
3764727808 3175276544 3143172096
3765518336 3174105088 3141991424
3764736000 3173388288 3141182464
3765518336 3172249600 3139905536
3767472128 3173953536 3141769216
3765518336 3171995648 3139846144
3765915648 3172765696 3140450304
3765256192 3174277120 3141645312
3765645312 3172503552 3140079616
3765317632 3171971072 3139740672
3779768320 3189977088 3157614592
3764994048 3174182912 3141498880
