3760324608 3165908992 3134585856
3760009216 3165896704 3134436352
3759747072 3167649792 3136166912
3760619520 3166375936 3134976000
3759882240 3167756288 3136390144
3760005120 3165720576 3134472192
3760005120 3165650944 3134218240
3759742976 3166076928 3134278656
3760267264 3166216192 3134571520
3760218112 3165843456 3134514176
3760013312 3165913088 3134423040
3760726016 3166810112 3135158272
3760467968 3166359552 3134846976
3761340416 3167051776 3135623168
3759747072 3165507584 3134005248
3760742400 3166945280 3135168512
3760529408 3166609408 3134927872
3760807936 3166486528 3135148032
3759624192 3165622272 3134091264
3760955392 3167125504 3135430656
3759747072 3169927168 3138355200
3760537600 3168481280 3136926720
3760017408 3167928320 3136427008
3760537600 3166826496 3134979072
3761438720 3167387648 3135931392
3760275456 3166355456 3134769152
3760816128 3166814208 3135296512
3760013312 3166425088 3134516224
3760615424 3166584832 3134889984
3760336896 3166371840 3134757888
3773423616 3183050752 3151411200
3760013312 3168505856 3136495616
