3748478976 3152498688 3122721792
3747950592 3152596992 3122543616
3747950592 3154518016 3124329472
3748216832 3152531456 3122438144
3748212736 3152658432 3122463744
3748208640 3152928768 3122797568
3747946496 3152564224 3122349056
3748208640 3152678912 3122574336
3748470784 3153084416 3122839552
3748212736 3152891904 3122613248
3748478976 3153063936 3122809856
3748212736 3153043456 3122666496
3747946496 3152683008 3122434048
3748478976 3153264640 3122929664
3747950592 3152433152 3122241536
3748737024 3153543168 3123067904
3748732928 3153408000 3123091456
3747946496 3152764928 3122418688
3747692544 3152445440 3122171904
3749261312 3153633280 3123487744
3747950592 3154714624 3124443136
3748741120 3155324928 3125101568
3748220928 3155054592 3124741120
3748741120 3153461248 3123262464
3748995072 3153518592 3123398656
3748478976 3153031168 3122880512
3748999168 3153575936 3123404800
3748478976 3152760832 3122777088
3748478976 3152855040 3122820096
3748216832 3152973824 3122683904
3749003264 3153518592 3123326976
3748478976 3154718720 3124859904
