3848998912 3255472128 3223459840
3842002944 3248574464 3216519168
3829276672 3240443904 3208043520
3836928000 3245518848 3213283328
3831255040 3239636992 3207600128
3826790400 3233058816 3201202176
3857190912 3267534848 3235220480
3831750656 3238666240 3206179840
3841097728 3250225152 3217662976
3855126528 3261657088 3229403136
3824717824 3231707136 3199011840
3837874176 3245080576 3212318720
3848626176 3260940288 3228590080
3841654784 3248123904 3215974400
3825635328 3232657408 3199993856
3840946176 3248222208 3215497216
3840651264 3247525888 3215030272
3844222976 3250765824 3218506752
3829846016 3236765696 3204128768
3848818688 3256107008 3223323648
3831209984 3242110976 3209707520
3835469824 3244204032 3211862016
3824549888 3233660928 3201028096
3826806784 3236130816 3203381248
3852972032 3259920384 3227310080
3843825664 3250937856 3218319360
3852767232 3260190720 3227331584
3856912384 3270189056 3237015552
3828674560 3235864576 3203020800
3857510400 3268222976 3235587072
3863224320 3274358784 3241460736
3825647616 3235459072 3202268160
