3770286080 3176472576 3144543232
3769708544 3176300544 3144274944
3769446400 3178082304 3145801728
3771248640 3179827200 3147702272
3769843712 3178336256 3146329088
3769966592 3176165376 3144344576
3769966592 3176419328 3144359936
3769704448 3176427520 3144057856
3770228736 3176947712 3144512512
3770769408 3177254912 3145112576
3769712640 3176591360 3144041472
3772551168 3179393024 3146822656
3771977728 3178504192 3146237952
3773747200 3180134400 3148069888
3769446400 3176333312 3143926784
3771637760 3178639360 3146067968
3770228736 3176960000 3144738816
3772350464 3178815488 3146638336
3770179584 3176837120 3144445952
3771748352 3178659840 3146122240
3769446400 3180204032 3147997184
3770761216 3179360256 3147170816
3769454592 3178479616 3145991168
3770499072 3177533440 3145009152
3772923904 3179831296 3147442176
3770499072 3177250816 3144977408
3771183104 3178225664 3145571328
3770236928 3179577344 3146646528
3770626048 3177734144 3145083904
3770298368 3177209856 3144756224
3785777152 3196329984 3163641856
3769974784 3179384832 3146442752
