3848474624 3254775808 3222763520
3808817152 3215261696 3183206400
3816230912 3227283456 3194883072
3835293696 3243991040 3211755520
3808935936 3217453056 3185416192
3826003968 3232415744 3200560128
3815444480 3222208512 3189895168
3810340864 3217145856 3184660480
3815227392 3224178688 3191616512
3814776832 3221434368 3189181440
3814952960 3222040576 3189350400
3820883968 3227947008 3195185152
3821129728 3229847552 3197498368
3823685632 3230236672 3198089216
3808600064 3215728640 3183066112
3839598592 3246718976 3213998080
3810062336 3217047552 3184552960
3819401216 3226099712 3193846784
3814191104 3221270528 3188643840
3816800256 3223912448 3191132160
3830685696 3241508864 3209110528
3813707776 3222528000 3190185984
3807780864 3216998400 3184366592
3814789120 3221897216 3189158912
3850571776 3257561088 3224950784
3812556800 3219517440 3186898944
3815006208 3222351872 3189495808
3832258560 3241934848 3208761344
3813732352 3221024768 3188180992
3815673856 3222802432 3190166528
3840327680 3251335168 3218444288
3820158976 3229810688 3196622848
