3854524416 3260870656 3228844032
3852390400 3258830848 3226761216
3875680256 3286872064 3254457344
3864768512 3273437184 3241201664
3852996608 3261452288 3229385728
3869425664 3279327232 3247440896
3858763776 3269025792 3236688896
3856478208 3263467520 3230973952
3867267072 3276328960 3243737088
3878666240 3288989696 3256713216
3866148864 3276873728 3244161024
3888492544 3295543296 3262782464
3885248512 3297751040 3265397760
3905196032 3315306496 3283150848
3852488704 3259543552 3226854400
3873136640 3280281600 3247542272
3877285888 3284082688 3251579904
3893690368 3300388864 3268153344
3881689088 3292348416 3259696128
3884462080 3295412224 3262613504
3866107904 3277017088 3244599296
3855458304 3266510848 3234160640
3850993664 3260203008 3227554816
3854848000 3264053248 3231282176
3877130240 3284008960 3251410944
3877036032 3287699456 3255072768
3861086208 3268448256 3235590144
3877167104 3290509312 3257330688
3856609280 3263905792 3231066112
3874181120 3285000192 3252368384
3907076096 3320197120 3287316480
3871408128 3281088512 3247897600
