3849261056 3255590912 3223578624
3842265088 3248717824 3216662528
3841835008 3252879360 3220478976
3837169664 3245903872 3213668352
3831255040 3239759872 3207723008
3829194752 3235590144 3203733504
3857453056 3267682304 3235367936
3832012800 3238809600 3206323200
3853656064 3262660608 3230098432
3872534528 3282890752 3250636800
3827519488 3234643968 3201948672
3849080832 3256176640 3223414784
3857547264 3270025216 3237675008
3852988416 3259604992 3227455488
3828461568 3235602432 3202938880
3841474560 3248627712 3215902720
3840913408 3247697920 3215202304
3850969088 3257675776 3225416704
3840114688 3247157248 3214520320
3869872128 3277062144 3244278784
3831209984 3242229760 3209826304
3835469824 3244441600 3212099584
3827314688 3236573184 3203940352
3829968896 3239149568 3206400000
3853504512 3260612608 3228002304
3844087808 3251064832 3218446336
3859267584 3266580480 3233721344
3856912384 3270316032 3237142528
3831459840 3238801408 3205957632
3857772544 3268386816 3235750912
3876589568 3289616384 3256718336
3837300736 3246989312 3213798400
