3856912384 3263180800 3231154176
3854438400 3261046784 3228977152
3875942400 3287007232 3254592512
3865186304 3273740288 3241504768
3855355904 3263705088 3231638528
3869687808 3279507456 3247621120
3858763776 3269177344 3236840448
3856740352 3263598592 3231105024
3867529216 3276480512 3243888640
3879038976 3289280512 3257004032
3866148864 3277033472 3244316672
3888783360 3296002048 3263233024
3885834240 3298291712 3265910784
3905593344 3315908608 3283744768
3854835712 3261804544 3229110272
3873259520 3280568320 3247827968
3877285888 3284267008 3251763200
3894198272 3300839424 3268579328
3881820160 3292618752 3259965440
3884871680 3295723520 3262923776
3866370048 3277176832 3244758016
3857936384 3268911104 3236560896
3853246464 3262349312 3229700096
3857289216 3266404352 3233633280
3877351424 3284406272 3251791872
3880796160 3291619328 3258992640
3863441408 3270721536 3237851136
3877167104 3290689536 3257506816
3859083264 3266310144 3233466368
3874443264 3285176320 3252540416
3907760128 3320840192 3287934976
3871408128 3281268736 3248077824
