3802525696 3208949760 3176941568
3801833472 3208306688 3176256512
3801309184 3212292096 3179902976
3804942336 3213479936 3181255680
3802234880 3210555392 3178519552
3789115392 3195400192 3163558912
3789082624 3195707392 3163395072
3801309184 3208278016 3175799808
3802095616 3209056256 3176502272
3790872576 3197579264 3165338624
3788247040 3195441152 3162750976
3794911232 3201966080 3169215488
3793723392 3202453504 3170104320
3797082112 3203674112 3171530752
3788652544 3195682816 3163024384
3809325056 3216498688 3183785984
3789971456 3196813312 3164319744
3794284544 3200761856 3168525312
3790397440 3197353984 3164735488
3792580608 3199713280 3166940160
3793113088 3204042752 3171660800
3806724096 3215605760 3183264768
3788230656 3197345792 3164713984
3794690048 3201851392 3169125376
3795623936 3202596864 3169990656
3806986240 3214004224 3181391872
3791306752 3198488576 3165647872
3789008896 3198816256 3165642752
3790270464 3197575168 3164745728
3789770752 3196751872 3164125184
3805237248 3216277504 3183398912
3788943360 3198672896 3165503488
