3749527552 3153907712 3123832832
3749261312 3153940480 3123670016
3748999168 3155783680 3125488640
3749265408 3153932288 3123608576
3749261312 3153920000 3123599360
3749519360 3154198528 3123909632
3749257216 3153944576 3123524608
3749257216 3154067456 3123684352
3749519360 3154309120 3123957760
3749261312 3154178048 3123756032
3749527552 3154358272 3123928064
3749523456 3154309120 3123816448
3749257216 3153948672 3123578880
3749789696 3154554880 3124115456
3748999168 3153747968 3123343360
3749785600 3154792448 3124219904
3749781504 3154640896 3124208640
3749257216 3154006016 3123563520
3749003264 3153711104 3123305472
3750309888 3155058688 3124708352
3749261312 3156008960 3125630976
3749789696 3156668416 3126269952
3749269504 3156299776 3125846016
3750051840 3154829312 3124480000
3750043648 3154800640 3124511744
3749789696 3154440192 3124046848
3750047744 3154739200 3124477952
3749527552 3154042880 3123920896
3749527552 3154231296 3123922944
3749527552 3154284544 3123838976
3750051840 3154792448 3124468736
3749527552 3156267008 3126083584
