3849523200 3255803904 3223791616
3842527232 3248902144 3216850944
3862593536 3273555968 3241155584
3841859584 3250499584 3218264064
3843649536 3252088832 3220051968
3853303808 3263201280 3231348736
3857453056 3267878912 3235564544
3833864192 3240845312 3208358912
3866218496 3275173888 3242611712
3873038336 3283312640 3251058688
3834232832 3241304064 3208608768
3850166272 3257180160 3224418304
3862265856 3274698752 3242348544
3854303232 3260866560 3228717056
3835211776 3242278912 3209619456
3850358784 3257405440 3224680448
3840913408 3247906816 3215411200
3851825152 3258445824 3226186752
3855507456 3266162688 3233525760
3870400512 3277541376 3244758016
3837894656 3248848896 3216445440
3837317120 3246223360 3213881344
3834015744 3243196416 3210563584
3836936192 3246059520 3213309952
3854422016 3261485056 3228874752
3844349952 3251253248 3218634752
3859628032 3266899968 3234040832
3857174528 3270508544 3237335040
3838500864 3245768704 3212924928
3857772544 3268608000 3235972096
3877941248 3290910720 3258012672
3858059264 3267694592 3234503680
