3756380160 3161346048 3130669056
3756077056 3161489408 3130474496
3755814912 3163090944 3132213248
3756204032 3161530368 3130579968
3756113920 3163402240 3132495872
3756072960 3161382912 3130514432
3755810816 3161288704 3130287104
3755810816 3161567232 3130339328
3756335104 3161755648 3130692608
3756089344 3161387008 3130510336
3756081152 3161460736 3130513408
3756150784 3161587712 3130529792
3756134400 3161358336 3130401792
3756441600 3161948160 3130941440
3755814912 3161092096 3130048512
3756613632 3162271744 3131047936
3756597248 3162136576 3131009024
3756208128 3161477120 3130511360
3755556864 3161055232 3130041344
3757174784 3162689536 3131518976
3756077056 3165573120 3134495744
3756343296 3163951104 3132902400
3756085248 3163578368 3132567552
3756605440 3162447872 3131146240
3756732416 3161919488 3131168768
3756605440 3161944064 3130883072
3756912640 3162116096 3131212800
3756081152 3161677824 3130560512
3756392448 3161751552 3130654720
3756392448 3161956352 3130787840
3768860672 3177648128 3146723328
3756343296 3164049408 3132860416
