3769761792 3175948288 3143977984
3769184256 3175755776 3143737344
3768922112 3177545728 3145268224
3770699776 3179253760 3147145216
3769319424 3177807872 3145801728
3769442304 3175641088 3143825408
3769442304 3176030208 3143839744
3769180160 3175931904 3143567360
3769704448 3176423424 3143992320
3770232832 3176722432 3144584192
3769188352 3176034304 3143506944
3771703296 3178790912 3146221568
3771404288 3177922560 3145661440
3773136896 3179479040 3147419648
3768922112 3175866368 3143401472
3771068416 3178024960 3145470976
3769704448 3176615936 3144223744
3771756544 3178180608 3146017792
3769618432 3176304640 3143875584
3771199488 3178164224 3145555968
3768922112 3179765760 3147491328
3770236928 3178917888 3146659840
3768930304 3177910272 3145448448
3769974784 3176976384 3144466432
3772362752 3179261952 3146840064
3769974784 3176816640 3144430592
3770658816 3177644032 3145010176
3769712640 3179024384 3146124288
3770101760 3177189376 3144558592
3769774080 3176648704 3144209408
3784916992 3195641856 3162969088
3769450496 3178844160 3145914368
