3737993216 3139100672 3112159232
3737726976 3139407872 3112264704
3737726976 3141439488 3114086400
3737731072 3139682304 3112140800
3737726976 3139362816 3112115200
3737985024 3139948544 3112440832
3737722880 3139555328 3112061952
3737985024 3139764224 3112248320
3737985024 3139682304 3112270848
3737989120 3139842048 3112281088
3737993216 3139878912 3112394752
3737726976 3139665920 3112170496
3737985024 3139624960 3112170496
3737993216 3139883008 3112352768
3737726976 3139907584 3112152064
3738251264 3140214784 3112546304
3737985024 3139866624 3112250368
3737985024 3139895296 3112298496
3737731072 3139547136 3111954432
3737989120 3140104192 3112426496
3737726976 3141808128 3114199040
3737993216 3142070272 3114497024
3737997312 3141832704 3114373120
3737993216 3140009984 3112432640
3737985024 3140165632 3112454144
3737993216 3139571712 3112230912
3738251264 3140136960 3112612864
3737993216 3139715072 3112248320
3737993216 3139833856 3112348672
3737993216 3139743744 3112322048
3738255360 3140313088 3112625152
3737731072 3141660672 3114208256
