3803795456 3210178560 3178094592
3804340224 3214385152 3182459904
3839299584 3246080000 3213605888
3834994688 3247288320 3215051776
3833974784 3244105728 3212025856
3842179072 3250651136 3218693120
3797565440 3204292608 3171949568
3806162944 3215011840 3182561280
3809607680 3216592896 3184094208
3799392256 3206234112 3173847040
3834859520 3241697280 3209121792
3815108608 3225968640 3193092096
3797561344 3204497408 3171890176
3834462208 3243184128 3210954752
3802595328 3211874304 3179084800
3828105216 3237330944 3204563968
3799265280 3205918720 3173552128
3799797760 3206537216 3174252544
3797950464 3204956160 3172317184
3805642752 3212832768 3180114944
3810168832 3216654336 3184458752
3799568384 3206377472 3174038528
3838889984 3247927296 3215282176
3820994560 3231932416 3199155200
3803615232 3210641408 3177978880
3798429696 3205795840 3172936704
3807838208 3217338368 3184300032
3807989760 3215450112 3182512128
3806404608 3213377536 3180728320
3799248896 3206295552 3173624832
3817799680 3225444352 3192372224
3813478400 3223162880 3190077440
