3755814912 3160580096 3130043392
3767238656 3176067072 3145326592
3755810816 3160862720 3130124288
3756347392 3161477120 3130595328
3755548672 3162812416 3131985920
3754881024 3162267648 3131364352
3755028480 3160424448 3129399296
3755839488 3163389952 3132420096
3755933696 3161210880 3130240000
3755319296 3160748032 3129753600
3755794432 3160915968 3130061824
3755290624 3160784896 3129707520
3755294720 3160813568 3129745408
3756175360 3163607040 3132588032
3755077632 3160596480 3129574400
3755614208 3161071616 3129924608
3755565056 3160952832 3129984000
3756077056 3161227264 3130294272
3755036672 3160375296 3129393152
3755827200 3161137152 3130123264
3755651072 3160748032 3130002432
3755823104 3161296896 3130249216
3755290624 3160584192 3129697280
3755556864 3161178112 3130150912
3755556864 3160465408 3129777152
3755290624 3160752128 3129711616
3755065344 3160084480 3129476096
3755556864 3160760320 3129942016
3755589632 3160657920 3129930752
3755556864 3160997888 3129839616
3755048960 3160272896 3129462784
3756154880 3161591808 3130673152
