3749523456 3153895424 3123861504
3749257216 3153862656 3123650560
3749781504 3154382848 3124141056
3750043648 3154874368 3124544512
3749781504 3156353024 3126084608
3748741120 3153469440 3123096576
3748999168 3153645568 3123268608
3750047744 3156819968 3126434816
3749519360 3154247680 3123940352
3749265408 3154157568 3123722240
3749257216 3154149376 3123746816
3749261312 3154157568 3123684352
3749265408 3153993728 3123625984
3749785600 3156742144 3126294528
3749261312 3153977344 3123540992
3749523456 3154497536 3123897344
3749523456 3154403328 3124033536
3749785600 3154673664 3124221952
3748745216 3153571840 3123160064
3749523456 3154292736 3123981312
3749523456 3154046976 3123750912
3749781504 3154685952 3124275200
3749261312 3154272256 3123792896
3749527552 3154378752 3124038656
3749265408 3154001920 3123707904
3749261312 3154173952 3123750912
3748999168 3153506304 3123304448
3749527552 3154153472 3123918848
3749523456 3154083840 3123794944
3749527552 3154292736 3123833856
3749007360 3153604608 3123365888
3750051840 3154784256 3124567040
