3840225280 3246592000 3214460928
3848138752 3258142720 3226185728
3840872448 3247804416 3215310848
3865731072 3278102528 3245847552
3846918144 3259166720 3227032576
3863625728 3275661312 3243680768
3841355776 3247955968 3215579136
3839959040 3248852992 3216350208
3849969664 3256991744 3224451072
3848445952 3258916864 3226496000
3857678336 3264782336 3232173056
3854565376 3265667072 3232749568
3829653504 3236655104 3204019200
3847561216 3252572160 3220324352
3862507520 3271979008 3239160832
3858223104 3271245824 3238454272
3851288576 3262099456 3229718528
3834298368 3240841216 3208538112
3841814528 3252559872 3219889152
3839479808 3246657536 3213913088
3869814784 3279937536 3247726592
3847159808 3253944320 3221586944
3849605120 3258851328 3226183680
3858366464 3269218304 3236412416
3850616832 3261259776 3228582912
3831910400 3239206912 3206346752
3841589248 3251236864 3218184192
3844386816 3251802112 3218845696
3844259840 3251408896 3218758656
3858751488 3269627904 3236956160
3847340032 3258630144 3225546752
3844698112 3254353920 3221253120
