3878277120 3290468352 3258322944
3916865536 3328946176 3296983040
3866685440 3273650176 3241142272
3901661184 3313889280 3281630208
3882864640 3295121408 3262987264
3885875200 3297972224 3265978368
3884933120 3295440896 3263050752
3863781376 3272818688 3240315904
3873538048 3280449536 3247895552
3872616448 3283214336 3250784256
3887271936 3294294016 3261673472
3876286464 3287404544 3254483968
3855360000 3262332928 3229688832
3875627008 3284226048 3251975168
3883999232 3297144832 3264326656
3905024000 3318042624 3285250048
3861491712 3272359936 3239949312
3862417408 3269136384 3236814848
3881713664 3292377088 3259692032
3879407616 3290148864 3257370624
3898982400 3309223936 3276991488
3865653248 3272318976 3239952384
3865645056 3274731520 3242039296
3876990976 3288088576 3255261184
3884335104 3295059968 3262347264
3858567168 3265908736 3233016832
3872772096 3282599936 3249510400
3871158272 3278557184 3245579264
3879784448 3286753280 3254081536
3892346880 3303190528 3270504448
3866963968 3278163968 3245073408
3867758592 3277336576 3244220416
