1308598272 733429760 713701376
1309646848 733409280 713679872
1309638656 733421568 713679872
1309634560 733413376 713674752
1310695424 733437952 713681920
1310695424 733433856 713676800
1309626368 733401088 713646080
1309626368 735531008 715758592
1311752192 733433856 713669632
1311752192 733437952 713670656
1310683136 733425664 713666560
1310683136 733409280 713643008
1310683136 733405184 713641984
1310683136 733429760 713669632
1309614080 733396992 713643008
1309614080 733421568 713668608
1312808960 733421568 713661440
1312808960 733396992 713634816
1311739904 733396992 713640960
1311739904 733405184 713643008
1311739904 733388800 713636864
1311735808 733388800 713632768
1310670848 733437952 713676800
1310670848 733442048 713676800
1311739904 733388800 713647104
1311739904 733396992 713645056
1310670848 733417472 713671680
1310670848 733392896 713643008
1310670848 733384704 713649152
1310670848 733388800 713649152
1309601792 733384704 713655296
1308545024 733413376 713698304
