3770765312 3177132032 3145079808
3783938048 3193835520 3161933824
3770228736 3177127936 3144737792
3773927424 3180445696 3148355584
3770241024 3178524672 3146498048
3771830272 3180310528 3148385280
3769184256 3175874560 3143613440
3771072512 3179909120 3147551744
3772280832 3179122688 3146724352
3770109952 3176890368 3144595456
3774083072 3180908544 3148509184
3769970688 3176927232 3144251392
3769974784 3176812544 3144291328
3772669952 3181215744 3149109248
3770011648 3176960000 3144356864
3771617280 3180785664 3148206080
3770281984 3177021440 3144732672
3770630144 3177279488 3145090048
3769454592 3176361984 3143903232
3770777600 3177566208 3145050112
3773030400 3179372544 3147278336
3770503168 3177152512 3144891392
3770712064 3177492480 3145074688
3770236928 3177218048 3144627200
3770507264 3177369600 3144873984
3769970688 3177054208 3144350720
3771191296 3180564480 3147750400
3771981824 3179081728 3146390528
3771625472 3178344448 3145903104
3770073088 3177009152 3144498176
3769753600 3177037824 3144213504
3771441152 3180896256 3148030976
