3759271936 3164741632 3133612032
3771097088 3180232704 3149137920
3759218688 3164860416 3133506560
3759894528 3165544448 3134339072
3758968832 3166531584 3135272960
3758678016 3166388224 3135193088
3758436352 3164053504 3132707840
3759382528 3167236096 3135817728
3759575040 3165446144 3134077952
3758788608 3164667904 3133232128
3759939584 3165343744 3134175232
3758698496 3164557312 3133019136
3758702592 3164749824 3133110272
3759996928 3167793152 3136448512
3758608384 3164569600 3133070336
3759263744 3167186944 3135626240
3758747648 3164708864 3133361152
3759534080 3165110272 3133793280
3758182400 3164045312 3132736512
3759034368 3164971008 3133536256
3759509504 3165061120 3133849600
3759230976 3165085696 3133598720
3758882816 3164635136 3133328384
3758964736 3164995584 3133444096
3758739456 3164438528 3133206528
3758698496 3164647424 3133073408
3758718976 3164540928 3133208576
3758989312 3164770304 3133375488
3759251456 3164815360 3133615104
3758739456 3164745728 3133240320
3758469120 3164446720 3132953600
3759816704 3165810688 3134254080
