3757924352 3163213824 3132271616
3769851904 3178696704 3147736064
3757907968 3163406336 3132269568
3758616576 3163930624 3132849152
3757658112 3165106176 3134013440
3757432832 3164860416 3133773824
3757125632 3162742784 3131531264
3758010368 3165822976 3134556160
3758297088 3163787264 3132571648
3757453312 3163209728 3131961344
3758039040 3163549696 3132528640
3757387776 3163140096 3131791360
3757391872 3163308032 3131873280
3758501888 3166240768 3135002624
3757510656 3163140096 3131810816
3757834240 3165700096 3134278656
3757699072 3163299840 3132089344
3758186496 3163598848 3132441600
3757133824 3162689536 3131513856
3757961216 3163561984 3132284928
3758002176 3163385856 3132367872
3757920256 3163709440 3132359680
3757473792 3163033600 3131902976
3757654016 3163553792 3132194816
3757666304 3163041792 3131968512
3757387776 3163172864 3131825152
3757547520 3162828800 3131819008
3757654016 3163361280 3132119040
3757809664 3163201536 3132204032
3757678592 3163361280 3131976704
3757146112 3162910720 3131656192
3758387200 3164323840 3132916736
