3806715904 3213119488 3181022208
3809181696 3219132416 3187206144
3840086016 3246829568 3214355456
3836547072 3248881664 3216645120
3845869568 3256029184 3223940096
3843559424 3252011008 3220052992
3801751552 3208445952 3176097792
3807031296 3215904768 3183438848
3811045376 3217797120 3185298432
3803713536 3210567680 3178177536
3836555264 3243401216 3210821632
3815632896 3226742784 3193862144
3801628672 3208519680 3175912448
3835637760 3244359680 3212130304
3805470720 3214708736 3181919232
3829170176 3238346752 3205576704
3812634624 3219251200 3186884608
3804319744 3210825728 3178536960
3801935872 3209150464 3176508416
3806539776 3213758464 3181036544
3813650432 3220127744 3187932160
3810885632 3217682432 3185343488
3839549440 3248816128 3216166912
3825631232 3236544512 3203767296
3808600064 3215593472 3182930944
3802669056 3209818112 3177175040
3808976896 3218456576 3185418240
3809116160 3216547840 3183605760
3809554432 3216494592 3183844352
3803508736 3210522624 3177850880
3818586112 3226243072 3193159680
3834900480 3244539904 3211524096
