3746902016 3150782464 3121405952
3746897920 3150864384 3121214464
3747422208 3151548416 3121710080
3747684352 3151839232 3122029568
3747422208 3153555456 3123726336
3746381824 3150639104 3120677888
3746377728 3150618624 3120750592
3747426304 3153354752 3123824640
3747160064 3151286272 3121426432
3746906112 3151282176 3121289216
3746897920 3151159296 3121303552
3746902016 3151167488 3121242112
3746906112 3151015936 3121157120
3747426304 3153891328 3123781632
3746639872 3151069184 3121097728
3746902016 3151667200 3121462272
3747164160 3151552512 3121585152
3747426304 3151777792 3121721344
3746385920 3150671872 3120736256
3747164160 3151388672 3121486848
3746902016 3150970880 3121178624
3747422208 3151654912 3121777664
3746902016 3151654912 3121484800
3747168256 3151577088 3121616896
3746906112 3151192064 3121301504
3746902016 3151155200 3121245184
3746639872 3150852096 3120931840
3746906112 3151089664 3121363968
3746902016 3151040512 3121364992
3747168256 3151269888 3121408000
3746648064 3150737408 3120933888
3747430400 3151560704 3121980416
