3771289600 3177693184 3145631744
3784499200 3194388480 3162489856
3770753024 3177639936 3145249792
3774525440 3181088768 3148985344
3770765312 3179040768 3147013120
3772424192 3180871680 3148947456
3769708544 3176407040 3144148992
3771609088 3180478464 3148118016
3772829696 3179700224 3147295744
3770634240 3177422848 3145122816
3774701568 3181531136 3149126656
3770232832 3177451520 3144773632
3770499072 3177340928 3144807424
3773231104 3181809664 3149697024
3770535936 3177517056 3144912896
3772166144 3181301760 3148725248
3770806272 3177541632 3145253888
3771154432 3177807872 3145617408
3769978880 3176898560 3144428544
3771301888 3178094592 3145574400
3773628416 3180019712 3147928576
3771027456 3177664512 3145398272
3771248640 3178115072 3145675776
3770761216 3177742336 3145144320
3771043840 3177910272 3145404416
3770494976 3177574400 3144867840
3771760640 3181137920 3148316672
3772563456 3179675648 3146975232
3772174336 3178926080 3146468352
3770597376 3177558016 3145036800
3770277888 3177570304 3144731648
3771977728 3181486080 3148601344
