3794358272 3200638976 3168562176
3803369472 3213336576 3181411328
3820064768 3227033600 3194573824
3826024448 3238424576 3206202368
3820339200 3228663808 3196594176
3828736000 3237199872 3205241856
3791421440 3198074880 3165746176
3794620416 3203432448 3170984960
3797573632 3204476928 3171978240
3793055744 3199832064 3167444992
3824898048 3231936512 3199361024
3792412672 3199782912 3166909440
3791503360 3198369792 3165766656
3827335168 3236016128 3203786752
3792756736 3200155648 3167382528
3821146112 3230347264 3197584384
3792699392 3199541248 3167178752
3793481728 3200143360 3167862784
3791478784 3198676992 3166039040
3793969152 3201105920 3168388096
3800002560 3206463488 3174269952
3793305600 3200000000 3167665152
3821514752 3230736384 3198094336
3805241344 3216183296 3183406080
3793940480 3200929792 3168268288
3792896000 3200212992 3167356928
3800522752 3210174464 3177145344
3796561920 3203919872 3170985984
3796455424 3203350528 3170715648
3792957440 3199967232 3167296512
3817275392 3224838144 3191773184
3795566592 3205144576 3172077568
