3742445568 3145318400 3116735488
3742965760 3146096640 3117264896
3742961664 3146469376 3117327360
3742965760 3146489856 3117274112
3742441472 3145867264 3116912640
3742707712 3146338304 3117025280
3742969856 3146620928 3117437952
3742703616 3146088448 3117079552
3742965760 3146625024 3117505536
3742965760 3146620928 3117392896
3742973952 3146670080 3117370368
3742965760 3146489856 3117343744
3742445568 3146039296 3116853248
3742707712 3146309632 3117043712
3743232000 3149090816 3119607808
3742703616 3146420224 3117038592
3742441472 3146301440 3116952576
3742965760 3146702848 3117437952
3742445568 3145932800 3116730368
3742711808 3146358784 3117149184
3742969856 3146764288 3117489152
3742973952 3146518528 3117314048
3742969856 3148656640 3119310848
3742969856 3146547200 3117456384
3743232000 3146645504 3117501440
3742445568 3146170368 3116926976
3742449664 3146067968 3116898304
3742973952 3146436608 3117420544
3742973952 3146268672 3117285376
3743232000 3146604544 3117563904
3742711808 3148505088 3119255552
3743236096 3146530816 3117522944
