3772096512 3178254336 3146348544
3772755968 3178745856 3147037696
3774152704 3180593152 3148413952
3771551744 3178049536 3145835520
3771539456 3177881600 3145968640
3771805696 3178283008 3146245120
3774476288 3181068288 3148860416
3771564032 3180523520 3148118016
3773460480 3180466176 3148080128
3771564032 3178340352 3146039296
3772006400 3179134976 3146519552
3774357504 3181244416 3148838912
3770757120 3177598976 3145083904
3771543552 3178283008 3145935872
3772067840 3180896256 3148341248
3771588608 3180515328 3147969536
3771101184 3177766912 3145475072
3772063744 3178569728 3146427392
3775975424 3182784512 3150433280
3771871232 3178708992 3146164224
3771281408 3178049536 3145892864
3773898752 3180494848 3148366848
3771543552 3180494848 3147932672
3775119360 3181989888 3149650944
3774955520 3181789184 3149371392
3771019264 3178033152 3145529344
3771285504 3178590208 3145773056
3773030400 3180150784 3147549696
3785617408 3195908096 3163574272
3775352832 3182170112 3149722624
3771547648 3181072384 3148047360
3772596224 3179532288 3146919936
