3778154496 3184291840 3152380928
3778707456 3184979968 3153142784
3780370432 3186974720 3154744320
3777318912 3184025600 3151741952
3777306624 3183833088 3151707136
3777572864 3184046080 3151990784
3781304320 3187810304 3155564544
3777593344 3186511872 3154052096
3779829760 3186806784 3154356224
3777593344 3184209920 3151868928
3778154496 3185299456 3152627712
3780681728 3187818496 3155267584
3776524288 3183456256 3150892032
3777310720 3184103424 3151730688
3777835008 3186819072 3154207744
3777093632 3186311168 3153631232
3776942080 3183710208 3151376384
3777830912 3184336896 3152165888
3783131136 3189870592 3157454848
3777638400 3184541696 3151902720
3777048576 3183906816 3151609856
3780403200 3187011584 3154804736
3777310720 3186384896 3153751040
3781963776 3188936704 3156520960
3781591040 3188473856 3155997696
3776786432 3184025600 3151260672
3777052672 3184418816 3151454208
3779112960 3186659328 3153784832
3791929344 3202420736 3169985536
3782062080 3188989952 3156464640
3777314816 3187040256 3153933312
3778625536 3185823744 3152983040
