3779252224 3185545216 3153633280
3780075520 3186327552 3154489344
3781791744 3188310016 3156067328
3778629632 3185287168 3152995328
3778617344 3185053696 3152925696
3778883584 3185213440 3153157120
3782496256 3189239808 3156985856
3778904064 3187712000 3155246080
3781234688 3188158464 3155698688
3778641920 3185451008 3153107968
3779489792 3186515968 3153840128
3782152192 3189223424 3156667392
3777572864 3184615424 3152041984
3778621440 3185307648 3152927744
3779145728 3188080640 3155452928
3778404352 3187486720 3154798592
3778252800 3184963584 3152625664
3779141632 3185524736 3153350656
3784445952 3191386112 3158958080
3778686976 3185700864 3153061888
3778359296 3185172480 3152868352
3781820416 3188350976 3156135936
3778621440 3187650560 3154993152
3783479296 3190411264 3157972992
3783069696 3189870592 3157383168
3778097152 3185246208 3152468992
3778101248 3185614848 3152631808
3780497408 3187986432 3155096576
3793387520 3203829760 3171386368
3783507968 3190423552 3157886976
3778625536 3188260864 3155144704
3779674112 3187060736 3154209792
