3769876480 3176128512 3144237056
3770658816 3176820736 3145014272
3771912192 3178373120 3146237952
3769454592 3175981056 3143798784
3769704448 3176124416 3144024064
3769970688 3176235008 3144201216
3772211200 3178790912 3146598400
3769466880 3178397696 3146032128
3771514880 3178278912 3145913344
3769729024 3176361984 3144085504
3770134528 3177066496 3144495104
3772100608 3179065344 3146641408
3768922112 3175669760 3143182336
3769446400 3176284160 3143965696
3769970688 3178807296 3146318848
3769491456 3178545152 3145963520
3768979456 3175763968 3143498752
3769966592 3176497152 3144397824
3773476864 3180224512 3147951104
3769774080 3176652800 3144143872
3769446400 3176165376 3143929856
3771908096 3178340352 3146196992
3769446400 3178426368 3145907200
3772792832 3179618304 3147324416
3772678144 3179479040 3147120640
3769184256 3176136704 3143558144
3769188352 3176505344 3143770112
3770826752 3178086400 3145406464
3783364608 3193597952 3161329664
3773014016 3179773952 3147372544
3769450496 3178999808 3146049536
3770499072 3177492480 3144882176
