3749523456 3153907712 3123757056
3750305792 3154931712 3124548608
3750563840 3155091456 3124830208
3750043648 3154755584 3124355072
3749781504 3154546688 3124241408
3750047744 3154886656 3124452352
3750572032 3155316736 3124870144
3750043648 3154968576 3124398080
3750305792 3155140608 3124756480
3750305792 3155087360 3124583424
3750051840 3154935808 3124512768
3750043648 3155001344 3124429824
3749523456 3154382848 3123968000
3750047744 3154849792 3124347904
3750572032 3157426176 3126877184
3749781504 3154866176 3124222976
3749519360 3154485248 3123984384
3750305792 3155296256 3124748288
3749785600 3154649088 3124217856
3750051840 3154771968 3124393984
3750047744 3155062784 3124635648
3750313984 3155165184 3124646912
3750047744 3157012480 3126510592
3750309888 3155222528 3124773888
3750047744 3154759680 3124455424
3749785600 3154538496 3124068352
3749527552 3154325504 3124009984
3750313984 3155120128 3124838400
3750051840 3154812928 3124524032
3750572032 3155415040 3124832256
3750051840 3156905984 3126541312
3750576128 3155546112 3125169152
