3785977856 3192090624 3160175616
3786645504 3192766464 3160927232
3791056896 3197603840 3165346816
3784658944 3191422976 3159119872
3784646656 3191066624 3158932480
3784912896 3191345152 3159287808
3790020608 3196571648 3164292096
3784671232 3193696256 3161209856
3798945792 3209601024 3177127936
3784933376 3191541760 3159190528
3785568256 3192791040 3160087552
3789631488 3196727296 3164113920
3783864320 3190706176 3158116352
3784650752 3191312384 3158923264
3785175040 3194195968 3161547776
3784433664 3193597952 3160870912
3784318976 3191078912 3158728704
3785170944 3191599104 3159400448
3794833408 3201691648 3169235968
3784716288 3191816192 3159144448
3784388608 3191222272 3158912000
3788480512 3194990592 3162770432
3784650752 3193729024 3161025536
3795251200 3202109440 3169634304
3790254080 3197313024 3164809216
3784126464 3191312384 3158504448
3784130560 3191574528 3158564864
3787370496 3194765312 3161847808
3800424448 3211010048 3178549248
3790626816 3197755392 3165181952
3784654848 3194437632 3161275392
3785965568 3193192448 3160306688
