3839479808 3245789184 3213867008
3849699328 3255873536 3224026112
3842678784 3249344512 3217087488
3846942720 3253592064 3221284864
3844657152 3251130368 3218973696
3846922240 3253366784 3221285888
3856687104 3263238144 3230927872
3845197824 3257892864 3225397248
3854929920 3265515520 3233021952
3843518464 3253891072 3221506048
3829821440 3237150720 3204430848
3839275008 3246354432 3213731840
3834789888 3241771008 3209153536
3841134592 3247919104 3215506432
3830796288 3239763968 3207083008
3828928512 3238240256 3205501952
3842600960 3252948992 3220585472
3833176064 3239747584 3207530496
3875545088 3286007808 3253519360
3830194176 3237396480 3204704256
3843948544 3250544640 3218223104
3846115328 3252826112 3220570112
3844116480 3255103488 3222350848
3859369984 3270041600 3237533696
3844268032 3251281920 3218765824
3839827968 3247190016 3214351360
3827531776 3235151872 3202123776
3834028032 3241349120 3208376320
3865456640 3275997184 3243510784
3850256384 3257315328 3224729600
3846250496 3256020992 3222846464
3829891072 3237322752 3204424704
