3743232000 3146276864 3117508608
3743752192 3147005952 3118032896
3743748096 3147431936 3118132224
3743752192 3147354112 3118031872
3743227904 3146780672 3117705216
3743494144 3147264000 3117803520
3743756288 3147546624 3118217216
3743490048 3146981376 3117869056
3743752192 3147661312 3118325760
3743752192 3147481088 3118162944
3743760384 3147550720 3118145536
3743752192 3147440128 3118130176
3743232000 3146948608 3117615104
3743494144 3147325440 3117852672
3744018432 3150008320 3120412672
3743490048 3147280384 3117793280
3743227904 3147149312 3117706240
3743752192 3147665408 3118210048
3743232000 3146850304 3117492224
3743498240 3147239424 3117944832
3743756288 3147669504 3118271488
3743760384 3147415552 3118120960
3743756288 3149611008 3120108544
3743756288 3147456512 3118239744
3743756288 3147522048 3118270464
3743232000 3147075584 3117654016
3743236096 3147079680 3117677568
3743760384 3147390976 3118238720
3743760384 3147198464 3118065664
3744018432 3147505664 3118320640
3743498240 3149467648 3120039936
3744022528 3147489280 3118327808
