3882749952 3292741632 3260792832
3862265856 3268501504 3236632576
3881254912 3291533312 3259257856
3859668992 3266404352 3234067456
3890925568 3301109760 3268920320
3871305728 3277611008 3245514752
3888066560 3294789632 3262465024
3858644992 3271376896 3238851584
3902926848 3313389568 3280884736
3875336192 3285716992 3253331968
3861774336 3268861952 3236126720
3891290112 3301912576 3269268480
3866767360 3273691136 3241059328
3877158912 3283976192 3251559424
3860480000 3269505024 3236809728
3863298048 3272601600 3239856128
3875213312 3285778432 3253391360
3863445504 3270090752 3237859328
3908423680 3319025664 3286497280
3863281664 3270459392 3237737472
3871703040 3282026496 3249697792
3911839744 3322130432 3289860096
3885350912 3296382976 3263600640
3900911616 3311489024 3278958592
3887550464 3298074624 3265528832
3856596992 3263950848 3231075328
3864621056 3272265728 3239203840
3868086272 3275599872 3242588160
3901935616 3312590848 3280074752
3902697472 3309703168 3277086720
3862343680 3272146944 3238957056
3861225472 3268587520 3235647488
