3778154496 3184173056 3152376832
3778707456 3184939008 3153138688
3780370432 3186970624 3154740224
3777318912 3183841280 3151737856
3777306624 3183808512 3151703040
3777572864 3184041984 3151986688
3781304320 3187621888 3155560448
3777593344 3186507776 3154048000
3779829760 3186790400 3154352128
3777593344 3184205824 3151864832
3778154496 3185295360 3152623616
3780681728 3187810304 3155259392
3776524288 3183386624 3150887936
3777310720 3183939584 3151726592
3777835008 3186814976 3154203648
3777093632 3186307072 3153627136
3776942080 3183706112 3151372288
3777830912 3184173056 3152157696
3783131136 3189866496 3157450752
3777638400 3184488448 3151898624
3777048576 3183898624 3151601664
3780403200 3187007488 3154800640
3777310720 3186364416 3153746944
3781963776 3188891648 3156516864
3781591040 3188469760 3155993600
3776786432 3184021504 3151256576
3777052672 3184414720 3151450112
3779112960 3186655232 3153780736
3791929344 3202416640 3169981440
3782062080 3188805632 3156460544
3777314816 3187036160 3153929216
3778625536 3185819648 3152978944
