3814637568 3220930560 3189011456
3825979392 3232116736 3200269312
3819433984 3225989120 3193732096
3818119168 3224707072 3192400896
3809124352 3215560704 3183418368
3813441536 3219943424 3187877888
3822821376 3229478912 3197184000
3832901632 3245543424 3213048832
3836727296 3247202304 3214723072
3808149504 3215011840 3182651392
3828707328 3235979264 3203267584
3820470272 3227488256 3194865664
3809406976 3216367616 3183764480
3840348160 3247022080 3214621696
3814096896 3223203840 3190541312
3820081152 3229343744 3196606464
3837698048 3248254976 3215894528
3818356736 3224838144 3192637440
3843227648 3253633024 3221164032
3809366016 3216490496 3183813632
3808296960 3215020032 3182698496
3825143808 3231723520 3199488000
3831967744 3242889216 3210151936
3837026304 3243937792 3211438080
3818393600 3225264128 3192755200
3839041536 3246350336 3213531136
3826745344 3234357248 3201340416
3823292416 3230756864 3197799424
3817283584 3227738112 3195251712
3828527104 3235454976 3202873344
3807948800 3217653760 3184487424
3812851712 3220164608 3187266560
