3814719488 3221078016 3189158912
3826016256 3232223232 3200375808
3819565056 3226189824 3193932800
3818119168 3224776704 3192470528
3809361920 3215855616 3183713280
3813441536 3220017152 3187951616
3827064832 3233792000 3201497088
3832901632 3245613056 3213118464
3836813312 3247357952 3214878720
3809529856 3216199680 3183839232
3828719616 3236065280 3203353600
3820630016 3227717632 3195095040
3813507072 3220516864 3187913728
3840348160 3247091712 3214691328
3814096896 3223281664 3190619136
3824181248 3233521664 3200784384
3837960192 3248328704 3215968256
3818356736 3224907776 3192707072
3843493888 3253968896 3221499904
3809873920 3216809984 3184133120
3808497664 3215306752 3182985216
3829354496 3236012032 3203776512
3835695104 3246678016 3213940736
3837206528 3244195840 3211696128
3819282432 3226218496 3193709568
3839041536 3246411776 3213592576
3827007488 3234414592 3201397760
3823378432 3230916608 3197959168
3817934848 3228467200 3195980800
3828686848 3235692544 3203110912
3809038336 3218821120 3185654784
3816947712 3224330240 3191432192
