3760005120 3165429760 3134279680
3760898048 3166507008 3135328256
3761156096 3166834688 3135564800
3760017408 3165777920 3134329856
3760267264 3166060544 3134570496
3760271360 3166175232 3134646272
3761274880 3167047680 3135705088
3760029696 3166105600 3134406656
3760812032 3166715904 3135195136
3760291840 3166171136 3134665728
3760537600 3166343168 3134813184
3761082368 3166875648 3135412224
3759747072 3165978624 3134169088
3760009216 3166113792 3134518272
3760271360 3168223232 3136710656
3759792128 3168129024 3136377856
3759742976 3165532160 3134038016
3760529408 3166199808 3134860288
3761582080 3167227904 3135911936
3760336896 3166310400 3134708736
3760009216 3166040064 3134598144
3760951296 3166937088 3135389696
3760009216 3168239616 3136516096
3761590272 3167436800 3135901696
3761340416 3167031296 3135688704
3760009216 3166183424 3134395392
3759751168 3165949952 3134284800
3760545792 3166867456 3135170560
3772305408 3181568000 3150302208
3761463296 3167383552 3135794176
3760013312 3168481280 3136672768
3760799744 3166711808 3135092736
