3785142272 3191488512 3159573504
3786076160 3192164352 3160325120
3788333056 3194867712 3162610688
3784134656 3190861824 3158562816
3784122368 3190505472 3158371328
3784388608 3190804480 3158747136
3789398016 3195912192 3163635712
3784146944 3193139200 3160656896
3798339584 3208957952 3176488960
3784409088 3191009280 3158666240
3785031680 3192213504 3159514112
3788972032 3196043264 3163433984
3783340032 3190185984 3157596160
3783864320 3190767616 3158378496
3784650752 3193626624 3160981504
3783909376 3193077760 3160350720
3783794688 3190542336 3158192128
3784646656 3191054336 3158862848
3791945728 3198844928 3166389248
3784192000 3191267328 3158595584
3783864320 3190681600 3158371328
3787886592 3194396672 3162176512
3783864320 3193180160 3160480768
3790422016 3197288448 3164816384
3789582336 3196624896 3164121088
3783602176 3190763520 3157966848
3783606272 3191025664 3158016000
3786772480 3194126336 3161208832
3799789568 3210346496 3177887744
3789979648 3197063168 3164489728
3784130560 3193880576 3160718336
3785179136 3192627200 3159741440
