3750834176 3155406848 3125193728
3751616512 3156402176 3125937152
3751874560 3156664320 3126327296
3751354368 3156316160 3125755904
3751354368 3156156416 3125734400
3751620608 3156430848 3125861376
3751882752 3156877312 3126308864
3751354368 3156500480 3125821440
3751616512 3156652032 3126163456
3751616512 3156631552 3126029312
3751624704 3156525056 3125980160
3751354368 3156488192 3125824512
3751096320 3155902464 3125354496
3751358464 3156439040 3125772288
3751882752 3158863872 3128211456
3751092224 3156377600 3125603328
3751092224 3155996672 3125384192
3751878656 3156828160 3126207488
3751358464 3156262912 3125665792
3751362560 3156312064 3125817344
3751620608 3156471808 3125982208
3751624704 3156774912 3126080512
3751358464 3158515712 3127899136
3751620608 3156807680 3126196224
3751620608 3156303872 3125889024
3751096320 3156123648 3125515264
3751100416 3155804160 3125416960
3751886848 3156738048 3126289408
3751624704 3156398080 3125972992
3751882752 3157008384 3126280192
3751624704 3158421504 3127977984
3752148992 3157139456 3126624256
