3826003968 3232333824 3200411648
3826720768 3232911360 3201063936
3837321216 3243974656 3211717632
3818643456 3225276416 3192969216
3817521152 3224084480 3191942144
3817754624 3224207360 3192206336
3853324288 3259817984 3227522048
3833425920 3246170112 3213674496
3850027008 3260588032 3228112896
3835789312 3246145536 3213774848
3829391360 3236700160 3203987456
3834593280 3241660416 3209037824
3834527744 3241512960 3208909824
3840872448 3247611904 3215206400
3817754624 3227025408 3194358784
3824705536 3234017280 3201278976
3838484480 3248852992 3216489472
3818881024 3225460736 3193243648
3872870400 3283329024 3250844672
3818110976 3225190400 3192498176
3816599552 3223429120 3191128064
3844993024 3251679232 3219423232
3840024576 3250970624 3218217984
3839004672 3246002176 3213494272
3842613248 3249582080 3217065984
3839565824 3246944256 3214105600
3827269632 3234869248 3201844224
3824734208 3232075776 3199102976
3834511360 3245056000 3212569600
3836436480 3243454464 3210889216
3817082880 3226927104 3193756672
3819524096 3226914816 3194016768
