3865640960 3275554816 3243624448
3858980864 3265138688 3233276928
3871662080 3282022400 3249765376
3855929344 3262529536 3230208000
3878789120 3289096192 3256935424
3870257152 3276660736 3244579840
3865481216 3272032256 3239721984
3848044544 3260604416 3228108800
3892568064 3303108608 3270615040
3870470144 3281014784 3248629760
3852402688 3259584512 3226863616
3876622336 3287343104 3254713344
3853418496 3260592128 3227974656
3847675904 3254419456 3222002688
3859431424 3268603904 3235922944
3862511616 3271733248 3238994944
3866509312 3277037568 3244659712
3862659072 3269193728 3236962304
3888369664 3298856960 3266333696
3853529088 3260661760 3227940864
3863023616 3273478144 3241149440
3881394176 3288104960 3255834624
3864506368 3275411456 3242630144
3889795072 3300519936 3267990528
3884503040 3295129600 3262584832
3843571712 3250868224 3217992704
3863834624 3271360512 3238310912
3855765504 3263352832 3230344192
3887796224 3298283520 3265782784
3900723200 3307569152 3274975232
3847036928 3256725504 3223543808
3859103744 3266547712 3233627136
