3852615680 3258974208 3227052032
3852185600 3258417152 3226569728
3850289152 3256803328 3224546304
3855405056 3262115840 3229808640
3869515776 3276042240 3243881472
3869732864 3276234752 3244153856
3864158208 3270774784 3238464512
3845459968 3258216448 3225720832
3867594752 3278245888 3245752320
3855081472 3265474560 3233089536
3842859008 3249889280 3217168384
3854368768 3261235200 3228625920
3835052032 3242049536 3209432064
3841396736 3248254976 3215842304
3848921088 3257925632 3225244672
3862249472 3271352320 3238614016
3850596352 3261022208 3228644352
3862134784 3268755456 3236538368
3878182912 3288793088 3256284160
3853266944 3260276736 3227570176
3855269888 3265613824 3233289216
3851649024 3258167296 3225911296
3856125952 3267121152 3234354176
3876122624 3286855680 3254333440
3870912512 3281412096 3248881664
3840352256 3247509504 3214662656
3855372288 3262783488 3229741056
3846070272 3253501952 3220526080
3878879232 3289481216 3256994816
3884789760 3291697152 3259111424
3846512640 3256340480 3223165952
3842445312 3249709056 3216806912
