3815202816 3221549056 3189629952
3826360320 3232575488 3200728064
3820216320 3226865664 3194608640
3818381312 3225026560 3192720384
3811758080 3218243584 3186101248
3813703680 3220258816 3188201472
3835936768 3242754048 3210463232
3833163776 3245887488 3213392896
3837353984 3247919104 3215439872
3828105216 3238469632 3206108160
3829043200 3236347904 3203636224
3821338624 3228422144 3195799552
3821965312 3228958720 3196355584
3840610304 3247357952 3214957568
3814359040 3223515136 3190852608
3824443392 3233763328 3201030144
3838222336 3248607232 3216246784
3818618880 3225182208 3192967168
3855773696 3266244608 3233761280
3812020224 3219230720 3186539520
3810856960 3217666048 3185344512
3838132224 3244826624 3212572672
3835957248 3246956544 3214204928
3838042112 3245043712 3212536832
3827298304 3234242560 3201733632
3839303680 3246702592 3213869056
3827269632 3234668544 3201644544
3824168960 3231485952 3198514176
3820892160 3231432704 3198946304
3829383168 3236388864 3203807232
3811385344 3221164032 3187997696
3819261952 3226648576 3193750528
