3769442304 3175608320 3143811072
3774500864 3180621824 3148937216
3769180160 3175960576 3143611392
3769204736 3175776256 3143619584
3769180160 3175768064 3143623680
3769991168 3176222720 3144254464
3772903424 3179323392 3147127808
3770667008 3177336832 3145023488
3769708544 3178717184 3146248192
3769970688 3176599552 3144332288
3769180160 3176288256 3143669760
3772624896 3179380736 3146955776
3768922112 3177795584 3145390080
3769712640 3176161280 3144094720
3770855424 3177754624 3145323520
3769294848 3176415232 3143754752
3769180160 3178065920 3145737216
3769454592 3176030208 3143908352
3771453440 3178364928 3145927680
3770499072 3177324544 3144848384
3769446400 3176259584 3143749632
3769704448 3176280064 3144068096
3769446400 3176493056 3143960576
3770363904 3179397120 3146976256
3770494976 3177197568 3144830976
3769450496 3176333312 3143823360
3770744832 3177541632 3145082880
3769352192 3176419328 3143861248
3770490880 3177291776 3144893440
3771244544 3177844736 3145575424
3771584512 3178758144 3146155008
3771023360 3178102784 3145396224
