3821875200 3231813632 3199984640
3826278400 3232292864 3200537600
3818536960 3225489408 3193037824
3829075968 3237580800 3205287936
3804344320 3212894208 3180738560
3805175808 3211644928 3179611136
3820150784 3226845184 3194523648
3814735872 3223674880 3191250944
3803762688 3212947456 3180360704
3827789824 3234603008 3202214912
3823292416 3230531584 3197714432
3822727168 3229593600 3196969984
3803377664 3212292096 3179817984
3804524544 3211132928 3178927104
3830452224 3237376000 3204748288
3829166080 3236573184 3203721216
3810865152 3219677184 3187269632
3804577792 3211288576 3179023360
3818311680 3225206784 3192577024
3814699008 3221778432 3189066752
3820724224 3227590656 3195008000
3818446848 3229048832 3196677120
3803504640 3210858496 3178118144
3814727680 3223883776 3191264256
3806433280 3213369344 3180835840
3804065792 3211243520 3178484736
3814182912 3221413888 3188526080
3811930112 3219230720 3186381824
3806445568 3213475840 3180889088
3812347904 3219279872 3186797568
3832979456 3240341504 3207427072
3832827904 3243917312 3210973184
