3870519296 3280306176 3248462848
3904008192 3310112768 3278353408
3851087872 3258052608 3225586688
3855622144 3264118784 3231811584
3874140160 3286405120 3254220800
3850104832 3256483840 3224450048
3867365376 3274256384 3241934848
3854729216 3263668224 3231244288
3847000064 3256107008 3223520256
3859648512 3266523136 3234127872
3865133056 3272433664 3239616512
3899666432 3306545152 3273921536
3871395840 3280207872 3247728640
3875389440 3281985536 3249770496
3862323200 3269312512 3236680704
3856891904 3264065536 3231213568
3858235392 3267174400 3234758656
3848749056 3255361536 3223088128
3861831680 3268861952 3236229120
3887697920 3294859264 3262147584
3851333632 3258396672 3225812992
3868049408 3278483456 3246111744
3846729728 3253936128 3221194752
3862372352 3271589888 3238970368
3868884992 3279618048 3247070208
3847745536 3254931456 3222171648
3855777792 3263098880 3230193664
3853926400 3261202432 3228332032
3852439552 3259568128 3226966016
3875008512 3281960960 3249478656
3867873280 3275386880 3242458112
3877691392 3288870912 3255912448
