3772588032 3178827776 3147077632
3778428928 3184603136 3152934912
3772588032 3179364352 3147031552
3772612608 3179130880 3146969088
3772588032 3179044864 3146917888
3773136896 3179565056 3147621376
3776688128 3183308800 3151136768
3774148608 3180871680 3148590080
3773116416 3182051328 3149582336
3773378560 3179941888 3147681792
3772588032 3179663360 3146993664
3776466944 3183349760 3150894080
3772067840 3180978176 3148585984
3773120512 3179618304 3147557888
3774369792 3181326336 3148890112
3772702720 3179905024 3147229184
3772588032 3181477888 3149195264
3772862464 3179356160 3147280384
3775102976 3182043136 3149635584
3773681664 3180789760 3148354560
3772592128 3179454464 3147061248
3773112320 3179683840 3147559936
3772854272 3179872256 3147359232
3773796352 3182882816 3150504960
3773902848 3180707840 3148406784
3772596224 3179778048 3147280384
3774152704 3181187072 3148655616
3772772352 3179872256 3147341824
3773898752 3180826624 3148490752
3774930944 3181572096 3149349888
3775270912 3182620672 3149962240
3774398464 3181805568 3149116416
