3794923520 3204956160 3173128192
3792650240 3198791680 3167048704
3783598080 3190398976 3157974016
3783884800 3190403072 3158127616
3783860224 3190288384 3158112256
3784409088 3190833152 3158799360
3789934592 3196538880 3164218368
3785854976 3194630144 3162211328
3784126464 3193114624 3160534016
3784388608 3191189504 3158811648
3783598080 3190874112 3158061056
3789832192 3196932096 3164309504
3783340032 3192053760 3159582720
3784392704 3190865920 3158676480
3786174464 3193077760 3160462336
3783974912 3191271424 3158427648
3783860224 3192643584 3160248320
3783872512 3190550528 3158296576
3787501568 3194654720 3162038272
3785674752 3192713216 3160025088
3783340032 3190304768 3157726208
3784384512 3191095296 3158732800
3783602176 3190771712 3158051840
3785531392 3194716160 3162114048
3785175040 3192193024 3159663616
3783868416 3190935552 3158193152
3785424896 3192700928 3159832576
3784130560 3191390208 3158556672
3785433088 3192344576 3159772160
3787378688 3194298368 3161822208
3787694080 3195092992 3162192896
3786616832 3194155008 3161226240
