3882463232 3292315648 3260472320
3904876544 3310845952 3279102976
3851350016 3258118144 3225652224
3855622144 3264176128 3231873024
3874140160 3286482944 3254302720
3853541376 3259998208 3227968512
3877199872 3286081536 3253772288
3863228416 3271983104 3239559168
3850571776 3259502592 3226919936
3876368384 3283058688 3250663424
3877691392 3284807680 3251994624
3906400256 3313356800 3280745472
3871395840 3280289792 3247810560
3875389440 3282063360 3249848320
3874721792 3281797120 3249165312
3869192192 3276447744 3243599872
3858235392 3267248128 3234832384
3852132352 3258826752 3226557440
3871199232 3278209024 3245580288
3896049664 3303288832 3270577152
3851595776 3258466304 3225882624
3868049408 3278589952 3246218240
3850006528 3257290752 3224549376
3875110912 3284205568 3251586048
3876577280 3287089152 3254545408
3855417344 3262676992 3229917184
3861991424 3269406720 3236501504
3853926400 3261276160 3228405760
3856334848 3263303680 3230701568
3883819008 3290591232 3258121216
3880488960 3288018944 3255094272
3886276608 3297501184 3264542720
