3870257152 3280023552 3248180224
3903258624 3309285376 3277526016
3850825728 3257782272 3225316352
3855360000 3263860736 3231553536
3873878016 3286114304 3253929984
3848814592 3255173120 3223139328
3866718208 3273580544 3241259008
3854442496 3263369216 3230945280
3845754880 3254857728 3222270976
3855237120 3262070784 3229675520
3860770816 3268034560 3235217408
3894968320 3301842944 3269219328
3871133696 3279929344 3247450112
3875127296 3281682432 3249467392
3857911808 3264864256 3232232448
3852529664 3259695104 3226843136
3857973248 3266863104 3234447360
3847475200 3254079488 3221806080
3861315584 3268325376 3235692544
3883241472 3290394624 3257682944
3849019392 3256086528 3223502848
3867787264 3278184448 3245812736
3845464064 3252666368 3219924992
3857862656 3267051520 3234432000
3868622848 3279339520 3246791680
3846590464 3253760000 3221000192
3855491072 3262783488 3229878272
3849564160 3256856576 3223986176
3851091968 3258183680 3225581568
3870441472 3277369344 3244887040
3863269376 3270680576 3237751808
3877212160 3288346624 3255388160
