3853094912 3262951424 3231108096
3842285568 3248209920 3216450560
3819323392 3226148864 3193682944
3829600256 3238203392 3205906432
3821428736 3229806592 3197622272
3820109824 3226542080 3194508288
3859091456 3265839104 3233517568
3828076544 3236827136 3204403200
3839655936 3248599040 3216012288
3828576256 3235221504 3202833408
3824078848 3231195136 3198377984
3836174336 3243134976 3210511360
3818090496 3226828800 3194350592
3819114496 3225788416 3193578496
3831484416 3238526976 3205899264
3829952512 3237212160 3204360192
3827965952 3236892672 3204485120
3819294720 3226013696 3193745408
3840536576 3247538176 3214908416
3827687424 3234902016 3202190336
3837644800 3244584960 3212002304
3857391616 3267874816 3235503104
3818221568 3225317376 3192577024
3828264960 3237269504 3204649984
3829936128 3236966400 3204418560
3818631168 3225939968 3193180160
3827077120 3234533376 3201628160
3819565056 3226996736 3194133504
3821486080 3228573696 3195975680
3836641280 3243384832 3210902528
3834585088 3242078208 3209156608
3846234112 3257466880 3224508416
