3744276480 3147636736 3118750720
3744804864 3148374016 3119129600
3744014336 3147849728 3118443520
3743752192 3147509760 3118157824
3744014336 3147771904 3118496768
3744550912 3148402688 3118786560
3744538624 3147972608 3118716928
3744276480 3147595776 3118456832
3744280576 3150180352 3120807936
3744280576 3148009472 3118602240
3744276480 3147878400 3118613504
3744280576 3148001280 3118609408
3744018432 3149746176 3120307200
3744284672 3148283904 3118716928
3744538624 3148529664 3118930944
3744018432 3148066816 3118526464
3744014336 3150016512 3120525312
3744538624 3148156928 3118726144
3744280576 3148128256 3118710784
3744284672 3147931648 3118612480
3744280576 3148001280 3118531584
3744538624 3148304384 3119044608
3744280576 3148247040 3118767104
3744280576 3150155776 3120768000
3744804864 3148464128 3119236096
3744022528 3147956224 3118409728
3744280576 3147980800 3118605312
3744026624 3147603968 3118409728
3744800768 3148410880 3119212544
3744280576 3148161024 3118678016
3744018432 3147800576 3118356480
3744022528 3147546624 3118380032
