3747160064 3150823424 3121480704
3747688448 3151745024 3122091008
3746635776 3151024128 3121136640
3746635776 3150749696 3120993280
3746897920 3151163392 3121259520
3747172352 3151626240 3121627136
3747160064 3151323136 3121577984
3747160064 3151020032 3121377280
3747164160 3153440768 3123590144
3747164160 3151499264 3121470464
3746897920 3151015936 3121288192
3747164160 3151400960 3121438720
3746639872 3152912384 3123058688
3746906112 3151486976 3121431552
3747422208 3151679488 3121699840
3746902016 3151470592 3121297408
3746897920 3153227776 3123292160
3747160064 3151200256 3121399808
3747164160 3151368192 3121447936
3746906112 3151216640 3121371136
3746902016 3151085568 3121331200
3747422208 3151499264 3121816576
3747164160 3151593472 3121573888
3746902016 3153522688 3123547136
3747426304 3151486976 3121887232
3746906112 3151179776 3121253376
3747164160 3151155200 3121401856
3746910208 3151065088 3121267712
3747684352 3151720448 3122048000
3747164160 3151405056 3121443840
3746639872 3151060992 3121143808
3746906112 3150811136 3121212416
