3882725376 3292499968 3260656640
3905421312 3311583232 3279823872
3853336576 3260268544 3227802624
3855884288 3264331776 3232024576
3874402304 3286646784 3254470656
3855953920 3262328832 3230295040
3877683200 3286654976 3254333440
3863322624 3272241152 3239817216
3852595200 3261706240 3229119488
3876442112 3283304448 3250909184
3885891584 3293155328 3260338176
3907014656 3313893376 3281269760
3871657984 3280437248 3247958016
3875651584 3282219008 3250003968
3883249664 3290226688 3257594880
3877650432 3284811776 3251959808
3858497536 3267416064 3235000320
3854528512 3261100032 3228826624
3877924864 3284832256 3252199424
3896385536 3303526400 3270814720
3851595776 3258609664 3226025984
3868311552 3278770176 3246398464
3852324864 3259490304 3226748928
3883479040 3292667904 3260048384
3880312832 3290992640 3258444800
3863879680 3271041024 3238285312
3862253568 3269558272 3236653056
3856445440 3263672320 3230801920
3858853888 3265744896 3233150976
3884027904 3290984448 3258502144
3889213440 3296645120 3263716352
3886768128 3297873920 3264915456
