3882987520 3292770304 3260926976
3906277376 3312488448 3280729088
3864883200 3271852032 3239386112
3857338368 3265826816 3233519616
3874664448 3286937600 3254753280
3859345408 3265753088 3233719296
3880718336 3289325568 3257004032
3867795456 3276750848 3244326912
3861032960 3270172672 3237585920
3876798464 3283685376 3251290112
3896401920 3303723008 3270905856
3907641344 3314552832 3281929216
3871920128 3280723968 3248244736
3875913728 3282526208 3250311168
3885613056 3292626944 3259995136
3879964672 3287130112 3254278144
3858759680 3267690496 3235274752
3857883136 3264458752 3232185344
3890778112 3297710080 3265077248
3896733696 3303903232 3271191552
3858870272 3265892352 3233308672
3881029632 3291467776 3259096064
3855568896 3262742528 3230001152
3896270848 3305500672 3272881152
3880574976 3291344896 3258797056
3876442112 3283628032 3250868224
3864567808 3271909376 3239004160
3866955776 3274211328 3241340928
3862388736 3269304320 3236702208
3884781568 3291516928 3259034624
3902091264 3309543424 3276614656
3887321088 3298459648 3265501184
