3768918016 3175063552 3143270400
3773890560 3179974656 3148295168
3768655872 3175399424 3143061504
3768680448 3175174144 3143048192
3768655872 3175223296 3143079936
3769466880 3175645184 3143676928
3772059648 3178676224 3146491904
3770130432 3176771584 3144459264
3769184256 3178180608 3145715712
3769446400 3176046592 3143787520
3768655872 3175727104 3143121920
3772026880 3178745856 3146334208
3768659968 3177291776 3144894464
3769188352 3175620608 3143566336
3770306560 3177140224 3144720384
3768770560 3175813120 3143172096
3768655872 3177504768 3145193472
3769192448 3175530496 3143417856
3770892288 3177717760 3145335808
3769974784 3176759296 3144301568
3768922112 3175735296 3143221248
3769180160 3175743488 3143532544
3768922112 3175931904 3143415808
3769839616 3178860544 3146443776
3769970688 3176640512 3144285184
3768926208 3175768064 3143300096
3769958400 3176878080 3144480768
3768827904 3175804928 3143296000
3769966592 3176730624 3144348672
3770671104 3177193472 3144940544
3771023360 3178135552 3145559040
3770462208 3177537536 3144838144
