3857567744 3267457024 3235613696
3887702016 3293863936 3262104576
3850301440 3257159680 3224693760
3846635520 3255074816 3222767616
3854823424 3266957312 3234772992
3837030400 3243261952 3211228160
3862437888 3268988928 3236667392
3841044480 3249844224 3217420288
3844280320 3253358592 3220771840
3837874176 3244576768 3212188672
3835211776 3242340352 3209523200
3851649024 3258667008 3226043392
3848060928 3256782848 3224303616
3858206720 3264667648 3232456704
3844165632 3251236864 3218605056
3835789312 3243089920 3210237952
3857186816 3266170880 3233762304
3836043264 3242545152 3210275840
3857313792 3264434176 3231801344
3840999424 3248242688 3215531008
3838169088 3245109248 3212525568
3857915904 3268546560 3236174848
3834335232 3241410560 3208669184
3841855488 3250925568 3218306048
3853287424 3263819776 3231271936
3846066176 3253157888 3220398080
3839803392 3247243264 3214338048
3842899968 3250102272 3217235968
3838681088 3245821952 3213223936
3845439488 3252219904 3219737600
3848986624 3256299520 3223370752
3871936512 3282972672 3250014208
