3805753344 3215585280 3183756288
3813535744 3219582976 3187827712
3817488384 3224379392 3191934976
3828027392 3234631680 3202344960
3797831680 3206275072 3174097920
3798577152 3205058560 3173024768
3809562624 3216302080 3183980544
3804041216 3212894208 3180470272
3796406272 3205439488 3172853760
3826741248 3233443840 3201060864
3799695360 3206856704 3174039552
3809972224 3216969728 3184347136
3795849216 3204665344 3172192256
3798224896 3204694016 3172488192
3828801536 3235827712 3203208192
3828117504 3235500032 3202652160
3809554432 3218513920 3186114560
3798228992 3204788224 3172531200
3806633984 3213676544 3181046784
3805831168 3213041664 3180335104
3796660224 3203682304 3171099648
3817398272 3227770880 3195404288
3797307392 3204509696 3171777536
3804057600 3213099008 3180488704
3799687168 3206639616 3174106112
3797680128 3204784128 3172033536
3803348992 3210776576 3177892864
3801776128 3209007104 3176165376
3799601152 3206635520 3174051840
3806511104 3213357056 3180875776
3830882304 3238391808 3205480448
3807490048 3215020032 3182081024
