3777830912 3183882240 3152062464
3784761344 3190902784 3159157760
3777568768 3184365568 3151951872
3777593344 3184238592 3151985664
3777568768 3184156672 3151980544
3778379776 3184685056 3152653312
3782512640 3189112832 3156811776
3779584000 3188318208 3155923968
3778097152 3187154944 3154590720
3778359296 3185029120 3152663552
3777568768 3184795648 3152002048
3782365184 3189420032 3156824064
3777310720 3185999872 3153537024
3778101248 3184746496 3152578560
3779723264 3186622464 3154030592
3777945600 3185197056 3152391168
3777568768 3186552832 3154162688
3777843200 3184427008 3152177152
3780780032 3187757056 3155169280
3779104768 3186196480 3153539072
3777572864 3184431104 3151872000
3778093056 3184922624 3152581632
3777572864 3184832512 3152137216
3779174400 3188133888 3155565568
3779145728 3185950720 3153444864
3777839104 3184869376 3152172032
3779133440 3186503680 3153692672
3778052096 3185217536 3152414720
3779141632 3186008064 3153465344
3780575232 3187273728 3154840576
3780915200 3188232192 3155362816
3779993600 3187380224 3154460672
