3857305600 3267112960 3235269632
3856838656 3262795776 3231036416
3831590912 3238420480 3205954560
3829862400 3238486016 3206178816
3827290112 3235704832 3203520512
3828051968 3234492416 3202458624
3860566016 3267313664 3234992128
3831611392 3240353792 3207929856
3844018176 3253055488 3220468736
3828887552 3235528704 3203140608
3832623104 3239747584 3206930432
3840905216 3247865856 3215242240
3828600832 3237429248 3204951040
3829248000 3235680256 3203470336
3834195968 3241234432 3208606720
3830214656 3237470208 3204618240
3852824576 3261775872 3229368320
3827453952 3233927168 3201658880
3849940992 3256967168 3224337408
3831357440 3238580224 3205868544
3837906944 3244810240 3212227584
3857653760 3268231168 3235859456
3825954816 3233017856 3200277504
3832094720 3241103360 3208483840
3845357568 3256102912 3223555072
3843489792 3250802688 3218042880
3830468608 3237847040 3204941824
3842375680 3249811456 3216948224
3829739520 3236827136 3204229120
3837640704 3244404736 3211922432
3837796352 3245318144 3212389376
3858563072 3269808128 3236849664
