# Power spectrum from CO𝘕CEPT job 3337060 at t = 1.1701607 Gyr, a = 0.16666667.
# 
# Below, the following component mapping is used:
#   GADGET halo: 0
# 
#            grid size 2048            
# ╭───────────────────────────────────╮
#                         component 0  
#                        σ₈ = 1.77e-01 
#  k [Mpc⁻¹]     modes    power [Mpc³] 
2.0555343e-03         3  1.5733661e+03 
3.1682946e-03        10  2.1692605e+03 
4.7373740e-03        27  2.8130429e+03 
6.3820863e-03        45  3.2740572e+03 
7.9115775e-03        67  3.5526759e+03 
9.7085247e-03       141  3.7192392e+03 
1.1813252e-02       217  3.7459353e+03 
1.3856891e-02       265  3.6628006e+03 
1.5841939e-02       375  3.4972615e+03 
1.7888150e-02       469  3.3003946e+03 
1.9901651e-02       573  3.0704507e+03 
2.1881279e-02       679  2.8468777e+03 
2.3948430e-02       889  2.6269716e+03 
2.6081093e-02      1053  2.4237530e+03 
2.8115028e-02      1105  2.2565191e+03 
3.0202696e-02      1467  2.1029510e+03 
3.2301768e-02      1501  1.9881446e+03 
3.4320488e-02      1737  1.8889869e+03 
3.6361308e-02      1963  1.8116979e+03 
3.8387170e-02      2125  1.7384530e+03 
4.0448527e-02      2517  1.6794310e+03 
4.2495081e-02      2575  1.6200920e+03 
4.4559373e-02      3081  1.5596092e+03 
4.6619810e-02      3133  1.5092602e+03 
4.8626230e-02      3429  1.4486340e+03 
5.0698420e-02      3991  1.3798019e+03 
5.2767419e-02      4009  1.3117027e+03 
5.4798420e-02      4497  1.2369968e+03 
5.6846237e-02      4747  1.1631054e+03 
5.8921201e-02      5289  1.0927786e+03 
6.1004129e-02      5581  1.0286932e+03 
6.3069439e-02      5901  9.6472061e+02 
6.5118908e-02      6295  9.0734534e+02 
6.7157867e-02      6601  8.6440393e+02 
6.9203946e-02      7161  8.1620026e+02 
7.1259216e-02      7531  7.8427072e+02 
7.3320923e-02      8037  7.5756783e+02 
7.5380084e-02      8437  7.3142912e+02 
7.7422429e-02      8827  7.1204983e+02 
7.9481554e-02      9513  6.9009186e+02 
8.1531963e-02      9709  6.7667470e+02 
8.3596155e-02     10641  6.6357727e+02 
8.5641085e-02     10567  6.4703925e+02 
8.7689062e-02     11685  6.3076145e+02 
8.9782895e-02     12169  6.0826180e+02 
9.1815319e-02     12091  5.9107757e+02 
9.3851282e-02     13257  5.6694672e+02 
9.5913315e-02     13657  5.4572470e+02 
9.7967195e-02     14241  5.2262812e+02 
1.0001807e-01     14851  5.0071797e+02 
1.0207917e-01     15609  4.7783169e+02 
1.0414799e-01     16189  4.5658163e+02 
1.0618584e-01     16471  4.3757518e+02 
1.0823122e-01     17481  4.2052964e+02 
1.1029611e-01     18253  4.0695200e+02 
1.1236449e-01     18801  3.9161395e+02 
1.1442170e-01     19495  3.8023991e+02 
1.1647381e-01     20101  3.6953728e+02 
1.1853259e-01     20985  3.6244043e+02 
1.2058304e-01     21451  3.5491958e+02 
1.2263967e-01     22533  3.4896243e+02 
1.2469240e-01     22945  3.4072671e+02 
1.2673867e-01     23811  3.3476573e+02 
1.2879081e-01     24625  3.2785675e+02 
1.3085180e-01     25705  3.2084099e+02 
1.3291698e-01     26241  3.1237745e+02 
1.3496948e-01     27043  3.0531607e+02 
1.3702764e-01     28029  2.9704730e+02 
1.3907763e-01     28489  2.8811410e+02 
1.4113599e-01     30039  2.7773010e+02 
1.4320145e-01     30301  2.6935720e+02 
1.4523906e-01     31033  2.6080977e+02 
1.4729212e-01     32529  2.5369291e+02 
1.4934836e-01     32935  2.4624391e+02 
1.5140707e-01     34437  2.3794871e+02 
1.5346397e-01     34645  2.3220984e+02 
1.5550627e-01     35979  2.2659337e+02 
1.5756514e-01     36949  2.2032935e+02 
1.5962681e-01     38113  2.1475181e+02 
1.6167782e-01     38475  2.1082748e+02 
1.6372378e-01     39865  2.0650509e+02 
1.6579308e-01     41493  2.0362748e+02 
1.6786093e-01     41665  1.9910991e+02 
1.6990109e-01     42631  1.9674982e+02 
1.7195432e-01     44085  1.9301563e+02 
1.7402275e-01     45505  1.8854295e+02 
1.7607967e-01     45735  1.8528677e+02 
1.7812722e-01     47125  1.8159256e+02 
1.8018650e-01     48585  1.7775597e+02 
1.8224131e-01     48961  1.7311979e+02 
1.8429151e-01     50743  1.6982302e+02 
1.8634236e-01     51165  1.6574459e+02 
1.8839905e-01     53257  1.6128446e+02 
1.9045754e-01     53655  1.5781157e+02 
1.9250238e-01     54793  1.5403874e+02 
1.9456490e-01     57057  1.5041603e+02 
1.9662336e-01     56839  1.4732261e+02 
1.9867529e-01     59101  1.4469728e+02 
2.0073251e-01     59709  1.4179624e+02 
2.0278666e-01     61225  1.3937260e+02 
2.0484660e-01     62607  1.3622934e+02 
2.0689969e-01     63253  1.3432959e+02 
2.0895046e-01     65061  1.3197637e+02 
2.1100421e-01     66031  1.2951461e+02 
2.1305939e-01     67525  1.2737625e+02 
2.1511322e-01     68769  1.2516437e+02 
2.1716836e-01     70105  1.2312426e+02 
2.1922722e-01     71787  1.2097190e+02 
2.2128094e-01     72337  1.1874965e+02 
2.2333415e-01     74401  1.1672592e+02 
2.2539107e-01     75531  1.1469578e+02 
2.2745465e-01     77473  1.1233878e+02 
2.2950140e-01     77193  1.1046263e+02 
2.3154395e-01     79765  1.0833146e+02 
2.3361183e-01     82143  1.0681860e+02 
2.3567721e-01     82393  1.0490365e+02 
2.3772832e-01     83833  1.0183551e+02 
2.3977483e-01     85059  1.0103584e+02 
2.4183019e-01     87253  9.9195174e+01 
2.4389245e-01     88857  9.7680426e+01 
2.4594961e-01     89659  9.5800323e+01 
2.4800280e-01     91533  9.3793630e+01 
2.5005259e-01     92401  9.2397664e+01 
2.5211125e-01     95353  9.1512919e+01 
2.5416648e-01     95271  8.9791199e+01 
2.5622082e-01     98269  8.8668882e+01 
2.5827343e-01     98217  8.7186354e+01 
2.6032972e-01    101899  8.5431623e+01 
2.6239326e-01    102009  8.4485762e+01 
2.6444413e-01    103993  8.3348391e+01 
2.6650004e-01    105553  8.1803259e+01 
2.6855378e-01    107139  8.0997959e+01 
2.7061017e-01    109189  7.9502760e+01 
2.7265856e-01    109341  7.8257138e+01 
2.7471045e-01    113179  7.7304387e+01 
2.7676841e-01    113053  7.5915120e+01 
2.7882282e-01    116517  7.4780130e+01 
2.8088926e-01    117607  7.3820990e+01 
2.8294196e-01    118365  7.2487319e+01 
2.8499417e-01    121189  7.1168201e+01 
2.8705230e-01    122289  7.0220126e+01 
2.8910334e-01    124147  6.9394525e+01 
2.9116121e-01    126385  6.8005144e+01 
2.9321962e-01    127941  6.7337675e+01 
2.9527029e-01    128947  6.6507856e+01 
2.9732801e-01    132393  6.5474810e+01 
2.9938720e-01    132949  6.4817242e+01 
3.0143788e-01    134649  6.3537201e+01 
3.0349361e-01    137623  6.2661687e+01 
3.0554553e-01    137641  6.2070503e+01 
3.0759705e-01    141321  6.1141156e+01 
3.0965296e-01    142087  6.0188288e+01 
3.1170926e-01    144945  5.9467183e+01 
3.1376228e-01    145717  5.8645979e+01 
3.1581259e-01    148251  5.7892918e+01 
3.1787689e-01    151537  5.7096631e+01 
3.1993481e-01    151321  5.6291835e+01 
3.2198318e-01    153909  5.5544367e+01 
3.2403847e-01    156511  5.4719441e+01 
3.2610083e-01    158709  5.4068161e+01 
3.2815496e-01    159301  5.3466097e+01 
3.3020730e-01    162643  5.2598276e+01 
3.3226952e-01    164613  5.2039766e+01 
3.3432467e-01    165817  5.1392632e+01 
3.3637318e-01    167313  5.0419079e+01 
3.3842637e-01    171067  4.9968571e+01 
3.4048104e-01    171465  4.9285294e+01 
3.4253598e-01    175225  4.8861259e+01 
3.4459621e-01    176743  4.8225629e+01 
3.4664278e-01    176841  4.7708566e+01 
3.4869495e-01    182221  4.7004245e+01 
3.5076018e-01    183117  4.6398237e+01 
3.5281219e-01    184411  4.5897324e+01 
3.5486592e-01    187617  4.5320840e+01 
3.5692067e-01    188905  4.4714384e+01 
3.5897033e-01    191131  4.4232220e+01 
3.6102772e-01    194565  4.3782915e+01 
3.6308705e-01    196141  4.3169878e+01 
3.6514519e-01    198591  4.2807190e+01 
3.6719997e-01    200065  4.2162894e+01 
3.6925812e-01    203797  4.1781620e+01 
3.7131693e-01    204549  4.1118549e+01 
3.7337146e-01    207595  4.0747396e+01 
3.7542343e-01    208581  4.0361050e+01 
3.7747354e-01    211837  3.9856266e+01 
3.7952787e-01    213999  3.9267767e+01 
3.8158583e-01    217057  3.8873686e+01 
3.8364285e-01    218893  3.8526770e+01 
3.8569444e-01    220269  3.8149593e+01 
3.8774912e-01    224323  3.7570772e+01 
3.8980771e-01    225873  3.7319485e+01 
3.9186509e-01    228757  3.6656549e+01 
3.9391915e-01    230283  3.6194075e+01 
3.9597457e-01    233341  3.5848756e+01 
3.9803088e-01    235693  3.5501422e+01 
4.0008404e-01    237399  3.5176077e+01 
4.0213927e-01    241009  3.4735685e+01 
4.0419859e-01    243417  3.4255394e+01 
4.0625170e-01    244129  3.3982687e+01 
4.0830513e-01    248991  3.3736771e+01 
4.1036549e-01    250369  3.3320371e+01 
4.1242022e-01    252829  3.2869862e+01 
4.1447159e-01    254511  3.2644752e+01 
4.1652732e-01    258997  3.2196244e+01 
4.1858500e-01    260157  3.1891462e+01 
4.2063654e-01    262381  3.1550172e+01 
4.2269051e-01    266131  3.1223278e+01 
4.2474354e-01    267117  3.0920762e+01 
4.2679629e-01    271273  3.0525402e+01 
4.2885704e-01    274563  3.0154299e+01 
4.3091421e-01    275473  2.9964530e+01 
4.3296527e-01    278193  2.9702175e+01 
4.3501579e-01    280657  2.9371251e+01 
4.3707334e-01    285319  2.9066024e+01 
4.3913162e-01    286401  2.8579516e+01 
4.4118450e-01    288889  2.8383694e+01 
4.4324196e-01    293391  2.8083130e+01 
4.4530112e-01    294577  2.7729301e+01 
4.4735505e-01    297573  2.7487612e+01 
4.4940803e-01    299563  2.7364090e+01 
4.5146450e-01    303997  2.6998027e+01 
4.5351950e-01    305025  2.6770392e+01 
4.5557238e-01    308533  2.6420761e+01 
4.5762781e-01    311619  2.6166721e+01 
4.5968457e-01    314257  2.5954688e+01 
4.6173858e-01    316617  2.5648215e+01 
4.6379327e-01    320131  2.5440712e+01 
4.6585035e-01    322729  2.5153552e+01 
4.6790751e-01    326289  2.5011022e+01 
4.6996118e-01    326989  2.4697303e+01 
4.7201125e-01    331131  2.4510856e+01 
4.7406813e-01    334801  2.4225561e+01 
4.7612209e-01    335833  2.4002948e+01 
4.7817579e-01    340827  2.3787267e+01 
4.8023320e-01    342721  2.3527838e+01 
4.8229374e-01    347925  2.3306209e+01 
4.8434992e-01    346915  2.3096336e+01 
4.8640089e-01    352221  2.2880137e+01 
4.8845733e-01    354793  2.2641131e+01 
4.9051121e-01    357109  2.2439936e+01 
4.9256595e-01    361299  2.2269489e+01 
4.9462141e-01    363205  2.2075073e+01 
4.9667819e-01    367881  2.1809955e+01 
4.9873486e-01    369439  2.1584374e+01 
5.0078923e-01    372729  2.1398275e+01 
5.0284304e-01    375709  2.1291751e+01 
5.0489758e-01    378925  2.1001302e+01 
5.0695174e-01    381963  2.0832736e+01 
5.0900513e-01    384733  2.0679941e+01 
5.1105997e-01    388377  2.0436095e+01 
5.1311460e-01    391507  2.0281526e+01 
5.1517145e-01    394989  2.0109740e+01 
5.1722979e-01    398773  1.9969900e+01 
5.1928365e-01    399259  1.9736182e+01 
5.2133819e-01    405537  1.9601129e+01 
5.2339327e-01    405997  1.9403498e+01 
5.2544430e-01    409845  1.9224824e+01 
5.2749701e-01    413587  1.9040042e+01 
5.2955853e-01    419449  1.8889727e+01 
5.3162058e-01    420693  1.8717241e+01 
5.3367584e-01    423043  1.8542152e+01 
5.3573125e-01    427017  1.8417956e+01 
5.3778474e-01    429181  1.8229974e+01 
5.3983738e-01    432945  1.8081754e+01 
5.4189427e-01    437731  1.7941332e+01 
5.4395072e-01    439321  1.7764480e+01 
5.4600461e-01    443253  1.7565527e+01 
5.4805924e-01    446419  1.7532301e+01 
5.5011422e-01    449925  1.7332829e+01 
5.5216875e-01    453157  1.7162125e+01 
5.5422026e-01    455217  1.6971536e+01 
5.5627661e-01    461923  1.6827979e+01 
5.5833648e-01    463969  1.6732255e+01 
5.6038727e-01    464349  1.6611621e+01 
5.6243960e-01    471667  1.6438367e+01 
5.6449885e-01    474141  1.6326846e+01 
5.6655641e-01    478093  1.6192621e+01 
5.6861189e-01    480195  1.6026356e+01 
5.7066727e-01    484537  1.5890756e+01 
5.7272262e-01    487537  1.5808392e+01 
5.7477399e-01    489405  1.5645899e+01 
5.7682810e-01    496279  1.5488644e+01 
5.7888438e-01    496965  1.5366552e+01 
5.8094147e-01    503953  1.5263859e+01 
5.8299672e-01    503335  1.5129035e+01 
5.8505246e-01    511209  1.5030687e+01 
5.8710874e-01    510829  1.4899750e+01 
5.8916022e-01    515577  1.4742649e+01 
5.9121456e-01    520003  1.4665008e+01 
5.9327021e-01    523329  1.4544095e+01 
5.9532720e-01    527653  1.4399352e+01 
5.9738343e-01    530551  1.4275830e+01 
5.9943990e-01    534849  1.4188337e+01 
6.0149354e-01    536725  1.4111103e+01 
6.0354880e-01    542703  1.3952128e+01 
6.0560516e-01    544753  1.3852003e+01 
6.0765697e-01    547917  1.3704676e+01 
6.0971069e-01    552805  1.3644456e+01 
6.1176782e-01    557611  1.3489147e+01 
6.1382229e-01    558561  1.3406031e+01 
6.1587412e-01    563689  1.3326322e+01 
6.1792986e-01    568527  1.3199955e+01 
6.1998962e-01    572929  1.3075728e+01 
6.2204419e-01    573841  1.3013400e+01 
6.2409526e-01    578085  1.2901309e+01 
6.2615202e-01    584803  1.2783444e+01 
6.2821011e-01    586701  1.2703149e+01 
6.3026235e-01    588805  1.2585732e+01 
6.3231523e-01    595203  1.2495849e+01 
6.3437627e-01    600577  1.2420567e+01 
6.3643323e-01    601441  1.2296621e+01 
6.3848704e-01    605967  1.2222081e+01 
6.4054057e-01    609169  1.2099439e+01 
6.4259541e-01    614625  1.2014836e+01 
6.4465656e-01    620617  1.1953919e+01 
6.4671003e-01    618447  1.1830388e+01 
6.4876082e-01    626233  1.1740578e+01 
6.5081579e-01    629233  1.1642700e+01 
6.5286846e-01    632739  1.1574695e+01 
6.5492781e-01    641245  1.1497935e+01 
6.5698595e-01    640269  1.1384899e+01 
6.5904092e-01    646813  1.1323369e+01 
6.6109578e-01    648807  1.1227225e+01 
6.6314719e-01    652489  1.1156630e+01 
6.6520313e-01    659569  1.1067763e+01 
6.6725722e-01    659715  1.0979995e+01 
6.6931346e-01    668893  1.0889996e+01 
6.7137156e-01    669441  1.0800033e+01 
6.7342623e-01    674509  1.0731456e+01 
6.7547989e-01    677143  1.0680105e+01 
6.7753384e-01    683109  1.0575793e+01 
6.7958920e-01    685897  1.0495017e+01 
6.8164592e-01    693039  1.0425999e+01 
6.8370058e-01    692185  1.0335668e+01 
6.8575428e-01    701001  1.0275253e+01 
6.8781410e-01    704959  1.0210482e+01 
6.8986893e-01    705505  1.0121797e+01 
6.9192267e-01    713205  1.0062132e+01 
6.9397611e-01    713053  9.9903497e+00 
6.9602832e-01    721599  9.9158501e+00 
6.9808518e-01    724285  9.8381660e+00 
7.0014134e-01    729825  9.7936746e+00 
7.0219416e-01    730555  9.6962741e+00 
7.0424797e-01    738613  9.6431418e+00 
7.0630757e-01    744105  9.5749862e+00 
7.0836660e-01    746233  9.4897707e+00 
7.1041922e-01    748455  9.4167836e+00 
7.1247096e-01    754033  9.3648016e+00 
7.1452670e-01    760233  9.2909011e+00 
7.1658522e-01    764947  9.2255556e+00 
7.1864028e-01    765985  9.1501474e+00 
7.2069351e-01    772869  9.0994163e+00 
7.2274998e-01    777079  9.0212515e+00 
7.2480604e-01    781137  8.9687956e+00 
7.2686045e-01    785101  8.8928603e+00 
7.2891444e-01    789169  8.8209629e+00 
7.3096928e-01    795171  8.7853823e+00 
7.3302342e-01    797281  8.7192687e+00 
7.3507570e-01    802761  8.6777934e+00 
7.3713012e-01    808075  8.6005809e+00 
7.3918954e-01    815109  8.5395463e+00 
7.4124482e-01    814705  8.4791451e+00 
7.4329746e-01    821329  8.4128890e+00 
7.4535402e-01    827415  8.3643814e+00 
7.4741120e-01    830797  8.3138209e+00 
7.4946810e-01    836025  8.2339818e+00 
7.5152345e-01    839431  8.2002987e+00 
7.5357635e-01    842409  8.1264939e+00 
7.5562950e-01    849313  8.0676127e+00 
7.5768247e-01    851143  8.0169356e+00 
7.5973709e-01    860337  7.9697902e+00 
7.6179438e-01    862621  7.9100306e+00 
7.6384982e-01    867453  7.8540385e+00 
7.6590419e-01    871939  7.8114839e+00 
7.6796296e-01    880029  7.7554186e+00 
7.7002048e-01    880549  7.7072106e+00 
7.7207324e-01    885019  7.6543039e+00 
7.7412688e-01    890997  7.6037853e+00 
7.7618167e-01    895573  7.5564331e+00 
7.7823752e-01    901029  7.5114447e+00 
7.8028976e-01    902251  7.4549070e+00 
7.8234599e-01    913789  7.4036503e+00 
7.8440298e-01    912837  7.3585159e+00 
7.8645792e-01    921451  7.3134911e+00 
7.8851326e-01    922473  7.2575860e+00 
7.9056859e-01    931549  7.2015206e+00 
7.9262557e-01    933333  7.1540170e+00 
7.9468393e-01    942631  7.1136920e+00 
7.9673784e-01    939061  7.0699178e+00 
7.9878934e-01    949797  7.0213009e+00 
8.0084689e-01    955099  6.9881045e+00 
8.0290261e-01    956937  6.9390905e+00 
8.0495435e-01    962053  6.8783883e+00 
8.0700989e-01    969963  6.8527048e+00 
8.0906686e-01    972985  6.7948470e+00 
8.1112114e-01    978001  6.7621638e+00 
8.1317718e-01    983793  6.7203670e+00 
8.1523143e-01    987091  6.6646171e+00 
8.1728804e-01    995025  6.6248715e+00 
8.1934380e-01    997033  6.5632802e+00 
8.2139653e-01   1002063  6.5510706e+00 
8.2345116e-01   1008385  6.5084939e+00 
8.2550923e-01   1016053  6.4522520e+00 
8.2756675e-01   1017405  6.4218273e+00 
8.2961815e-01   1020859  6.3909537e+00 
8.3167392e-01   1031313  6.3390365e+00 
8.3373169e-01   1032877  6.3033173e+00 
8.3578662e-01   1039267  6.2651573e+00 
8.3783974e-01   1040901  6.2296711e+00 
8.3989250e-01   1049245  6.1743349e+00 
8.4194859e-01   1054275  6.1394991e+00 
8.4400351e-01   1058473  6.0997658e+00 
8.4605968e-01   1066317  6.0609580e+00 
8.4811725e-01   1069585  6.0338864e+00 
8.5017249e-01   1074787  5.9938892e+00 
8.5222601e-01   1077873  5.9536591e+00 
8.5428048e-01   1086349  5.9130914e+00 
8.5633714e-01   1090743  5.8879273e+00 
8.5839158e-01   1093909  5.8485777e+00 
8.6044386e-01   1099665  5.7985741e+00 
8.6249827e-01   1106005  5.7724830e+00 
8.6455450e-01   1112815  5.7365189e+00 
8.6660879e-01   1114101  5.7048206e+00 
8.6866643e-01   1126789  5.6656121e+00 
8.7072397e-01   1125447  5.6258611e+00 
8.7277737e-01   1131937  5.6020645e+00 
8.7483183e-01   1138165  5.5653874e+00 
8.7688641e-01   1141977  5.5348921e+00 
8.7894232e-01   1150819  5.5081640e+00 
8.8099892e-01   1153413  5.4763260e+00 
8.8305267e-01   1158289  5.4230311e+00 
8.8510777e-01   1166019  5.3994683e+00 
8.8716431e-01   1170133  5.3714544e+00 
8.8922035e-01   1177057  5.3330775e+00 
8.9127586e-01   1180035  5.2951797e+00 
8.9332978e-01   1185973  5.2751769e+00 
8.9538355e-01   1190841  5.2443751e+00 
8.9743758e-01   1197337  5.2164222e+00 
8.9949284e-01   1203399  5.1824755e+00 
9.0154831e-01   1208245  5.1483484e+00 
9.0360193e-01   1212145  5.1243991e+00 
9.0565818e-01   1222887  5.0877483e+00 
9.0771491e-01   1223329  5.0606603e+00 
9.0976939e-01   1231653  5.0361278e+00 
9.1182420e-01   1234441  5.0048236e+00 
9.1387961e-01   1243887  4.9814277e+00 
9.1593671e-01   1247713  4.9484283e+00 
9.1799171e-01   1252081  4.9156185e+00 
9.2004542e-01   1257807  4.8860541e+00 
9.2210343e-01   1268185  4.8559813e+00 
9.2415973e-01   1267569  4.8359798e+00 
9.2621449e-01   1277059  4.8099361e+00 
9.2827112e-01   1281325  4.7703003e+00 
9.3032536e-01   1285809  4.7592988e+00 
9.3237945e-01   1291681  4.7274366e+00 
9.3443489e-01   1299975  4.7033908e+00 
9.3648929e-01   1300825  4.6703572e+00 
9.3854444e-01   1312917  4.6488711e+00 
9.4060232e-01   1315711  4.6258211e+00 
9.4265723e-01   1320385  4.5921997e+00 
9.4470825e-01   1322721  4.5697135e+00 
9.4676287e-01   1335625  4.5420310e+00 
9.4881960e-01   1337991  4.5295152e+00 
9.5087655e-01   1347277  4.5042115e+00 
9.5293357e-01   1349421  4.4754851e+00 
9.5498771e-01   1355407  4.4496311e+00 
9.5704277e-01   1362001  4.4292230e+00 
9.5909778e-01   1367481  4.4006552e+00 
9.6115214e-01   1372735  4.3852358e+00 
9.6320669e-01   1378989  4.3611768e+00 
9.6526032e-01   1383937  4.3237861e+00 
9.6731647e-01   1393737  4.3151957e+00 
9.6937465e-01   1398907  4.2884132e+00 
9.7142949e-01   1400545  4.2694570e+00 
9.7348229e-01   1408305  4.2482213e+00 
9.7553763e-01   1416235  4.2160027e+00 
9.7759368e-01   1420389  4.2036687e+00 
9.7964789e-01   1426477  4.1833227e+00 
9.8170372e-01   1433797  4.1606147e+00 
9.8375971e-01   1439547  4.1383668e+00 
9.8581320e-01   1441777  4.1114457e+00 
9.8786853e-01   1454193  4.0974884e+00 
9.8992551e-01   1456651  4.0785652e+00 
9.9197957e-01   1461357  4.0569003e+00 
9.9403572e-01   1472557  4.0376229e+00 
9.9609098e-01   1471645  4.0185467e+00 
9.9814512e-01   1483635  3.9923023e+00 
1.0002017e+00   1486885  3.9745159e+00 
1.0022586e+00   1496445  3.9518319e+00 
1.0043119e+00   1494487  3.9345588e+00 
1.0063652e+00   1507785  3.9182710e+00 
1.0084220e+00   1512529  3.9015803e+00 
1.0104774e+00   1517707  3.8898432e+00 
1.0125327e+00   1525077  3.8603513e+00 
1.0145885e+00   1530793  3.8514898e+00 
1.0166422e+00   1533885  3.8382010e+00 
1.0186982e+00   1547191  3.8113448e+00 
1.0207544e+00   1546641  3.7940985e+00 
1.0228077e+00   1554709  3.7769577e+00 
1.0248628e+00   1562539  3.7665332e+00 
1.0269180e+00   1566657  3.7469785e+00 
1.0289727e+00   1575301  3.7360775e+00 
1.0310289e+00   1580733  3.7191361e+00 
1.0330837e+00   1585843  3.6927253e+00 
1.0351388e+00   1594153  3.6900744e+00 
1.0371931e+00   1596969  3.6648806e+00 
1.0392497e+00   1610923  3.6507748e+00 
1.0413059e+00   1608045  3.6415263e+00 
1.0433596e+00   1620649  3.6222790e+00 
1.0454134e+00   1620795  3.6101566e+00 
1.0474691e+00   1635949  3.5849207e+00 
1.0495260e+00   1636129  3.5818202e+00 
1.0515805e+00   1644273  3.5709420e+00 
1.0536366e+00   1652407  3.5514272e+00 
1.0556935e+00   1657593  3.5385572e+00 
1.0577481e+00   1662145  3.5225402e+00 
1.0598014e+00   1668411  3.5086193e+00 
1.0618565e+00   1677397  3.4979990e+00 
1.0639122e+00   1683205  3.4942610e+00 
1.0659665e+00   1687497  3.4756238e+00 
1.0680217e+00   1698223  3.4649103e+00 
1.0700780e+00   1701765  3.4523312e+00 
1.0721345e+00   1712041  3.4398669e+00 
1.0741891e+00   1711831  3.4287782e+00 
1.0762436e+00   1724697  3.4185980e+00 
1.0782985e+00   1725685  3.4079881e+00 
1.0803528e+00   1737111  3.4012812e+00 
1.0824091e+00   1741861  3.3855324e+00 
1.0844641e+00   1748793  3.3808187e+00 
1.0865189e+00   1753621  3.3619565e+00 
1.0885744e+00   1764523  3.3588572e+00 
1.0906282e+00   1763601  3.3462449e+00 
1.0926823e+00   1777957  3.3384613e+00 
1.0947379e+00   1780011  3.3332469e+00 
1.0967940e+00   1791409  3.3223628e+00 
1.0988496e+00   1794117  3.3123580e+00 
1.1009065e+00   1805653  3.3021797e+00 
1.1029619e+00   1805623  3.2934571e+00 
1.1050158e+00   1816365  3.2898144e+00 
1.1070724e+00   1823797  3.2789133e+00 
1.1091281e+00   1828611  3.2711225e+00 
1.1111821e+00   1833685  3.2675435e+00 
1.1132367e+00   1844037  3.2581463e+00 
1.1152927e+00   1849177  3.2526531e+00 
1.1173478e+00   1856659  3.2465235e+00 
1.1194030e+00   1862529  3.2430420e+00 
1.1214562e+00   1866697  3.2338134e+00 
1.1235102e+00   1877955  3.2256374e+00 
1.1255670e+00   1885297  3.2243038e+00 
1.1276230e+00   1890565  3.2137204e+00 
1.1296779e+00   1896663  3.2131019e+00 
1.1317323e+00   1903669  3.1973089e+00 
1.1337866e+00   1910349  3.1964720e+00 
1.1358426e+00   1920517  3.1920456e+00 
1.1378988e+00   1925031  3.1901966e+00 
1.1399531e+00   1930333  3.1880205e+00 
1.1420099e+00   1943845  3.1847188e+00 
1.1440666e+00   1944711  3.1858855e+00 
1.1461184e+00   1947193  3.1800214e+00 
1.1481723e+00   1963905  3.1699814e+00 
1.1502288e+00   1965457  3.1666391e+00 
1.1522848e+00   1977807  3.1701953e+00 
1.1543404e+00   1978357  3.1658988e+00 
1.1563957e+00   1990621  3.1722607e+00 
1.1584513e+00   1994679  3.1568592e+00 
1.1605072e+00   2003473  3.1665180e+00 
1.1625621e+00   2008473  3.1557128e+00 
1.1646155e+00   2014027  3.1616301e+00 
1.1666709e+00   2026545  3.1560178e+00 
1.1687271e+00   2030485  3.1589960e+00 
1.1707811e+00   2035537  3.1516460e+00 
1.1728363e+00   2048271  3.1497232e+00 
1.1748932e+00   2052049  3.1522010e+00 
1.1769485e+00   2060529  3.1514310e+00 
1.1790037e+00   2065843  3.1549193e+00 
1.1810567e+00   2070145  3.1446350e+00 
1.1831098e+00   2080941  3.1590393e+00 
1.1851663e+00   2091085  3.1536862e+00 
1.1872221e+00   2094591  3.1566328e+00 
1.1892764e+00   2102233  3.1554560e+00 
1.1913317e+00   2110593  3.1554182e+00 
1.1933875e+00   2118763  3.1576277e+00 
1.1954418e+00   2121313  3.1500371e+00 
1.1974961e+00   2134197  3.1576026e+00 
1.1995511e+00   2136493  3.1609977e+00 
1.2016077e+00   2152539  3.1622875e+00 
1.2036638e+00   2150905  3.1680260e+00 
1.2057183e+00   2162493  3.1694539e+00 
1.2077742e+00   2169811  3.1705705e+00 
1.2098287e+00   2173273  3.1736735e+00 
1.2118830e+00   2185173  3.1750724e+00 
1.2139396e+00   2192431  3.1806773e+00 
1.2159952e+00   2197593  3.1862144e+00 
1.2180502e+00   2206813  3.1916371e+00 
1.2201051e+00   2211561  3.2022211e+00 
1.2221615e+00   2225683  3.1948216e+00 
1.2242166e+00   2222761  3.2042555e+00 
1.2262706e+00   2238657  3.2076498e+00 
1.2283256e+00   2240611  3.2122729e+00 
1.2303807e+00   2252505  3.2176665e+00 
1.2324352e+00   2255845  3.2225217e+00 
1.2344893e+00   2265253  3.2333608e+00 
1.2365448e+00   2275143  3.2299788e+00 
1.2386029e+00   2285713  3.2384616e+00 
1.2406575e+00   2282277  3.2474545e+00 
1.2427097e+00   2296099  3.2508855e+00 
1.2447668e+00   2307645  3.2555647e+00 
1.2468231e+00   2310073  3.2646735e+00 
1.2488787e+00   2321419  3.2746972e+00 
1.2509336e+00   2323209  3.2832801e+00 
1.2529888e+00   2337913  3.2847555e+00 
1.2550456e+00   2341713  3.2962290e+00 
1.2571006e+00   2349763  3.3073456e+00 
1.2591538e+00   2352573  3.3142792e+00 
1.2612091e+00   2369725  3.3175745e+00 
1.2632644e+00   2368519  3.3342141e+00 
1.2653182e+00   2381061  3.3426732e+00 
1.2673750e+00   2391997  3.3445652e+00 
1.2694314e+00   2394081  3.3550295e+00 
1.2714857e+00   2403871  3.3644671e+00 
1.2735399e+00   2409297  3.3761991e+00 
1.2755960e+00   2423149  3.3786352e+00 
1.2776530e+00   2427835  3.3990811e+00 
1.2797087e+00   2434545  3.4048524e+00 
1.2817627e+00   2441149  3.4149490e+00 
1.2838168e+00   2449191  3.4195788e+00 
1.2858729e+00   2461633  3.4404638e+00 
1.2879285e+00   2464441  3.4485787e+00 
1.2899806e+00   2468097  3.4650974e+00 
1.2920346e+00   2485999  3.4779302e+00 
1.2940920e+00   2490381  3.4888032e+00 
1.2961472e+00   2497897  3.5006254e+00 
1.2982011e+00   2502831  3.5125396e+00 
1.3002574e+00   2519065  3.5201453e+00 
1.3023143e+00   2520541  3.5299430e+00 
1.3043690e+00   2529381  3.5547384e+00 
1.3064240e+00   2537851  3.5638643e+00 
1.3084804e+00   2548197  3.5813187e+00 
1.3105359e+00   2551477  3.5940147e+00 
1.3125890e+00   2558919  3.6057828e+00 
1.3146417e+00   2565685  3.6260968e+00 
1.3166968e+00   2581681  3.6314754e+00 
1.3187539e+00   2586609  3.6618221e+00 
1.3208095e+00   2593915  3.6617069e+00 
1.3228639e+00   2599881  3.6846189e+00 
1.3249198e+00   2613469  3.6976984e+00 
1.3269756e+00   2616847  3.7190035e+00 
1.3290296e+00   2623749  3.7339512e+00 
1.3310848e+00   2637157  3.7422969e+00 
1.3331419e+00   2644347  3.7673984e+00 
1.3351967e+00   2647585  3.7835239e+00 
1.3372497e+00   2656581  3.8042939e+00 
1.3393051e+00   2669041  3.8192936e+00 
1.3413609e+00   2675287  3.8316716e+00 
1.3434160e+00   2682609  3.8563296e+00 
1.3454709e+00   2691769  3.8778040e+00 
1.3475252e+00   2697195  3.9003792e+00 
1.3495807e+00   2711077  3.9143736e+00 
1.3516379e+00   2719461  3.9354523e+00 
1.3536940e+00   2723005  3.9619716e+00 
1.3557488e+00   2733835  3.9759488e+00 
1.3578038e+00   2739657  3.9941064e+00 
1.3598580e+00   2748061  4.0124541e+00 
1.3619128e+00   2758371  4.0317278e+00 
1.3639684e+00   2766325  4.0636834e+00 
1.3660235e+00   2774241  4.0755058e+00 
1.3680795e+00   2784979  4.0924834e+00 
1.3701337e+00   2786053  4.1311522e+00 
1.3721892e+00   2805945  4.1441183e+00 
1.3742455e+00   2804113  4.1748587e+00 
1.3763000e+00   2818539  4.1893962e+00 
1.3783556e+00   2823733  4.2194356e+00 
1.3804105e+00   2833081  4.2437219e+00 
1.3824664e+00   2844183  4.2613021e+00 
1.3845219e+00   2847529  4.2908336e+00 
1.3865768e+00   2861157  4.3100133e+00 
1.3886318e+00   2863585  4.3479923e+00 
1.3906872e+00   2879571  4.3642955e+00 
1.3927430e+00   2881657  4.3879359e+00 
1.3947977e+00   2893309  4.4209717e+00 
1.3968534e+00   2902527  4.4351565e+00 
1.3989076e+00   2904373  4.4665323e+00 
1.4009600e+00   2915877  4.4975604e+00 
1.4030138e+00   2925247  4.5278982e+00 
1.4050712e+00   2943069  4.5658710e+00 
1.4071287e+00   2942677  4.5858733e+00 
1.4091835e+00   2952325  4.6031891e+00 
1.4112384e+00   2961027  4.6364033e+00 
1.4132941e+00   2970937  4.6730961e+00 
1.4153498e+00   2978853  4.6941508e+00 
1.4174035e+00   2982199  4.7270605e+00 
1.4194589e+00   3001233  4.7558902e+00 
1.4215161e+00   3005173  4.7867608e+00 
1.4235700e+00   3008233  4.8241970e+00 
1.4256240e+00   3023247  4.8475334e+00 
1.4276788e+00   3027997  4.8836679e+00 
1.4297349e+00   3044301  4.9251566e+00 
1.4317907e+00   3045127  4.9581745e+00 
1.4338461e+00   3060109  4.9846364e+00 
1.4359030e+00   3067401  5.0193552e+00 
1.4379577e+00   3070897  5.0548992e+00 
1.4400127e+00   3085791  5.0852912e+00 
1.4420678e+00   3089425  5.1232210e+00 
1.4441224e+00   3100845  5.1632297e+00 
1.4461785e+00   3112795  5.1914613e+00 
1.4482338e+00   3115357  5.2309600e+00 
1.4502884e+00   3129021  5.2694673e+00 
1.4523420e+00   3129187  5.3020971e+00 
1.4543959e+00   3147525  5.3422609e+00 
1.4564533e+00   3159073  5.3721005e+00 
1.4585099e+00   3161457  5.4155976e+00 
1.4605645e+00   3171499  5.4569451e+00 
1.4626191e+00   3178765  5.4926258e+00 
1.4646729e+00   3187437  5.5330109e+00 
1.4667269e+00   3197371  5.5891404e+00 
1.4687825e+00   3209433  5.6310908e+00 
1.4708375e+00   3214333  5.6691860e+00 
1.4728930e+00   3228441  5.7050731e+00 
1.4749485e+00   3233203  5.7446042e+00 
1.4770041e+00   3245605  5.7974826e+00 
1.4790601e+00   3252789  5.8269145e+00 
1.4811139e+00   3257875  5.8817456e+00 
1.4831687e+00   3272709  5.9186129e+00 
1.4852244e+00   3279373  5.9587208e+00 
1.4872791e+00   3287587  6.0131222e+00 
1.4893344e+00   3299625  6.0475074e+00 
1.4913914e+00   3311521  6.1042903e+00 
1.4934477e+00   3314685  6.1374373e+00 
1.4955020e+00   3324415  6.2061044e+00 
1.4975568e+00   3333945  6.2430776e+00 
1.4996125e+00   3345673  6.2887667e+00 
1.5016669e+00   3348667  6.3484114e+00 
1.5037222e+00   3365553  6.3955950e+00 
1.5057778e+00   3369649  6.4301116e+00 
1.5078332e+00   3381933  6.4977507e+00 
1.5098889e+00   3390139  6.5478465e+00 
1.5119429e+00   3394641  6.6060560e+00 
1.5139979e+00   3410917  6.6381397e+00 
1.5160534e+00   3415939  6.7073265e+00 
1.5181086e+00   3427497  6.7440625e+00 
1.5201638e+00   3435817  6.8080526e+00 
1.5222186e+00   3443223  6.8708456e+00 
1.5242738e+00   3456721  6.9203091e+00 
1.5263302e+00   3465909  6.9867653e+00 
1.5283856e+00   3471721  7.0264651e+00 
1.5304402e+00   3481891  7.1032781e+00 
1.5324948e+00   3490041  7.1488164e+00 
1.5345500e+00   3503713  7.1879867e+00 
1.5366058e+00   3510111  7.2397595e+00 
1.5386610e+00   3520033  7.2787863e+00 
1.5407156e+00   3527569  7.3873440e+00 
1.5427707e+00   3540405  7.4474313e+00 
1.5448269e+00   3550231  7.5074282e+00 
1.5468815e+00   3553917  7.5660506e+00 
1.5489362e+00   3568753  7.6040798e+00 
1.5509918e+00   3576999  7.6696468e+00 
1.5530470e+00   3585421  7.7689173e+00 
1.5551027e+00   3598681  7.8090730e+00 
1.5571587e+00   3604473  7.8721326e+00 
1.5592140e+00   3615655  7.9534368e+00 
1.5612685e+00   3621525  8.0057735e+00 
1.5633240e+00   3636649  8.0921567e+00 
1.5653795e+00   3642387  8.1441502e+00 
1.5674335e+00   3648541  8.2262127e+00 
1.5694890e+00   3668629  8.2844592e+00 
1.5715447e+00   3667707  8.3538581e+00 
1.5735990e+00   3682657  8.4197233e+00 
1.5756537e+00   3688881  8.4752587e+00 
1.5777086e+00   3701749  8.5752063e+00 
1.5797638e+00   3710599  8.6662996e+00 
1.5818189e+00   3719361  8.7240325e+00 
1.5838739e+00   3729961  8.7977748e+00 
1.5859301e+00   3743475  8.8401198e+00 
1.5879851e+00   3744913  8.9548845e+00 
1.5900392e+00   3759513  9.0259553e+00 
1.5920941e+00   3766669  9.1200320e+00 
1.5941491e+00   3779983  9.1459100e+00 
1.5962052e+00   3790461  9.2444236e+00 
1.5982612e+00   3797989  9.3375373e+00 
1.6003157e+00   3805767  9.4175461e+00 
1.6023721e+00   3823429  9.4984651e+00 
1.6044273e+00   3822189  9.5718405e+00 
1.6064819e+00   3839947  9.6634139e+00 
1.6085370e+00   3843517  9.7214802e+00 
1.6105920e+00   3859965  9.8181627e+00 
1.6126491e+00   3870265  9.9308121e+00 
1.6147028e+00   3867603  1.0007117e+01 
1.6167567e+00   3890533  1.0071194e+01 
1.6188123e+00   3893481  1.0152469e+01 
1.6208672e+00   3908431  1.0263019e+01 
1.6229233e+00   3916477  1.0349453e+01 
1.6249787e+00   3927381  1.0435518e+01 
1.6270327e+00   3929269  1.0541505e+01 
1.6290883e+00   3954687  1.0613257e+01 
1.6311440e+00   3948889  1.0754059e+01 
1.6331983e+00   3969133  1.0820663e+01 
1.6352540e+00   3974883  1.0890404e+01 
1.6373095e+00   3987133  1.0975437e+01 
1.6393642e+00   3993957  1.1099191e+01 
1.6414195e+00   4007377  1.1200769e+01 
1.6434760e+00   4019439  1.1269910e+01 
1.6455314e+00   4023241  1.1397462e+01 
1.6475863e+00   4037425  1.1458618e+01 
1.6496409e+00   4043343  1.1574449e+01 
1.6516958e+00   4056925  1.1686469e+01 
1.6537505e+00   4063737  1.1765620e+01 
1.6558051e+00   4076791  1.1884595e+01 
1.6578622e+00   4093677  1.1982166e+01 
1.6599182e+00   4092769  1.2071079e+01 
1.6619729e+00   4108105  1.2187795e+01 
1.6640272e+00   4113075  1.2310303e+01 
1.6660819e+00   4128817  1.2430960e+01 
1.6681370e+00   4134873  1.2523286e+01 
1.6701917e+00   4148731  1.2650386e+01 
1.6722474e+00   4157973  1.2705057e+01 
1.6743037e+00   4172869  1.2898071e+01 
1.6763602e+00   4178353  1.2958492e+01 
1.6784148e+00   4186107  1.3062217e+01 
1.6804695e+00   4199497  1.3213534e+01 
1.6825243e+00   4205565  1.3302716e+01 
1.6845788e+00   4220875  1.3384549e+01 
1.6866337e+00   4225933  1.3564398e+01 
1.6886907e+00   4251717  1.3651224e+01 
1.6907466e+00   4241443  1.3792597e+01 
1.6928010e+00   4265589  1.3871593e+01 
1.6948556e+00   4264249  1.4032576e+01 
1.6969102e+00   4284381  1.4110518e+01 
1.6989666e+00   4294687  1.4252716e+01 
1.7010219e+00   4298641  1.4331786e+01 
1.7030769e+00   4316037  1.4506798e+01 
1.7051323e+00   4319971  1.4636600e+01 
1.7071873e+00   4334721  1.4766223e+01 
1.7092426e+00   4343569  1.4816407e+01 
1.7112980e+00   4355217  1.5025408e+01 
1.7133523e+00   4359871  1.5160524e+01 
1.7154067e+00   4376533  1.5243400e+01 
1.7174621e+00   4384953  1.5363046e+01 
1.7195172e+00   4397167  1.5544086e+01 
1.7215723e+00   4404441  1.5671918e+01 
1.7236281e+00   4422121  1.5753926e+01 
1.7256834e+00   4423419  1.5890684e+01 
1.7277374e+00   4437157  1.5992603e+01 
1.7297935e+00   4454329  1.6110064e+01 
1.7318502e+00   4459389  1.6333588e+01 
1.7339033e+00   4462087  1.6465036e+01 
1.7359582e+00   4487157  1.6608975e+01 
1.7380142e+00   4487845  1.6737817e+01 
1.7400687e+00   4502311  1.6889434e+01 
1.7421248e+00   4515609  1.7012743e+01 
1.7441806e+00   4523293  1.7131326e+01 
1.7462352e+00   4530525  1.7318587e+01 
1.7482892e+00   4543075  1.7432133e+01 
1.7503438e+00   4553601  1.7562062e+01 
1.7524003e+00   4573213  1.7679111e+01 
1.7544554e+00   4569475  1.7863692e+01 
1.7565100e+00   4591089  1.7929993e+01 
1.7585655e+00   4596253  1.8128920e+01 
1.7606200e+00   4606701  1.8298456e+01 
1.7626754e+00   4623319  1.8434018e+01 
1.7647310e+00   4628589  1.8599912e+01 
1.7667866e+00   4644337  1.8754178e+01 
1.7688425e+00   4652227  1.8948827e+01 
1.7708973e+00   4660413  1.9076478e+01 
1.7729530e+00   4678945  1.9155402e+01 
1.7750101e+00   4687191  1.9354412e+01 
1.7770657e+00   4694245  1.9477986e+01 
1.7791187e+00   4698025  1.9587181e+01 
1.7811728e+00   4719597  1.9793998e+01 
1.7832280e+00   4725775  1.9902456e+01 
1.7852831e+00   4739961  2.0062401e+01 
1.7873390e+00   4752325  2.0172376e+01 
1.7893943e+00   4759023  2.0409266e+01 
1.7914499e+00   4774237  2.0532577e+01 
1.7935050e+00   4780405  2.0683042e+01 
1.7955595e+00   4792101  2.0865969e+01 
1.7976150e+00   4807663  2.0987883e+01 
1.7996710e+00   4816401  2.1164009e+01 
1.8017259e+00   4823509  2.1355310e+01 
1.8037809e+00   4840743  2.1441038e+01 
1.8058366e+00   4846849  2.1589945e+01 
1.8078909e+00   4857709  2.1776973e+01 
1.8099460e+00   4871907  2.2019723e+01 
1.8120014e+00   4881601  2.2065325e+01 
1.8140568e+00   4894389  2.2278038e+01 
1.8161120e+00   4901329  2.2455392e+01 
1.8181661e+00   4913583  2.2641955e+01 
1.8202225e+00   4932313  2.2787411e+01 
1.8222776e+00   4931233  2.2945011e+01 
1.8243318e+00   4949439  2.3120633e+01 
1.8263873e+00   4960093  2.3199094e+01 
1.8284436e+00   4975845  2.3418313e+01 
1.8304983e+00   4973809  2.3555344e+01 
1.8325530e+00   4999375  2.3723255e+01 
1.8346085e+00   4999281  2.3913138e+01 
1.8366638e+00   5020633  2.4080980e+01 
1.8387199e+00   5026719  2.4343990e+01 
1.8407748e+00   5036893  2.4365240e+01 
1.8428304e+00   5052285  2.4462289e+01 
1.8448846e+00   5052547  2.4726378e+01 
1.8469390e+00   5075413  2.4894220e+01 
1.8489949e+00   5084049  2.5072929e+01 
1.8510493e+00   5088469  2.5263003e+01 
1.8531037e+00   5108391  2.5301201e+01 
1.8551599e+00   5118805  2.5565007e+01 
1.8572162e+00   5132721  2.5783595e+01 
1.8592711e+00   5134123  2.5843213e+01 
1.8613248e+00   5148289  2.6029360e+01 
1.8633806e+00   5169609  2.6190621e+01 
1.8654367e+00   5170585  2.6193285e+01 
1.8674916e+00   5188107  2.6590906e+01 
1.8695476e+00   5197321  2.6653950e+01 
1.8716022e+00   5204481  2.6785808e+01 
1.8736561e+00   5217199  2.7007819e+01 
1.8757115e+00   5233909  2.7127729e+01 
1.8777674e+00   5244033  2.7259044e+01 
1.8798223e+00   5250349  2.7399205e+01 
1.8818771e+00   5267823  2.7522859e+01 
1.8839335e+00   5280397  2.7718131e+01 
1.8859885e+00   5284129  2.7945999e+01 
1.8880419e+00   5295771  2.7969290e+01 
1.8900975e+00   5317405  2.8176287e+01 
1.8921540e+00   5324901  2.8346773e+01 
1.8942094e+00   5333755  2.8341437e+01 
1.8962643e+00   5345937  2.8578767e+01 
1.8983198e+00   5359657  2.8866073e+01 
1.9003748e+00   5366821  2.8916802e+01 
1.9024295e+00   5382075  2.9020531e+01 
1.9044849e+00   5392261  2.9270244e+01 
1.9065406e+00   5407353  2.9378583e+01 
1.9085955e+00   5412259  2.9522870e+01 
1.9106499e+00   5426973  2.9633993e+01 
1.9127065e+00   5448109  2.9805853e+01 
1.9147623e+00   5444749  2.9940678e+01 
1.9168161e+00   5462499  3.0096200e+01 
1.9188715e+00   5476897  3.0019111e+01 
1.9209277e+00   5487741  3.0313682e+01 
1.9229813e+00   5489011  3.0385640e+01 
1.9250364e+00   5517945  3.0642296e+01 
1.9270934e+00   5523913  3.0793069e+01 
1.9291484e+00   5529295  3.0970398e+01 
1.9312022e+00   5541585  3.1010776e+01 
1.9332562e+00   5554501  3.1045787e+01 
1.9353116e+00   5571717  3.1205357e+01 
1.9373686e+00   5587903  3.1370392e+01 
1.9394237e+00   5584453  3.1487979e+01 
1.9414783e+00   5609505  3.1621051e+01 
1.9435340e+00   5613739  3.1718158e+01 
1.9455878e+00   5622837  3.1795143e+01 
1.9476428e+00   5644501  3.1973827e+01 
1.9496979e+00   5646693  3.2129879e+01 
1.9517531e+00   5668363  3.2140499e+01 
1.9538093e+00   5677237  3.2159026e+01 
1.9558649e+00   5688513  3.2470094e+01 
1.9579197e+00   5696839  3.2449562e+01 
1.9599754e+00   5716845  3.2438519e+01 
1.9620311e+00   5721301  3.2742391e+01 
1.9640855e+00   5733921  3.2806369e+01 
1.9661412e+00   5751391  3.2959923e+01 
1.9681958e+00   5753065  3.2949708e+01 
1.9702512e+00   5778813  3.3133893e+01 
1.9723064e+00   5777623  3.3291006e+01 
1.9743605e+00   5794701  3.3158402e+01 
1.9764166e+00   5813953  3.3307956e+01 
1.9784718e+00   5814963  3.3363655e+01 
1.9805271e+00   5836669  3.3474786e+01 
1.9825829e+00   5843749  3.3552084e+01 
1.9846388e+00   5859633  3.3623067e+01 
1.9866938e+00   5865199  3.3764286e+01 
1.9887480e+00   5877273  3.3710391e+01 
1.9908029e+00   5894521  3.3875994e+01 
1.9928588e+00   5907055  3.3918781e+01 
1.9949146e+00   5918409  3.3897701e+01 
1.9969689e+00   5923525  3.4061898e+01 
1.9990238e+00   5944341  3.4062736e+01 
2.0010793e+00   5952907  3.4228582e+01 
2.0031330e+00   5958177  3.4246424e+01 
2.0051883e+00   5986729  3.4232698e+01 
2.0072451e+00   5991607  3.4248884e+01 
2.0092996e+00   5997009  3.4441899e+01 
2.0113543e+00   6017809  3.4349446e+01 
2.0134108e+00   6032451  3.4537439e+01 
2.0154664e+00   6036661  3.4450038e+01 
2.0175204e+00   6048429  3.4474226e+01 
2.0195760e+00   6069241  3.4469682e+01 
2.0216313e+00   6072799  3.4480560e+01 
2.0236856e+00   6087333  3.4516751e+01 
2.0257403e+00   6100189  3.4487391e+01 
2.0277947e+00   6110199  3.4675667e+01 
2.0298510e+00   6135469  3.4511727e+01 
2.0319071e+00   6135757  3.4649512e+01 
2.0339620e+00   6151389  3.4627800e+01 
2.0360172e+00   6163015  3.4667526e+01 
2.0380718e+00   6172905  3.4747030e+01 
2.0401276e+00   6194425  3.4614020e+01 
2.0421828e+00   6196047  3.4660911e+01 
2.0442379e+00   6216145  3.4654837e+01 
2.0462942e+00   6230473  3.4668907e+01 
2.0483492e+00   6232095  3.4651352e+01 
2.0504033e+00   6249913  3.4725586e+01 
2.0524587e+00   6266493  3.4642328e+01 
2.0545138e+00   6270925  3.4603263e+01 
2.0565687e+00   6292635  3.4559727e+01 
2.0586255e+00   6306181  3.4663980e+01 
2.0606808e+00   6309697  3.4599976e+01 
2.0627351e+00   6324579  3.4512874e+01 
2.0647907e+00   6342217  3.4450057e+01 
2.0668456e+00   6347277  3.4383582e+01 
2.0689002e+00   6364285  3.4487584e+01 
2.0709557e+00   6378303  3.4444230e+01 
2.0730101e+00   6382993  3.4385645e+01 
2.0750647e+00   6404353  3.4398980e+01 
2.0771197e+00   6412287  3.4492345e+01 
2.0791751e+00   6430825  3.4240164e+01 
2.0812315e+00   6444501  3.4379168e+01 
2.0832864e+00   6446653  3.4192870e+01 
2.0853412e+00   6469255  3.4149914e+01 
2.0873967e+00   6477417  3.4155257e+01 
2.0894521e+00   6491929  3.4173369e+01 
2.0915070e+00   6503031  3.3962092e+01 
2.0935628e+00   6521089  3.3919008e+01 
2.0956184e+00   6527925  3.3940477e+01 
2.0976720e+00   6533347  3.3983482e+01 
2.0997262e+00   6557797  3.3835776e+01 
2.1017824e+00   6572589  3.3748796e+01 
2.1038383e+00   6579466  3.3727903e+01 
