3487059968 2849755136 2819381248
3370651648 2776489984 2746018816
3380252672 2786123776 2755650560
3387420672 2793123840 2762732544
3373469696 2778968064 2748673024
3372400640 2777624576 2747609088
3376848896 2782556160 2752155648
3376402432 2781954048 2751595520
3376996352 2783981568 2752376832
3374206976 2780995584 2749578240
3381219328 2790428672 2758611968
3378462720 2786238464 2754053120
3378483200 2786050048 2754075648
3370655744 2778161152 2746076160
3372380160 2780561408 2748201984
3377442816 2785255424 2752984064
3379924992 2786975744 2755456000
3370672128 2779848704 2748158976
3369828352 2779512832 2747474944
3369533440 2777063424 2745012224
3378814976 2786258944 2754408448
3377700864 2785107968 2753269760
3372154880 2779758592 2747642880
3382091776 2789654528 2757512192
3371356160 2776178688 2746532864
3382104064 2786885632 2757326848
3383177216 2788233216 2758491136
3381379072 2788290560 2758481920
3370184704 2775400448 2745519104
3384242176 2792022016 2762120192
3370799104 2776453120 2746219520
3378823168 2786390016 2756098048
