3438014464 2798411776 2770388992
3332304896 2735714304 2707561472
3332042752 2735939584 2707439616
3332042752 2735890432 2707454976
3332300800 2736095232 2707559424
3332038656 2735812608 2707291136
3332042752 2736041984 2707631104
3331780608 2735288320 2707120128
3332042752 2736615424 2707419136
3332042752 2736730112 2707562496
3332042752 2738933760 2709438464
3331784704 2736766976 2707224576
3331784704 2736963584 2707365888
3332304896 2737270784 2707731456
3332042752 2737057792 2707577856
3332042752 2736742400 2707537920
3332304896 2736906240 2707901440
3332042752 2736381952 2707295232
3332046848 2738839552 2709457920
3331780608 2736672768 2707214336
3332042752 2736971776 2707422208
3331518464 2736656384 2707089408
3332046848 2736730112 2707444736
3332308992 2736975872 2707738624
3332046848 2734866432 2707268608
3332308992 2735161344 2707467264
3332050944 2735112192 2707185664
3332313088 2737410048 2709460992
3331526656 2734784512 2706817024
3331788800 2735022080 2707068928
3332050944 2735120384 2707240960
3332046848 2735050752 2707190784
