3457449984 2819506176 2789695488
3349868544 2755293184 2725260288
3351343104 2756730880 2726785024
3353182208 2758467584 2728543232
3350450176 2755563520 2725655552
3349889024 2754727936 2725098496
3350151168 2755461120 2725665792
3349966848 2755022848 2725138432
3350065152 2756898816 2725577728
3350810624 2757472256 2726300672
3352031232 2761019392 2729636864
3350409216 2757812224 2726009856
3350478848 2757500928 2725961728
3349868544 2757177344 2725495808
3349868544 2757382144 2725572608
3350306816 2757529600 2725764096
3352641536 2759372800 2728276992
3349868544 2758758400 2727377920
3349348352 2758660096 2727072768
3349344256 2756464640 2724828160
3350745088 2757607424 2726288384
3349929984 2756734976 2725447680
3349934080 2757001216 2725563392
3352260608 2759352320 2727741440
3350134784 2754691072 2725371904
3352133632 2756489216 2727237632
3352092672 2756546560 2727317504
3351506944 2758070272 2728733696
3349614592 2754310144 2724853760
3349876736 2754568192 2725084160
3349626880 2754715648 2725000192
3350618112 2755735552 2725961728
