3473379328 2836025344 2805755904
3363762176 2769436672 2738974720
3366846464 2772725760 2742287360
3372191744 2777849856 2747467776
3364343808 2769866752 2739576832
3363520512 2768809984 2738811904
3364327424 2770186240 2739795968
3363926016 2769612800 2739258368
3364216832 2771304448 2739699712
3365683200 2772525056 2741131264
3369066496 2778230784 2746466304
3365453824 2773225472 2741054464
3365429248 2772942848 2740996096
3363500032 2771206144 2739122176
3363762176 2771759104 2739406848
3364876288 2772582400 2740315136
3369549824 2776748032 2745232384
3363500032 2772746240 2741061632
3362979840 2772639744 2740619264
3362713600 2770337792 2738294784
3365629952 2773045248 2741204992
3364790272 2772221952 2740384768
3363827712 2771513344 2739418112
3368067072 2775859200 2743729152
3364028416 2768887808 2739248128
3368468480 2773323776 2743770112
3368914944 2773905408 2744188928
3367542784 2774671360 2744904704
3363246080 2768371712 2738499584
3363770368 2768797696 2738938880
3363782656 2769121280 2738978816
3365920768 2773499904 2743219200
