3540852736 2903384064 2872988672
3423924224 2829643776 2799172608
3445788672 2854125568 2823650304
3449839616 2855596032 2825202688
3425198080 2830745600 2800442368
3424313344 2829586432 2799552512
3426287616 2832117760 2801680384
3447148544 2855419904 2825035776
3432624128 2839584768 2807954432
3429769216 2836615168 2805151744
3455275008 2865217536 2833348608
3439738880 2850238464 2818030592
3434082304 2841518080 2809466880
3437531136 2847907840 2815809536
3421937664 2830020608 2797641728
3444744192 2855194624 2822900736
3440459776 2847420416 2815878144
3423735808 2832805888 2801098752
3437244416 2847424512 2815373312
3419746304 2827272192 2795209728
3435646976 2843025408 2811147264
3430125568 2837397504 2805520384
3437625344 2847879168 2815729664
3441192960 2848903168 2816744448
3426058240 2830966784 2801304576
3436711936 2844041216 2814470144
3454877696 2862456832 2832702464
3457159168 2864840704 2834999296
3434369024 2842202112 2812296192
3444953088 2852876288 2822928384
3429732352 2837950464 2807634944
3429986304 2837700608 2807389184
