3437490176 2797842432 2769858560
3331780608 2735042560 2707100672
3331518464 2735308800 2707123200
3331518464 2735161344 2707267584
3331514368 2735439872 2707456000
3331252224 2735202304 2707295232
3331518464 2735357952 2707627008
3331256320 2734645248 2707115008
3331518464 2735996928 2707411968
3331518464 2736029696 2707563520
3331256320 2738233344 2709442560
3331260416 2736074752 2707217408
3331260416 2736287744 2707352576
3331780608 2736566272 2707725312
3331518464 2736406528 2707581952
3331518464 2736103424 2707538944
3331780608 2736201728 2707891200
3331256320 2735603712 2707272704
3331522560 2738221056 2709451776
3331256320 2735935488 2707194880
3331518464 2736222208 2707403776
3330994176 2736021504 2707088384
3331522560 2736062464 2707432448
3331784704 2736234496 2707727360
3331522560 2734206976 2707266560
3331784704 2734465024 2707457024
3331526656 2734469120 2707182592
3331788800 2736791552 2709458944
3331002368 2734096384 2706807808
3331264512 2734424064 2707067904
3331526656 2734501888 2707245056
3331522560 2734350336 2707194880
