3441684480 2802737152 2774089728
3335974912 2740166656 2711344128
3335974912 2740277248 2711294976
3336237056 2740477952 2711532544
3336232960 2740428800 2711540736
3335446528 2739728384 2710876160
3335974912 2740412416 2711488512
3335450624 2739777536 2710889472
3335974912 2741288960 2711332864
3335974912 2741456896 2711562240
3335974912 2743611392 2713516032
3335716864 2741309440 2711124992
3335716864 2741452800 2711286784
3335974912 2741731328 2711565312
3335712768 2741497856 2711407616
3335712768 2741321728 2711168000
3336499200 2741858304 2712097792
3335712768 2740948992 2711090176
3335716864 2743197696 2713234432
3335450624 2740985856 2710896640
3335712768 2741420032 2711318528
3335450624 2740932608 2710836224
3335979008 2741444608 2711377920
3336241152 2741817344 2711752704
3335979008 2739216384 2711089152
3336503296 2739761152 2711563264
3335720960 2739310592 2711026688
3336245248 2741686272 2713384960
3335458816 2738823168 2710554624
3335720960 2739159040 2710843392
3335720960 2739269632 2710963200
3336241152 2739617792 2711308288
