3542024192 2904719360 2874319872
3424186368 2830036992 2799565824
3454054400 2862546944 2832067584
3453140992 2858844160 2828443648
3425722368 2831204352 2800879616
3425722368 2830901248 2800852992
3427028992 2832777216 2802323456
3447435264 2855866368 2825477120
3433189376 2840293376 2808658944
3430789120 2837540864 2806077440
3457507328 2867367936 2835499008
3443478528 2853888000 2821680128
3435012096 2842624000 2810558464
3438055424 2848317440 2816204800
3423084544 2831306752 2798913536
3452813312 2863185920 2830880768
3442057216 2849230848 2817688576
3423997952 2833252352 2801545216
3437506560 2847830016 2815778816
3420893184 2828558336 2796483584
3436924928 2844229632 2812331008
3430825984 2838245376 2806360064
3437887488 2848325632 2816154624
3443048448 2850705408 2818539520
3426582528 2831392768 2801726464
3448090624 2855608320 2826037248
3456978944 2864504832 2834738176
3458580480 2866208768 2836355072
3434893312 2842624000 2812713984
3445477376 2853330944 2823379968
3449487360 2855837696 2825522176
3440783360 2851041280 2820729856
