3440635904 2801389568 2772979712
3334926336 2738921472 2710263808
3334664192 2739048448 2710160384
3334926336 2739171328 2710318080
3335184384 2739232768 2710400000
3334397952 2738651136 2709839872
3334926336 2739150848 2710350848
3334402048 2738585600 2709851136
3334664192 2739957760 2710189056
3334926336 2740125696 2710392832
3334664192 2742308864 2712330240
3334406144 2739990528 2709942272
3334668288 2740199424 2710122496
3334926336 2740527104 2710454272
3334664192 2740256768 2710277120
3334664192 2740035584 2710104064
3335450624 2740408320 2710861824
3334402048 2739707904 2709971968
3334406144 2741964800 2712095744
3334402048 2739793920 2709819392
3334664192 2740150272 2710191104
3334139904 2739748864 2709776384
3334668288 2740183040 2710252544
3335192576 2740367360 2710588416
3334930432 2738049024 2709996544
3335192576 2738544640 2710393856
3334672384 2738167808 2709939200
3334934528 2740473856 2712250368
3334148096 2737614848 2709410816
3334410240 2737979392 2709728256
3334672384 2738159616 2709939200
3334930432 2738294784 2710102016
