3442733056 2804006912 2775135232
3337023488 2741370880 2712392704
3337023488 2741366784 2712294400
3337285632 2741575680 2712559616
3337281536 2741465088 2712516608
3336495104 2740756480 2711865344
3337023488 2741440512 2712468480
3336499200 2740871168 2711899136
3336761344 2742337536 2712310784
3337023488 2742677504 2712561664
3337023488 2744758272 2714567680
3336765440 2742460416 2712173568
3336765440 2742534144 2712284160
3337023488 2742779904 2712537088
3336761344 2742673408 2712398848
3336499200 2742407168 2712126464
3337547776 2743123968 2713193472
3336761344 2744098816 2714132480
3336765440 2744242176 2714210304
3336499200 2742067200 2711911424
3336761344 2742464512 2712290304
3336237056 2742022144 2711842816
3336765440 2742525952 2712360960
3337289728 2743009280 2712834048
3337027584 2740256768 2712097792
3337289728 2740817920 2712571904
3336769536 2740346880 2712027136
3337293824 2742747136 2714391552
3336507392 2739863552 2711559168
3336769536 2740224000 2711866368
3336769536 2740293632 2711941120
3337289728 2740727808 2712342528
