3346219008 2752409600 2723433472
3346092032 2750287872 2721350656
3346145280 2750513152 2721483776
3345362944 2749763584 2720637952
3345952768 2750345216 2721168384
3345428480 2749784064 2720651264
3345952768 2750423040 2721342464
3346587648 2753253376 2724065280
3346243584 2752188416 2721726464
3345702912 2752045056 2721348608
3345338368 2751410176 2720825344
3345567744 2751709184 2721044480
3345428480 2751549440 2720884736
3344904192 2753093632 2722572288
3346657280 2754973696 2724255744
3345694720 2752217088 2721295360
3346255872 2752450560 2721722368
3345883136 2754084864 2723504128
3345432576 2751655936 2720896000
3345952768 2752303104 2721413120
3345600512 2751545344 2720971776
3346952192 2753056768 2722551808
3345432576 2751963136 2721032192
3345629184 2751823872 2721041408
3345432576 2749550592 2720631808
3345174528 2749349888 2720487424
3346378752 2750312448 2721642496
3346173952 2750353408 2721499136
3344912384 2749161472 2720209920
3346112512 2750300160 2721425408
3345829888 2749947904 2720966656
3345682432 2749874176 2721000448
