1888247808 1310076928 1287954432
1887965184 1309732864 1287709696
1887961088 1309745152 1287687168
1888219136 1310183424 1288088576
1889275904 1310175232 1288024064
1889275904 1310126080 1288062976
1887944704 1309716480 1287697408
1888477184 1312313344 1290272768
1893527552 1310347264 1288046592
1893527552 1310482432 1288111104
1892196352 1309933568 1287701504
1892196352 1309990912 1287718912
1892458496 1310351360 1288034304
1892323328 1312444416 1290095616
1891385344 1312440320 1290085376
1891389440 1310318592 1288065024
1893253120 1309921280 1287663616
1893515264 1312468992 1290028032
1892446208 1310269440 1287937024
1892708352 1310433280 1288041472
1892188160 1310056448 1287681024
1892184064 1309978624 1287672832
1891377152 1310261248 1288011776
1891377152 1310171136 1288018944
1890316288 1309937664 1287934976
1890320384 1309933568 1287941120
1889251328 1309929472 1287957504
1889251328 1310007296 1287944192
1889251328 1309880320 1287945216
1889247232 1309921280 1287931904
1888186368 1309999104 1287956480
1888194560 1310007296 1287952384
