1213644800 298745856 279042048
1214697472 298745856 279027712
1214611456 298749952 279023616
1214615552 298778624 279052288
1215676416 298749952 279015424
1215676416 298770432 279037952
1214603264 298745856 279015424
1214615552 300838912 281098240
1216733184 298766336 279015424
1216733184 298786816 279042048
1215664128 298749952 279009280
1215664128 298749952 279009280
1215664128 298749952 279009280
1215664128 300851200 281081856
1214595072 298745856 279009280
1214603264 298745856 279009280
1217781760 298766336 279015424
1217806336 298790912 279042048
1216737280 298758144 279013376
1216708608 298762240 279017472
1216737280 298758144 279017472
1216708608 298758144 279013376
1215643648 298754048 279017472
1215651840 298758144 279015424
1216737280 298762240 279023616
1216708608 298778624 279027712
1215643648 298766336 279025664
1215651840 298766336 279023616
1215668224 298758144 279031808
1215643648 298762240 279031808
1214574592 299995136 280272896
1213526016 298754048 279050240
