3382067200 2788712448 2759286784
3391025152 2795474944 2766196736
3393355776 2798346240 2768655360
3381227520 2786160640 2756421632
3378274304 2783453184 2753692672
3376467968 2781614080 2751898624
3388010496 2793287680 2763398144
3408519168 2818355200 2788426752
3388829696 2795388928 2764155904
3390087168 2799497216 2768131072
3385790464 2792701952 2761129984
3390693376 2797633536 2766216192
3377266688 2784141312 2752603136
3376582656 2785595392 2754180096
3392909312 2802434048 2770586624
3387604992 2795085824 2763071488
3386056704 2793111552 2761517056
3389485056 2798313472 2766830592
3377397760 2784858112 2752947200
3385520128 2792861696 2760941568
3387359232 2794655744 2762897408
3395526656 2802683904 2771070976
3391713280 2802188288 2769922048
3386195968 2795864064 2763783168
3377074176 2781966336 2752262144
3376119808 2780897280 2751336448
3380867072 2785685504 2756043776
3391934464 2796806144 2767122432
3376259072 2781413376 2751524864
3390607360 2795655168 2765834240
3385815040 2791260160 2761158656
3386429440 2791817216 2761851904
