3446910976 2853736448 2824329216
3471216640 2875854848 2846583808
3482038272 2887000064 2857320448
3456659456 2864431104 2834713600
3463725056 2871476224 2841709568
3443810304 2848886784 2819183616
3457331200 2862563328 2832681984
3506614272 2916478976 2886577152
3451088896 2857889792 2826591232
3462172672 2871664640 2840276992
3473666048 2883485696 2851896320
3489542144 2899013632 2867601408
3458490368 2868305920 2836757504
3453231104 2864869376 2833471488
3472441344 2882052096 2850195456
3445391360 2853134336 2821108736
3459502080 2866569216 2834967552
3472171008 2881794048 2850306048
3462316032 2872426496 2840503296
3465912320 2875940864 2844022784
3462377472 2869653504 2837914624
3476889600 2884038656 2852461568
3463958528 2874548224 2842267648
3471032320 2883424256 2851332096
3444817920 2849787904 2820049920
3443019776 2847825920 2818275328
3452084224 2856939520 2827293696
3469512704 2874531840 2844855296
3443277824 2848346112 2818476032
3483365376 2891214848 2861445120
3465945088 2874089472 2844007424
3469271040 2877198336 2847259648
