3423789056 2830614528 2801165312
3448455168 2852827136 2823541760
3444813824 2849746944 2820044800
3435421696 2842992640 2813244416
3442143232 2849890304 2820106240
3421536256 2826661888 2796930048
3428704256 2833903616 2803998720
3472814080 2882691072 2852745216
3430477824 2837237760 2805956608
3437912064 2847490048 2816081920
3445104640 2854670336 2823142400
3456802816 2866253824 2834829312
3429040128 2838724608 2807150592
3421995008 2831052800 2799613952
3449769984 2859077632 2827202560
3422875648 2830499840 2798461952
3430453248 2837508096 2805891072
3449905152 2859532288 2828038144
3438002176 2848161792 2816212992
3444113408 2854162432 2822223872
3433058304 2840469504 2808697856
3453763584 2860838912 2829219840
3439591424 2850230272 2817927168
3449458688 2861887488 2829784064
3421413376 2826362880 2796624896
3420127232 2824966144 2795394048
3426041856 2830868480 2801199104
3446861824 2851872768 2822147072
3421450240 2826563584 2796652544
3448303616 2856173568 2826358784
3426668544 2832175104 2802054144
3444346880 2852319232 2822339584
