3353821184 2760450048 2731043840
3355799552 2760298496 2731062272
3356307456 2761105408 2731528192
3353001984 2757857280 2728217600
3353554944 2758705152 2729028608
3352768512 2757697536 2728081408
3353878528 2758877184 2729141248
3357384704 2764599296 2734775296
3354107904 2760704000 2729516032
3353567232 2760323072 2728988672
3353485312 2760294400 2728825856
3355070464 2761846784 2730530816
3353030656 2759933952 2728491008
3352768512 2761633792 2730298368
3356241920 2765516800 2733792256
3353296896 2760851456 2728974336
3354365952 2761494528 2729975808
3354632192 2763558912 2732179456
3353034752 2760269824 2728506368
3353903104 2761306112 2729518080
3353894912 2761113600 2729524224
3357360128 2764468224 2733001728
3353034752 2760806400 2728709120
3353808896 2761236480 2729364480
3353034752 2758049792 2728408064
3352776704 2757500928 2728043520
3354255360 2759036928 2729528320
3355664384 2760540160 2731010048
3352514560 2757500928 2727835648
3355561984 2760458240 2730773504
3353735168 2759024640 2729100288
3354480640 2759561216 2729783296
