3344384000 2750423040 2721611776
3344003072 2748207104 2719337472
3344293888 2748346368 2719453184
3343441920 2747809792 2718796800
3344117760 2748465152 2719435776
3343593472 2747904000 2718918656
3344117760 2748522496 2719547392
3344367616 2750947328 2721861632
3344384000 2750164992 2719881216
3344130048 2750066688 2719570944
3343405056 2749325312 2718906368
3343527936 2749624320 2719101952
3343593472 2749595648 2719114240
3343331328 2751111168 2720786432
3344568320 2752696320 2722205696
3344121856 2750193664 2719587328
3344252928 2750291968 2719779840
3344080896 2751959040 2721515520
3343597568 2749710336 2719177728
3343994880 2750193664 2719506432
3343560704 2749403136 2719012864
3345027072 2750828544 2720436224
3343597568 2749874176 2719196160
3343708160 2749734912 2719188992
3343597568 2747576320 2718904320
3343601664 2747400192 2718742528
3344756736 2748448768 2719900672
3344310272 2748125184 2719430656
3343339520 2747252736 2718513152
3344035840 2747953152 2719325184
3343933440 2747854848 2719054848
3343962112 2747719680 2719074304
