3338092544 2743971840 2715469824
3338088448 2741936128 2713311232
3338092544 2742050816 2713332736
3337564160 2741710848 2712940544
3338088448 2742202368 2713437184
3337564160 2741796864 2713010176
3338088448 2742280192 2713481216
3338354688 2744557568 2715662336
3338354688 2743894016 2713973760
3338088448 2743721984 2713647104
3337302016 2742960128 2712904704
3337564160 2743222272 2713117696
3337826304 2743558144 2713437184
3337564160 2745155584 2715078656
3338354688 2746101760 2715909120
3338092544 2743926784 2713731072
3338088448 2743738368 2713696256
3337830400 2745589760 2715467776
3337830400 2743427072 2713331712
3337830400 2743599104 2713397248
3337572352 2743123968 2712973312
3338620928 2744193024 2714009600
3337830400 2743558144 2713383936
3337830400 2743521280 2713255936
3337830400 2741223424 2713065472
3337834496 2741305344 2713008128
3338616832 2742214656 2713864192
3338096640 2741563392 2713207808
3337572352 2740961280 2712658944
3337834496 2741374976 2713082880
3337830400 2741415936 2713069568
3337834496 2741358592 2713004032
