3446910976 2853621760 2824165376
3470671872 2875211776 2845899776
3481513984 2886361088 2856632320
3456659456 2864316416 2834563072
3463426048 2871316480 2841528320
3443810304 2848776192 2819040256
3457306624 2862415872 2832493568
3505590272 2915614720 2885651456
3451088896 2857725952 2826431488
3461910528 2871537664 2840123392
3473604608 2883321856 2851705856
3488821248 2898423808 2866971648
3458490368 2868199424 2836625408
3453231104 2864766976 2833328128
3471921152 2881400832 2849496064
3445391360 2853007360 2820959232
3459227648 2866413568 2834796544
3471654912 2881413120 2849894400
3462316032 2872311808 2840358912
3465519104 2875691008 2843740160
3462123520 2869293056 2837517312
3476307968 2883325952 2851698688
3463958528 2874421248 2842114048
3471020032 2883297280 2851178496
3444555776 2849656832 2819910656
3443019776 2847719424 2818143232
3451822080 2856800256 2827123712
3469041664 2873954304 2844228608
3443015680 2848243712 2818332672
3483000832 2890731520 2860904448
3465920512 2873921536 2843800576
3468992512 2876813312 2846833664
