3349364736 2755817472 2726622208
3350122496 2754490368 2725416960
3350437888 2754899968 2725602304
3348545536 2753167360 2723819520
3349098496 2753859584 2724439040
3348312064 2753081344 2723761152
3349360640 2753798144 2724509696
3351138304 2757795840 2728392704
3349389312 2755792896 2724929536
3349110784 2755575808 2724513792
3348713472 2755264512 2724224000
3349417984 2755817472 2724891648
3348574208 2754981888 2723959808
3348312064 2756669440 2725756928
3350601728 2759479296 2728272896
3348840448 2755837952 2724419584
3349573632 2756194304 2725060608
3349442560 2758111232 2727102464
3348578304 2755305472 2724051968
3349278720 2756071424 2724752384
3349098496 2755493888 2724525056
3351330816 2757533696 2726762496
3348578304 2755715072 2724230144
3348955136 2755780608 2724531200
3348578304 2753122304 2723822592
3348320256 2752831488 2723642368
3349536768 2753732608 2724734976
3350331392 2754646016 2725480448
3348058112 2752622592 2723313664
3350163456 2754605056 2725382144
3349110784 2753687552 2724338688
3349512192 2753871872 2724652032
