3349626880 2756145152 2726966272
3350732800 2754895872 2725874688
3350810624 2755346432 2726100992
3348807680 2753433600 2724185088
3349360640 2754236416 2724799488
3348836352 2753458176 2724101120
3349622784 2754215936 2724881408
3351543808 2758377472 2728921088
3349651456 2756190208 2725269504
3349372928 2756042752 2724890624
3349000192 2755674112 2724562944
3349766144 2756272128 2725327872
3348836352 2755416064 2724349952
3348574208 2757087232 2726114304
3351199744 2759991296 2728720384
3349102592 2756231168 2724772864
3349835776 2756554752 2725447680
3350011904 2758516736 2727508992
3348840448 2755719168 2724404224
3349553152 2756505600 2725150720
3349385216 2755932160 2724908032
3351711744 2757984256 2727233536
3349102592 2756190208 2724620288
3349491712 2756231168 2724908032
3348840448 2753523712 2724171776
3348844544 2753232896 2723998720
3350061056 2754174976 2725114880
3350667264 2755153920 2725940224
3348582400 2753073152 2723702784
3350499328 2755141632 2725850112
3349385216 2754125824 2724711424
3349811200 2754334720 2725062656
