3372113920 2778677248 2749251584
3378896896 2783277056 2753999872
3383496704 2788392960 2758694912
3370385408 2775310336 2745575424
3371573248 2776748032 2746967040
3372670976 2777796608 2748067840
3371802624 2777055232 2747168768
3397976064 2808078336 2778157056
3374858240 2781417472 2750176256
3372933120 2779648000 2748284928
3376910336 2783797248 2752225280
3381047296 2787987456 2756567040
3372134400 2779279360 2747729920
3370053632 2779049984 2747622400
3383144448 2792767488 2760907776
3373637632 2781134848 2749112320
3374956544 2781966336 2750372864
3379892224 2788950016 2757458944
3372400640 2779922432 2748015616
3374374912 2781704192 2749796352
3378212864 2785517568 2753755136
3385425920 2792439808 2760826880
3370360832 2778210304 2745927680
3377418240 2787037184 2754949120
3370627072 2775621632 2745891840
3369730048 2774544384 2744979456
3372687360 2777419776 2747777024
3382214656 2787061760 2757377024
3369807872 2774937600 2745053184
3381141504 2786181120 2756363264
3377045504 2782597120 2752492544
3375153152 2780549120 2750580736
