3342024704 2748039168 2719342592
3341783040 2745778176 2717003776
3341787136 2745909248 2717106176
3341258752 2745532416 2716625920
3341758464 2746048512 2717154304
3341496320 2745630720 2716747776
3342020608 2746241024 2717345792
3342061568 2748522496 2719504384
3342286848 2747871232 2717741056
3341758464 2747654144 2717348864
3341246464 2746863616 2716624896
3341307904 2747101184 2716775424
3341496320 2747342848 2717030400
3341234176 2748948480 2718705664
3342323712 2750115840 2719790080
3342024704 2747871232 2717463552
3342069760 2747822080 2717531136
3341549568 2749440000 2719133696
3341500416 2747289600 2716967936
3341787136 2747699200 2717197312
3341041664 2746896384 2716633088
3342413824 2748235776 2717940736
3341500416 2747506688 2717075456
3341537280 2747412480 2716988416
3341762560 2745180160 2716791808
3341504512 2745135104 2716647424
3342598144 2746122240 2717654016
3341791232 2745491456 2716953600
3341242368 2744860672 2716369920
3341815808 2745442304 2716996608
3341524992 2745401344 2716827648
3341516800 2745315328 2716794880
