3428012032 2834776064 2805327872
3424329728 2828976128 2799625216
3447951360 2852732928 2823179264
3426148352 2833846272 2804110336
3431239680 2838630400 2809069568
3421634560 2826706944 2796997632
3422380032 2827702272 2797774848
3450105856 2858094592 2828107776
3444936704 2851528704 2820457472
3435094016 2841673728 2810540032
3422138368 2830946304 2799351808
3443146752 2852589568 2821194752
3439779840 2846691328 2815285248
3421470720 2828341248 2796854272
3440488448 2850582528 2818712576
3431825408 2842128384 2810015744
3440082944 2849632256 2818104320
3438694400 2848362496 2816840704
3421302784 2828832768 2796855296
3445825536 2855755776 2823938048
3433648128 2840973312 2809086976
3438555136 2845634560 2813961216
3427819520 2835595264 2803523584
3451609088 2861977600 2829939712
3440840704 2848047104 2818609152
3434614784 2839257088 2809822208
3430150144 2837151744 2807368704
3457482752 2863255552 2833446912
3430326272 2835443712 2805628928
3448455168 2856321024 2826369024
3423690752 2829111296 2799070208
3440812032 2848186368 2818120704
