3333378048 2739097600 2710896640
3333107712 2736775168 2708516864
3333898240 2737614848 2709310464
3333369856 2737090560 2708628480
3333107712 2737061888 2708521984
3333369856 2737291264 2708740096
3333107712 2736676864 2708341760
3333632000 2737430528 2709065728
3333369856 2738335744 2708917248
3333107712 2737762304 2708508672
3333369856 2738176000 2708806656
3333644288 2738577408 2709001216
3333373952 2738737152 2708956160
3332845568 2738118656 2708383744
3333632000 2738741248 2709047296
3333632000 2738749440 2709178368
3333382144 2738135040 2708827136
3333373952 2737868800 2708724736
3333378048 2738335744 2708772864
3333640192 2738716672 2709015552
3333115904 2738372608 2708590592
3332857856 2738180096 2708362240
3333373952 2738638848 2708851712
3333378048 2738393088 2708777984
3333378048 2736459776 2708730880
3333378048 2736218112 2708439040
3333115904 2736279552 2708375552
3349909504 2753044480 2725040128
3333115904 2736398336 2708341760
3333369856 2736521216 2708418560
3333636096 2736762880 2708795392
3333902336 2736893952 2708990976
