3386380288 2793127936 2763709440
3379503104 2784010240 2754671616
3392409600 2797260800 2767715328
3387465728 2792603648 2762868736
3379105792 2783916032 2754367488
3382317056 2787180544 2757497856
3379003392 2784141312 2754264064
3390070784 2795384832 2765455360
3393454080 2799931392 2768890880
3385368576 2792013824 2760898560
3379191808 2786222080 2754656256
3388874752 2795585536 2764210176
3390099456 2796982272 2765598720
3378688000 2785665024 2754208768
3380043776 2787475456 2755656704
3389214720 2799431680 2767361024
3389104128 2796064768 2764570624
3379838976 2786902016 2755388416
3378810880 2786189312 2754251776
3396452352 2806329344 2774551552
3385565184 2792972288 2761123840
3390103552 2797359104 2765712384
3386478592 2794229760 2762200064
3389485056 2797105152 2765116416
3388825600 2793377792 2763961344
3384844288 2789466112 2760047616
3386200064 2793201664 2763466752
3396374528 2801278976 2771503104
3386871808 2792054784 2762286080
3379343360 2784628736 2754695168
3387809792 2793181184 2763164672
3390181376 2797637632 2767629312
