3427975168 2834661376 2805213184
3424329728 2828898304 2799547392
3447795712 2852507648 2822953984
3425886208 2833772544 2804036608
3425890304 2833223680 2803662848
3421634560 2826637312 2796928000
3422380032 2827649024 2797721600
3446906880 2854957056 2824970240
3444695040 2851213312 2820142080
3435081728 2841595904 2810463232
3420991488 2830041088 2798458880
3440353280 2849746944 2818354176
3439673344 2846507008 2815105024
3421208576 2828271616 2796784640
3440488448 2850525184 2818655232
3431428096 2842038272 2809925632
3439722496 2849464320 2817936384
3438694400 2848296960 2816776192
3421302784 2828763136 2796790784
3445825536 2855690240 2823873536
3433373696 2840895488 2809013248
3438149632 2845421568 2813748224
3427782656 2835480576 2803408896
3446050816 2856345600 2824310784
3440717824 2847866880 2818428928
3434590208 2839166976 2809733120
3428962304 2836152320 2806381568
3457482752 2863185920 2833385472
3430289408 2835324928 2805520384
3440082944 2847887360 2817935360
3423690752 2829033472 2798992384
3440480256 2848014336 2817952768
