3429519360 2836099072 2806650880
3424854016 2829283328 2799932416
3448676352 2853539840 2823986176
3426410496 2834153472 2804417536
3431501824 2838953984 2809393152
3421896704 2827010048 2797300736
3422904320 2828021760 2798094336
3453505536 2861490176 2831503360
3447185408 2853593088 2822509568
3438047232 2847350784 2816217088
3422400512 2831298560 2799708160
3443699712 2853265408 2821870592
3440644096 2847399936 2815993856
3422621696 2829545472 2798058496
3443781632 2853699584 2821829632
3432087552 2842492928 2810368000
3440611328 2850226176 2818691072
3438956544 2848694272 2817172480
3421564928 2829156352 2797181952
3448852480 2858889216 2827070464
3433922560 2841313280 2809425920
3439316992 2846470144 2814796800
3429076992 2836955136 2804871168
3455193088 2865414144 2833359872
3441516544 2848796672 2819358720
3434983424 2839678976 2810244096
3430531072 2837598208 2807814144
3458007040 2863579136 2833769472
3431596032 2836774912 2806959104
3448717312 2856640512 2826688512
3425103872 2830352384 2800305152
3441295360 2848755712 2818696192
