3428012032 2834767872 2805323776
3424329728 2828972032 2799621120
3447951360 2852708352 2823175168
3426148352 2833838080 2804106240
3431239680 2838626304 2809065472
3421634560 2826702848 2796993536
3422380032 2827698176 2797770752
3447255040 2855112704 2825129984
3444936704 2851524608 2820453376
3435094016 2841661440 2810535936
3421253632 2830106624 2798520320
3443146752 2852585472 2821190656
3439779840 2846687232 2815281152
3421470720 2828337152 2796850176
3440488448 2850570240 2818708480
3431825408 2842120192 2810011648
3440082944 2849628160 2818100224
3438694400 2848358400 2816836608
3421302784 2828820480 2796851200
3445825536 2855747584 2823933952
3433648128 2840969216 2809082880
3438555136 2845630464 2813957120
3427819520 2835587072 2803519488
3448893440 2859257856 2827219968
3440840704 2848038912 2818605056
3434614784 2839252992 2809818112
3429261312 2836258816 2806475776
3457482752 2863251456 2833442816
3430326272 2835431424 2805624832
3448455168 2856312832 2826364928
3423690752 2829107200 2799066112
3440812032 2848161792 2818116608
