3429556224 2836271104 2806822912
3424854016 2829418496 2800067584
3449081856 2853830656 2824276992
3426410496 2834296832 2804564992
3431763968 2839089152 2809532416
3423043584 2828029952 2798320640
3422904320 2828165120 2798237696
3459616768 2867482624 2837495808
3449163776 2855714816 2824630272
3438309376 2847485952 2816352256
3422695424 2831740928 2800146432
3444023296 2853474304 2822079488
3440717824 2847604736 2816198656
3422621696 2829680640 2798193664
3443781632 2853851136 2821970944
3435200512 2845696000 2813570048
3446042624 2855763968 2824228864
3447848960 2857394176 2825872384
3421827072 2829287424 2797308928
3449114624 2859028480 2827209728
3433922560 2841452544 2809565184
3439460352 2846752768 2815079424
3429363712 2837131264 2805046272
3455291392 2865672192 2833616896
3441885184 2849054720 2819603456
3435257856 2839826432 2810391552
3430817792 2837774336 2807990272
3460767744 2866466816 2836657152
3431620608 2836922368 2807106560
3448979456 2856763392 2826811392
3425857536 2831249408 2801195008
3462598656 2869960704 2839884800
