3349565440 2756247552 2727024640
3348848640 2753134592 2724009984
3351846912 2756173824 2727095296
3348574208 2753372160 2723954688
3348586496 2753024000 2723850240
3348836352 2753454080 2724083712
3348836352 2753462272 2724104192
3350364160 2754875392 2725614592
3350806528 2757124096 2726384640
3349438464 2755817472 2724947968
3349110784 2755751936 2724585472
3350372352 2756710400 2725829632
3350429696 2756829184 2725942272
3348574208 2754994176 2724035584
3349123072 2755821568 2724612096
3349360640 2756415488 2724881408
3349823488 2756153344 2725209088
3349102592 2755620864 2724548608
3348844544 2755559424 2724331520
3367161856 2776412160 2745205760
3349118976 2755694592 2724533248
3349954560 2756583424 2725512192
3349213184 2755919872 2724777984
3350360064 2757009408 2725817344
3350159360 2754306048 2725350400
3349565440 2753613824 2724628480
3349254144 2753499136 2724364288
3365638144 2770071552 2740812800
3349356544 2753961984 2724761600
3348836352 2753519616 2724093952
3349450752 2753994752 2724747264
3350802432 2755342336 2726104064
