3344437248 2750783488 2721910784
3344130048 2748194816 2719265792
3345616896 2749816832 2720909312
3343855616 2748203008 2719071232
3343855616 2747973632 2719057920
3343855616 2748325888 2719309824
3343855616 2748207104 2719262720
3344764928 2749190144 2720157696
3344625664 2750640128 2720285696
3344240640 2750246912 2719806464
3344392192 2750451712 2719822848
3344916480 2750922752 2720377856
3344756736 2750660608 2720276480
3343593472 2749571072 2719115264
3344142336 2750316544 2719774720
3344379904 2750873600 2720031744
3344416768 2750312448 2719866880
3344121856 2750058496 2719610880
3344125952 2750115840 2719526912
3362107392 2770866176 2740278272
3344125952 2750152704 2719613952
3344052224 2750177280 2719648768
3344121856 2750287872 2719737856
3344674816 2750914560 2720239616
3344498688 2748088320 2719684608
3344461824 2748297216 2719695872
3344138240 2748071936 2719374336
3360919552 2764701696 2735975424
3343937536 2747928576 2719302656
3343855616 2748043264 2719194112
3344457728 2748526592 2719755264
3345334272 2749288448 2720508928
