3427807232 2834382848 2804934656
3423440896 2827919360 2798568448
3439730688 2844565504 2815011840
3425886208 2833580032 2803844096
3425628160 2833092608 2803531776
3421634560 2826547200 2796837888
3421491200 2826641408 2796713984
3446505472 2854440960 2824454144
3443867648 2850267136 2819200000
3427663872 2834325504 2803192832
3420991488 2829922304 2798343168
3439763456 2849267712 2817888256
3439222784 2845949952 2814558208
3421208576 2828177408 2796690432
3440488448 2850394112 2818524160
3431428096 2841874432 2809761792
3436793856 2843762688 2812238848
3435667456 2845343744 2813822976
3420155904 2827726848 2795778048
3445551104 2855518208 2823728128
3426234368 2833612800 2801746944
3437674496 2844856320 2813182976
3427401728 2835222528 2803154944
3435778048 2845962240 2813927424
3439935488 2847211520 2817773568
3427151872 2831876096 2802446336
3428851712 2835890176 2806138880
3457482752 2863063040 2833278976
3429847040 2835017728 2805223424
3437031424 2845085696 2815133696
3423428608 2828910592 2798870528
3433119744 2840526848 2810468352
