3366596608 2773266432 2743899136
3364839424 2769387520 2740107264
3371261952 2776035328 2746551296
3364564992 2769620992 2739953664
3364577280 2769313792 2739810304
3364827136 2769727488 2740100096
3364564992 2769780736 2739992576
3368824832 2773938176 2744069120
3370942464 2777538560 2746551296
3366457344 2773057536 2741990400
3364839424 2771914752 2740387840
3367952384 2774827008 2743522304
3368865792 2775699456 2744374272
3364302848 2771316736 2739905536
3365638144 2772791296 2741114880
3365089280 2772791296 2740769792
3368058880 2774917120 2743545856
3365093376 2772090880 2740670464
3364573184 2772054016 2740202496
3384295424 2794115072 2762406912
3365711872 2773004288 2741218304
3368468480 2775724032 2744148992
3366432768 2774052864 2742043648
3368538112 2776031232 2744101888
3367763968 2772475904 2743084032
3366551552 2771001344 2741652480
3366227968 2773086208 2743482368
3381628928 2786639872 2756935680
3366768640 2771791872 2742116352
3364827136 2770112512 2740237312
3365703680 2771120128 2741155840
3369250816 2776465408 2746577920
