3429543936 2836242432 2806794240
3424854016 2829389824 2800043008
3449044992 2853769216 2824215552
3426410496 2834272256 2804540416
3431501824 2839068672 2809507840
3423043584 2828005376 2798296064
3422904320 2828144640 2798217216
3459592192 2867429376 2837442560
3449102336 2855624704 2824552448
3438309376 2847465472 2816335872
3422695424 2831712256 2800121856
3444011008 2853433344 2822038528
3440693248 2847551488 2816149504
3422621696 2829651968 2798169088
3443781632 2853826560 2821949440
3432087552 2842603520 2810477568
3446018048 2855714816 2824192000
3447848960 2857373696 2825860096
3421827072 2829271040 2797292544
3449114624 2859008000 2827189248
3433922560 2841427968 2809544704
3439415296 2846683136 2815013888
3429363712 2837106688 2805021696
3455266816 2865614848 2833571840
3441598464 2848997376 2819558400
3435257856 2839805952 2810371072
3430543360 2837737472 2807965696
3460767744 2866454528 2836644864
3431620608 2836901888 2807090176
3448717312 2856747008 2826795008
3425857536 2831228928 2801174528
3441594368 2848923648 2818851840
