3333378048 2738905088 2710899712
3333107712 2736562176 2708515840
3333898240 2737467392 2709316608
3333369856 2737057792 2708628480
3333107712 2737020928 2708518912
3333369856 2737102848 2708738048
3333107712 2736500736 2708332544
3333632000 2737373184 2709065728
3333369856 2738282496 2708902912
3333107712 2737664000 2708488192
3333369856 2738110464 2708791296
3333644288 2738425856 2708993024
3333373952 2738675712 2708942848
3332845568 2738024448 2708365312
3333632000 2738622464 2709019648
3333632000 2738618368 2709164032
3333382144 2737860608 2708809728
3333373952 2737643520 2708710400
3333378048 2738237440 2708758528
3333640192 2738540544 2708967424
3333115904 2738180096 2708562944
3332857856 2738147328 2708357120
3333373952 2738548736 2708833280
3333378048 2738302976 2708760576
3333378048 2736201728 2708727808
3333378048 2736193536 2708435968
3333115904 2736111616 2708393984
3349909504 2752872448 2725057536
3333115904 2736332800 2708331520
3333369856 2736463872 2708410368
3333636096 2736529408 2708787200
3333902336 2736594944 2708985856
