3337310208 2743275520 2714660864
3336777728 2740846592 2712187904
3338092544 2742116352 2713393152
3336777728 2740842496 2712114176
3336777728 2740752384 2712054784
3337039872 2741092352 2712380416
3336777728 2740891648 2712141824
3337564160 2741592064 2712835072
3337302016 2742747136 2712859648
3336777728 2742308864 2712324096
3337039872 2742689792 2712629248
3337576448 2743054336 2713020416
3337568256 2743103488 2713016320
3336515584 2742075392 2712030208
3337302016 2742874112 2712743936
3337302016 2743033856 2712881152
3337052160 2742566912 2712614912
3337043968 2742427648 2712471552
3337048064 2742575104 2712479744
3337310208 2742947840 2712842240
3336785920 2742489088 2712353792
3336790016 2742308864 2712189952
3337043968 2742784000 2712616960
3337310208 2743009280 2712853504
3337310208 2740654080 2712526848
3337048064 2740539392 2712321024
3337048064 2740441088 2712156160
3353579520 2757017600 2728717312
3336785920 2740281344 2711999488
3336777728 2740338688 2712031232
3337306112 2740867072 2712595456
3337834496 2741358592 2712966144
