3368456192 2775171072 2745754624
3366674432 2771259392 2741913600
3373805568 2778521600 2748972032
3366400000 2771472384 2741751808
3366412288 2771267584 2741710848
3366662144 2771640320 2741962752
3366662144 2771705856 2741828608
3370975232 2776301568 2746387456
3373658112 2780168192 2749119488
3368660992 2775126016 2744005632
3366674432 2773856256 2742288384
3369984000 2776924160 2745545728
3370991616 2777948160 2746561536
3366400000 2773254144 2741789696
3367473152 2774810624 2742995968
3366924288 2774630400 2742563840
3370172416 2777223168 2745729024
3367190528 2774044672 2742535168
3366408192 2773991424 2742066176
3386191872 2796179456 2764402688
3367583744 2775003136 2743155712
3370967040 2778062848 2746423296
3368341504 2775998464 2743981056
3370614784 2778271744 2746286080
3369840640 2774593536 2745160704
3368472576 2772955136 2743532544
3368136704 2775142400 2745407488
3383463936 2788560896 2758784000
3368734720 2773831680 2744071168
3366662144 2771951616 2742018048
3367538688 2772983808 2742962176
3371364352 2778808320 2748785664
