3426856960 2833518592 2804085760
3422916608 2827542528 2798195712
3437871104 2842763264 2813230080
3422965760 2827927552 2798191616
3422711808 2827427840 2797867008
3421110272 2826149888 2796447744
3420966912 2826248192 2796336128
3445207040 2853187584 2823229440
3441524736 2848018432 2816977920
3427266560 2833801216 2802669568
3420467200 2829500416 2797926400
3430674432 2837610496 2806243328
3437862912 2844696576 2813305856
3420946432 2827812864 2796326912
3439964160 2849972224 2818117632
3428024320 2838417408 2806324224
3435577344 2842648576 2811140096
3435405312 2844954624 2813435904
3419893760 2827374592 2795432960
3445178368 2855006208 2823220224
3425935360 2833207296 2801341440
3436273664 2843320320 2811667456
3426848768 2834546688 2802493440
3431645184 2839261184 2807254016
3438333952 2845696000 2816260096
3426648064 2831220736 2801794048
3428159488 2835312640 2805562368
3456958464 2862661632 2832877568
3429257216 2834329600 2804535296
3436769280 2844684288 2814732288
3423166464 2828500992 2798468096
3432112128 2839605248 2809553920
