3352973312 2759725056 2730342400
3351732224 2756378624 2727070720
3355897856 2760736768 2731294720
3351982080 2756771840 2727165952
3351732224 2756472832 2727054336
3351982080 2756763648 2727197696
3352244224 2757140480 2727421952
3354222592 2759380992 2729570304
3355086848 2761613312 2730617856
3353030656 2759499776 2728419328
3352256512 2759208960 2727748608
3354120192 2760753152 2729529344
3354214400 2761019392 2729774080
3351719936 2758483968 2727109632
3352268800 2759516160 2727875584
3352506368 2760040448 2728153088
3353620480 2760429568 2729032704
3352248320 2759176192 2727767040
3351990272 2759323648 2727546880
3370442752 2780233728 2748613632
3352363008 2759507968 2727846912
3353821184 2760851456 2729373696
3352899584 2760056832 2728353792
3354050560 2761334784 2729612288
3353845760 2758348800 2729015296
3352735744 2757275648 2728039424
3352424448 2759278592 2729762816
3368783872 2773684224 2744094720
3353030656 2757931008 2728409088
3351982080 2757128192 2727370752
3352858624 2758000640 2728195072
3354550272 2759716864 2729925632
