1655410688 1081708544 1060526080
1656459264 1081618432 1060536320
1656451072 1081753600 1060545536
1656446976 1081749504 1060530176
1657503744 1081745408 1060531200
1657503744 1081856000 1060615168
1656438784 1081798656 1060549632
1656434688 1081860096 1060648960
1658302464 1081741312 1060481024
1658302464 1081724928 1060469760
1657495552 1081790464 1060533248
1657495552 1081753600 1060507648
1657491456 1081794560 1060536320
1657233408 1081716736 1060463616
1656426496 1081888768 1060630528
1656426496 1081806848 1060557824
1659359232 1081561088 1060457472
1659359232 1081749504 1060503552
1658290176 1081733120 1060478976
1658552320 1081765888 1060508672
1658552320 1081737216 1060508672
1658290176 1081720832 1060488192
1657483264 1081765888 1060515840
1657221120 1081733120 1060509696
1658552320 1081794560 1060561920
1658552320 1081741312 1060514816
1657221120 1081470976 1060465664
1657221120 1081692160 1060468736
1657483264 1081774080 1060532224
1657483264 1081794560 1060585472
1656152064 1081716736 1060517888
1655357440 1081499648 1060549632
