3347980288 2754347008 2725232640
3347013632 2751430656 2722350080
3349524480 2753888256 2724814848
3347001344 2751516672 2722202624
3347013632 2751291392 2722208768
3347001344 2751627264 2722381824
3347001344 2751549440 2722370560
3348287488 2752925696 2723660800
3348746240 2754768896 2724194304
3347828736 2753953792 2723237888
3347275776 2753867776 2722918400
3348344832 2754682880 2723905536
3348316160 2754625536 2723928064
3346739200 2753105920 2722308096
3347288064 2753601536 2722836480
3347525632 2754494464 2723205120
3347808256 2754011136 2723260416
3347267584 2753609728 2722770944
3347271680 2753650688 2722651136
3365302272 2774347776 2743477248
3347283968 2753724416 2722804736
3347779584 2754265088 2723419136
3347542016 2753794048 2722949120
3348197376 2754842624 2723801088
3348070400 2752016384 2723320832
3347718144 2751705088 2722856960
3347382272 2751598592 2722581504
3363803136 2768080896 2739066880
3347648512 2751823872 2722888704
3347001344 2751574016 2722358272
3347615744 2752036864 2722947072
3348987904 2753241088 2724122624
