3427004416 2833723392 2804289536
3423178752 2827616256 2798265344
3438714880 2843418624 2813864960
3422965760 2830635008 2800899072
3422711808 2827481088 2797920256
3421110272 2826219520 2796510208
3421229056 2826309632 2796396544
3445833728 2853642240 2823669760
3442302976 2848882688 2817820672
3427328000 2833911808 2802784256
3420467200 2829570048 2797991936
3431190528 2839707648 2808328192
3438190592 2845085696 2813693952
3420946432 2827870208 2796387328
3439964160 2850050048 2818194432
3431165952 2841620480 2809530368
3436142592 2843017216 2811516928
3435405312 2845028352 2813508608
3419893760 2827427840 2795490304
3445239808 2855129088 2823343104
3425947648 2833285120 2801419264
3436761088 2843869184 2812204032
3426955264 2834710528 2802657280
3432054784 2842398720 2810371072
3439042560 2846199808 2816775168
3426754560 2831396864 2801970176
3428483072 2835435520 2805689344
3457220608 2862723072 2832943104
3429388288 2834501632 2804707328
3436769280 2844749824 2814797824
3423166464 2828582912 2798542848
3432603648 2839908352 2809861120
