3351400448 2758017024 2728659968
3350421504 2754809856 2725526528
3354066944 2758615040 2729274368
3350147072 2755076096 2725515264
3350159360 2754818048 2725456896
3350409216 2755145728 2725654528
3350409216 2755375104 2725771264
3352453120 2757345280 2727633920
3353124864 2759462912 2728525824
3351371776 2757742592 2726705152
3350683648 2757558272 2726180864
3352387584 2758877184 2727720960
3352481792 2759004160 2727856128
3350147072 2756857856 2725565440
3350695936 2757791744 2726252544
3350933504 2758307840 2726534144
3351601152 2758414336 2727124992
3350675456 2757509120 2726167552
3350417408 2757550080 2725912576
3368796160 2778382336 2746880000
3350716416 2757681152 2726162432
3352068096 2758881280 2727530496
3350933504 2758062080 2726591488
3352236032 2759319552 2727741440
3351887872 2756395008 2727190528
3351138304 2755448832 2726298624
3350827008 2755428352 2726030336
3367211008 2772004864 2742504448
3351334912 2756075520 2726630400
3350409216 2755379200 2725709824
3351285760 2756190208 2726510592
3352821760 2757701632 2728036352
