3348779008 2755309568 2726146048
3347800064 2752278528 2723159040
3350532096 2754994176 2725883904
3347787776 2752434176 2723070976
3347800064 2752139264 2723022848
3347787776 2752544768 2723212288
3348049920 2752446464 2723202048
3349180416 2753896448 2724562944
3349753856 2755862528 2725237760
3348639744 2754834432 2724051968
3348062208 2754719744 2723707904
3349487616 2755735552 2724869120
3349508096 2755715072 2724939776
3347525632 2754039808 2723135488
3348074496 2754748416 2723697664
3348574208 2755399680 2724016128
3348676608 2755133440 2724269056
3348316160 2754609152 2723665920
3348058112 2754666496 2723528704
3366100992 2775343104 2744300544
3348070400 2754629632 2723614720
3348996096 2755342336 2724406272
3348365312 2754797568 2723846144
3349131264 2755907584 2724767744
3348987904 2753179648 2724356096
3348516864 2752667648 2723745792
3348205568 2752585728 2723495936
3364851712 2769035264 2739916800
3348508672 2752823296 2723780608
3348049920 2752528384 2723200000
3348664320 2753060864 2723863552
3349872640 2754310144 2725086208
