3335213056 2741161984 2712685568
3334942720 2738769920 2710234112
3335995392 2739920896 2711282688
3334942720 2738909184 2710279168
3334942720 2738774016 2710179840
3334942720 2739027968 2710406144
3334942720 2738794496 2710158336
3335467008 2739490816 2710846464
3335204864 2740494336 2710813696
3334942720 2739998720 2710308864
3335204864 2740453376 2710621184
3335479296 2740703232 2710890496
3335471104 2740883456 2710879232
3334680576 2740015104 2710100992
3335204864 2740715520 2710764544
3335467008 2740957184 2710992896
3335217152 2740322304 2710617088
3334946816 2740121600 2710458368
3334950912 2740330496 2710474752
3335475200 2740789248 2710845440
3334950912 2740391936 2710389760
3334692864 2740191232 2710178816
3335208960 2740674560 2710620160
3335213056 2740707328 2710705152
3335213056 2738417664 2710471680
3335213056 2738286592 2710287360
3334950912 2738372608 2710192128
3351482368 2754904064 2726722560
3334688768 2738180096 2709999616
3334942720 2738323456 2710102016
3335471104 2738753536 2710618112
3335737344 2739138560 2710880256
