3426820096 2833408000 2803979264
3422916608 2827472896 2798126080
3437629440 2842456064 2812902400
3422965760 2827849728 2798117888
3422449664 2827362304 2797801472
3421110272 2826067968 2796372992
3420966912 2826174464 2796275712
3445039104 2852913152 2822968320
3441209344 2847645696 2816584704
3427229696 2833682432 2802550784
3420467200 2829443072 2797869056
3430563840 2837430272 2806050816
3437740032 2844487680 2813100032
3420684288 2827735040 2796262400
3439964160 2849902592 2818065408
3428024320 2838351872 2806262784
3435433984 2842419200 2810923008
3435143168 2844893184 2813374464
3419893760 2827300864 2795359232
3444916224 2854928384 2823146496
3425673216 2833141760 2801275904
3435806720 2843049984 2811395072
3426537472 2834436096 2802386944
3431485440 2839031808 2807019520
3438149632 2845454336 2816021504
3426361344 2831130624 2801703936
3428122624 2835202048 2805451776
3456958464 2862600192 2832816128
3428933632 2834214912 2804420608
3436507136 2844622848 2814670848
3423166464 2828431360 2798398464
3432013824 2839429120 2809381888
