3408756736 2815381504 2786046976
3401797632 2806378496 2776978432
3406626816 2811514880 2781934592
3401273344 2806145024 2776516608
3436679168 2844020736 2814444544
3407364096 2812370944 2782632960
3403038720 2808291328 2778313728
3431399424 2836496384 2806612992
3404918784 2811596800 2780341248
3400646656 2809782272 2778403840
3400224768 2807508992 2775832576
3430076416 2837069824 2805582848
3404197888 2811232256 2779754496
3446173696 2855608320 2824249344
3420786688 2828382208 2796453888
3448610816 2858434560 2826664960
3422445568 2832105472 2800520192
3427254272 2837086208 2805538816
3422924800 2833006592 2801142784
3421323264 2828697600 2796852224
3418865664 2830872576 2799107072
3422441472 2829844480 2797968384
3433189376 2840723456 2808757248
3429769216 2837684224 2805513216
3397607424 2802577408 2772875264
3425259520 2830102528 2800654336
3420561408 2825621504 2795707392
3431301120 2836344832 2806617088
3431817216 2839502848 2809718784
3421614080 2826706944 2796951552
3419570176 2825138176 2794999808
3429367808 2838851584 2808849408
