3430682624 2837274624 2807940096
3424804864 2829307904 2799907840
3428081664 2832928768 2803348480
3422367744 2827350016 2797721600
3459485696 2867048448 2837455872
3430367232 2835345408 2805607424
3423387648 2828578816 2798601216
3449217024 2852233216 2822349824
3427164160 2833793024 2802537472
3421995008 2831134720 2799739904
3421536256 2828742656 2797049856
3430944768 2837868544 2806375424
3425538048 2832523264 2801045504
3447562240 2856943616 2825584640
3421048832 2828582912 2796654592
3450023936 2859814912 2828045312
3444043776 2853720064 2822114304
3448938496 2858770432 2827208704
3444166656 2854232064 2822353920
3421585408 2828906496 2797058048
3440349184 2852302848 2820537344
3422703616 2830090240 2798214144
3451314176 2856747008 2824780800
3430494208 2840969216 2808794112
3418873856 2823770112 2794064896
3425595392 2830229504 2800781312
3420561408 2825818112 2795904000
3431841792 2839498752 2809758720
3432079360 2839703552 2809919488
3421876224 2826936320 2797176832
3419832320 2825347072 2795208704
3430260736 2839724032 2809721856
