3333115904 2736533504 2708525056
3333107712 2736472064 2708304896
3333636096 2737401856 2709029888
3333369856 2737299456 2708787200
3333636096 2737561600 2709013504
3333632000 2737471488 2708952064
3333373952 2737176576 2708715520
3333373952 2737004544 2708775936
3333107712 2738012160 2708700160
3333894144 2740752384 2711333888
3333898240 2738794496 2709217280
3333369856 2738434048 2708750336
3333369856 2738663424 2708855808
3333632000 2738987008 2709223424
3333632000 2738651136 2709055488
3333111808 2738024448 2708554752
3333111808 2737991680 2708673536
3333373952 2738343936 2708869120
3333640192 2738810880 2709084160
3333373952 2738761728 2708851712
3333382144 2740899840 2711130112
3333115904 2738515968 2708616192
3333373952 2738515968 2708832256
3333640192 2738692096 2709145600
3333115904 2736193536 2708359168
3333107712 2736402432 2708414464
3333378048 2736730112 2708616192
3333378048 2736750592 2708647936
3333378048 2736668672 2708623360
3333640192 2736857088 2708763648
3333378048 2736783360 2708692992
3333373952 2740420608 2712506368
