3408297984 2814869504 2785534976
3395825664 2800340992 2770940928
3406446592 2811289600 2781709312
3397619712 2802569216 2772940800
3419402240 2826960896 2797368320
3402051584 2807005184 2777267200
3403038720 2808217600 2778240000
3409739776 2815037440 2785166336
3404800000 2811432960 2780177408
3396182016 2805243904 2773853184
3395829760 2803027968 2771339264
3408678912 2815627264 2784140288
3404087296 2811068416 2779593728
3424509952 2833899520 2802540544
3395805184 2803335168 2771406848
3421331456 2831351808 2799598592
3421954048 2831843328 2800237568
3424305152 2834202624 2802651136
3409448960 2819452928 2787585024
3396976640 2804297728 2772456448
3416076288 2828005376 2796243968
3396300800 2803642368 2771770368
3411599360 2819063808 2787097600
3408543744 2816421888 2784246784
3397607424 2802470912 2772772864
3404242944 2808889344 2779441152
3395338240 2800611328 2770697216
3410124800 2815123456 2785387520
3410825216 2818469888 2788685824
3396104192 2801258496 2771503104
3394277376 2799841280 2769707008
3408023552 2817454080 2787451904
