3341529088 2745384960 2716713984
3341246464 2745323520 2716493824
3342098432 2746232832 2717424640
3341770752 2745839616 2716959744
3352055808 2756104192 2727267328
3342020608 2746183680 2717267968
3341762560 2745913344 2716968960
3341774848 2746191872 2717185024
3341508608 2747203584 2717071360
3342282752 2750132224 2719742976
3342024704 2748035072 2717593600
3341783040 2747568128 2717166592
3341758464 2747453440 2717185024
3342594048 2748313600 2717998080
3342020608 2748002304 2717548544
3341512704 2747379712 2716935168
3341762560 2747318272 2717140992
3341762560 2747686912 2717364224
3342028800 2748026880 2717644800
3341774848 2747584512 2717230080
3341770752 2749640704 2719357952
3341504512 2747383808 2717054976
3341549568 2747527168 2717194240
3342041088 2748047360 2717600768
3341242368 2744852480 2716414976
3341496320 2745217024 2716790784
3341504512 2745167872 2716689408
3342041088 2745753600 2717230080
3342028800 2745634816 2717168640
3342028800 2745798656 2717316096
3341504512 2745274368 2716709888
3341549568 2749358080 2720809984
