3388403712 2794938368 2765603840
3378524160 2782994432 2753595392
3387285504 2792013824 2762433536
3380371456 2785263616 2755635200
3397619712 2805133312 2775541760
3379290112 2784411648 2754677760
3380215808 2785615872 2755641344
3387981824 2793197568 2763314176
3384446976 2791014400 2759761920
3379445760 2788352000 2756968448
3384188928 2791444480 2759762944
3388522496 2795638784 2764151808
3383984128 2790850560 2759380992
3393159168 2799984640 2768626688
3378749440 2786234368 2754311168
3390910464 2798178304 2766408704
3400433664 2810146816 2778550272
3387928576 2794950656 2763404288
3379888128 2787168256 2755300352
3392122880 2799398912 2767557632
3386810368 2796294144 2764535808
3378991104 2786516992 2754643968
3390533632 2798145536 2766183424
3387580416 2795364352 2763194368
3379208192 2784292864 2754610176
3394539520 2799206400 2769758208
3378266112 2783514624 2753600512
3387727872 2792570880 2762842112
3382693888 2787782656 2758028288
3387158528 2792120320 2762360832
3377913856 2783395840 2753260544
3388252160 2797555712 2767557632
