3337572352 2741547008 2712983552
3337564160 2741481472 2712798208
3338354688 2742308864 2713602048
3338088448 2742067200 2713294848
3338354688 2742493184 2713720832
3338088448 2742337536 2713549824
3338092544 2742112256 2713311232
3338092544 2742259712 2713387008
3337826304 2743156736 2713236480
3338350592 2746060800 2716012544
3338354688 2743980032 2713892864
3337826304 2743476224 2713332736
3338088448 2743640064 2713493504
3338612736 2744295424 2714139648
3338350592 2743963648 2713776128
3337568256 2743390208 2713135104
3337830400 2743480320 2713433088
3338092544 2743697408 2713618432
3338358784 2743947264 2713804800
3337830400 2743648256 2713442304
3338100736 2745950208 2715779072
3337834496 2743394304 2713231360
3337830400 2743586816 2713420800
3338358784 2744115200 2713882624
3337572352 2740977664 2712767488
3337826304 2741317632 2713035776
3337834496 2741407744 2713055232
3338096640 2741673984 2713314304
3338096640 2741600256 2713298944
3338358784 2741809152 2713466880
3338096640 2741522432 2713191424
3337830400 2745487360 2717073408
