3344236544 2748239872 2719429632
3343880192 2748014592 2719099904
3344916480 2749083648 2720204800
3344453632 2748592128 2719627264
3354968064 2759192576 2730260480
3344642048 2748952576 2719909888
3344384000 2748698624 2719593472
3344482304 2748985344 2719898624
3344441344 2750173184 2719838208
3344642048 2752962560 2722341888
3344646144 2750791680 2720098304
3344490496 2750554112 2719941632
3344392192 2750275584 2719809536
3345436672 2751348736 2720884736
3344642048 2750820352 2720096256
3344244736 2750447616 2719736832
3344384000 2750287872 2719841280
3344646144 2750570496 2720028672
3344662528 2750898176 2720288768
3344134144 2750357504 2719766528
3344166912 2752430080 2721944576
3344125952 2750320640 2719712256
3344343040 2750459904 2719930368
3344461824 2750763008 2720080896
3343863808 2747768832 2719043584
3344191488 2748096512 2719505408
3344125952 2747957248 2719272960
3344736256 2748682240 2719948800
3344650240 2748469248 2719792128
3344650240 2748653568 2719933440
3344125952 2748026880 2719252480
3344306176 2752368640 2723559424
