3366563840 2771038208 2741705728
3363803136 2768506880 2739109888
3366301696 2771046400 2741468160
3364974592 2769776640 2740158464
3381612544 2788544512 2758959104
3364827136 2769854464 2740133888
3364306944 2769457152 2739503104
3367387136 2772652032 2742781952
3365027840 2771701760 2740452352
3365089280 2773925888 2742546432
3364831232 2771984384 2740303872
3366854656 2773803008 2742326272
3364855808 2771755008 2740296704
3370196992 2776985600 2745629696
3364564992 2772041728 2740120576
3368275968 2775490560 2743734272
3365969920 2772992000 2741400576
3366563840 2773635072 2742100992
3365122048 2772480000 2740622336
3364319232 2771722240 2739894272
3366023168 2775367680 2743610368
3364573184 2771976192 2740117504
3367858176 2775515136 2743557120
3366346752 2774085632 2741923840
3363262464 2768306176 2738629632
3365265408 2769874944 2740435968
3364048896 2769252352 2739372032
3366572032 2771464192 2741740544
3364921344 2769924096 2740216832
3364835328 2769903616 2740147200
3363786752 2769223680 2739108864
3366629376 2776039424 2746053632
