3342602240 2746630144 2717902848
3342307328 2746552320 2717685760
3343470592 2747539456 2718699520
3342831616 2747072512 2718163968
3353190400 2757414912 2728563712
3343069184 2747412480 2718458880
3342811136 2747150336 2718155776
3343122432 2747453440 2718423040
3342843904 2748469248 2718278656
3343331328 2751414272 2720911360
3343335424 2749325312 2718769152
3342880768 2748936192 2718440448
3342807040 2748645376 2718324736
3343716352 2749648896 2719281152
3343331328 2749300736 2718751744
3342598144 2748772352 2718226432
3342811136 2748604416 2718329856
3343073280 2748973056 2718551040
3343339520 2749333504 2718866432
3342823424 2748817408 2718369792
3342831616 2750889984 2720541696
3342815232 2748637184 2718206976
3342921728 2748817408 2718429184
3343114240 2749304832 2718782464
3342290944 2746142720 2717579264
3342831616 2746486784 2718009344
3342553088 2746376192 2717817856
3343376384 2747068416 2718471168
3343077376 2746875904 2718341120
3343339520 2747121664 2718565376
3342553088 2746474496 2717847552
3342659584 2750713856 2722059264
