3472478208 2881818624 2852484096
3446824960 2851381248 2821981184
3463839744 2868772864 2839192576
3447341056 2852184064 2822555648
3496603648 2904141824 2874549248
3452387328 2857508864 2827770880
3445407744 2850648064 2820670464
3480436736 2883571712 2853681152
3464658944 2874048512 2842778624
3446906880 2855727104 2824317952
3446124544 2853195776 2821488640
3461685248 2868756480 2837255168
3455356928 2862235648 2830757888
3488735232 2898243584 2866881536
3459334144 2869370880 2837431296
3494031360 2903961600 2872177664
3470004224 2879750144 2848137216
3479748608 2889506816 2857940992
3469291520 2879205376 2847315968
3445813248 2853163008 2821303296
3463131136 2875203584 2843438080
3446767616 2854223872 2822343680
3485073408 2890665984 2858675200
3472003072 2882379776 2850190336
3441750016 2846679040 2816959488
3454730240 2859474944 2830005248
3444326400 2849624064 2819702784
3472400384 2880176128 2850418688
3456819200 2864541696 2834757632
3446579200 2851749888 2821990400
3443347456 2848923648 2818766848
3462762496 2872078336 2842068992
