3353735168 2758205440 2728895488
3352268800 2756935680 2727584768
3353964544 2758737920 2729314304
3352915968 2757738496 2728252416
3366432768 2771263488 2741790720
3353030656 2757951488 2728392704
3352772608 2757844992 2728036352
3354451968 2759557120 2729772032
3353214976 2759827456 2728621056
3353292800 2762240000 2730900480
3353034752 2760118272 2728555520
3354062848 2760839168 2729468928
3352891392 2759749632 2728404992
3356180480 2762862592 2731597824
3353030656 2760400896 2728631296
3354927104 2762014720 2730441728
3353759744 2760691712 2729199616
3354148864 2761211904 2729777152
3353325568 2760646656 2728926208
3352784896 2759958528 2728283136
3353567232 2762833920 2731270144
3352776704 2760032256 2728290304
3354615808 2761924608 2730167296
3353919488 2761338880 2729424896
3351990272 2756931584 2727340032
3353276416 2757787648 2728444928
3352514560 2757550080 2727805952
3354017792 2758971392 2729388032
3353124864 2757988352 2728432640
3353038848 2757971968 2728339456
3352514560 2757709824 2727785472
3353767936 2763083776 2733297664
