3388067840 2794729472 2765394944
3377557504 2782134272 2752735232
3386998784 2791862272 2762281984
3378925568 2783686656 2754058240
3397152768 2804793344 2775201792
3378585600 2783543296 2753809408
3378442240 2783703040 2753728512
3387895808 2792976384 2763092992
3384172544 2790871040 2759618560
3378667520 2787700736 2756317184
3384188928 2791305216 2759623680
3388461056 2795429888 2763942912
3383709696 2790703104 2759233536
3392765952 2799689728 2768331776
3378262016 2785603584 2753680384
3390537728 2797928448 2766158848
3400146944 2809978880 2778382336
3387617280 2794770432 2763224064
3379085312 2786484224 2754616320
3390091264 2797486080 2765644800
3386773504 2796101632 2764343296
3378434048 2785820672 2753947648
3390398464 2797854720 2765892608
3387269120 2795175936 2763005952
3377438720 2782380032 2752697344
3394256896 2799038464 2769590272
3377725440 2782826496 2752919552
3387428864 2792398848 2762674176
3380924416 2785861632 2756110336
3386896384 2791989248 2762229760
3377147904 2782740480 2752605184
3387916288 2797322240 2767324160
