3341529088 2745380864 2716713984
3341246464 2745319424 2716493824
3342098432 2746228736 2717424640
3341770752 2745835520 2716959744
3352055808 2756100096 2727267328
3342020608 2746179584 2717267968
3341762560 2745909248 2716968960
3341774848 2746187776 2717185024
3341508608 2747199488 2717071360
3342282752 2750128128 2719742976
3342024704 2748026880 2717593600
3341520896 2747559936 2717166592
3341758464 2747449344 2717185024
3342594048 2748309504 2717998080
3342020608 2747994112 2717548544
3341512704 2747375616 2716935168
3341762560 2747314176 2717140992
3341762560 2747682816 2717364224
3342028800 2748022784 2717644800
3341774848 2747580416 2717230080
3341770752 2749636608 2719357952
3341504512 2747379712 2717054976
3341549568 2747523072 2717194240
3342041088 2748043264 2717600768
3341242368 2744852480 2716414976
3341496320 2745217024 2716790784
3341504512 2745163776 2716689408
3342041088 2745749504 2717230080
3342028800 2745630720 2717168640
3342028800 2745794560 2717316096
3341504512 2745270272 2716709888
3341549568 2749353984 2720809984
