3393007616 2797690880 2768261120
3413745664 2820890624 2791640064
3392409600 2797297664 2767650816
3396055040 2800877568 2771306496
3409588224 2814345216 2784761856
3395387392 2802237440 2772597760
3394297856 2799607808 2769639424
3397836800 2803294208 2773337088
3392991232 2799628288 2768521216
3393650688 2800508928 2769245184
3394957312 2801856512 2770372608
3397554176 2804432896 2773039104
3407503360 2817298432 2785724416
3398881280 2805784576 2774396928
3419385856 2829197312 2797522944
3392565248 2799894528 2768002048
3398729728 2805620736 2774268928
3399077888 2806214656 2774687744
3394338816 2801864704 2769936384
3391070208 2798419968 2766651392
3391303680 2798583808 2766845952
3397767168 2805096448 2773296128
3403091968 2812743680 2780656640
3401277440 2809004032 2776779776
3405287424 2809724928 2780411904
3408437248 2815885312 2786361344
3398684672 2803662848 2773885952
3400048640 2804830208 2775175168
3400245248 2805379072 2775533568
3395026944 2800123904 2770197504
3400617984 2805772288 2775839744
3396599808 2801893376 2771916800
