3423895552 2828644352 2799214592
3441106944 2848321536 2819087360
3434328064 2841960448 2812313600
3423485952 2828488704 2798921728
3452825600 2860310528 2830727168
3432153088 2839764992 2810125312
3422347264 2827726848 2797758464
3423019008 2828288000 2798330880
3423211520 2829639680 2798531584
3420475392 2827149312 2795884544
3427500032 2834530304 2803046400
3430805504 2837741568 2806347776
3439706112 2849402880 2817823744
3433033728 2839748608 2808359936
3453235200 2863124480 2831449088
3422310400 2829733888 2797840384
3432464384 2839351296 2807998464
3433324544 2840240128 2808712192
3426459648 2833813504 2801885184
3420971008 2828136448 2796367872
3420880896 2828218368 2796475392
3421638656 2829053952 2797252608
3435614208 2845356032 2813268992
3423399936 2831212544 2798987264
3439439872 2843971584 2814661632
3438321664 2845601792 2816076800
3433025536 2838110208 2808333312
3441217536 2848722944 2819067904
3434520576 2839744512 2809897984
3420446720 2825637888 2795708416
3434676224 2839969792 2810036224
3422392320 2827759616 2797782016
