3460153344 2867384320 2837940224
3485667328 2892804096 2863539200
3457134592 2864734208 2835080192
3447685120 2852790272 2823185408
3505397760 2913005568 2883392512
3474038784 2881613824 2851916800
3465519104 2870829056 2840842240
3463761920 2871812096 2841840640
3462098944 2871410688 2840269824
3443781632 2850639872 2819353600
3467464704 2874494976 2842982400
3476193280 2885808128 2854384640
3465150464 2874974208 2843356160
3463434240 2873016320 2841597952
3494690816 2904637440 2872940544
3464593408 2872029184 2840128512
3465691136 2872459264 2841096192
3472494592 2882072576 2850520064
3449004032 2856484864 2824530944
3445575680 2855550976 2823727104
3445600256 2852827136 2821055488
3446288384 2856284160 2824442880
3469852672 2879598592 2847501312
3446513664 2854309888 2822062080
3477192704 2884435968 2855110656
3480625152 2889023488 2859490304
3472232448 2877190144 2847378432
3476058112 2883624960 2853952512
3466272768 2871500800 2841636864
3443515392 2848845824 2818912256
3465564160 2870886400 2840945664
3447267328 2852659200 2822674432
