3387314176 2792009728 2762579968
3402403840 2809552896 2780302336
3388477440 2793340928 2763694080
3388379136 2793439232 2763868160
3408125952 2812833792 2783254528
3389521920 2796363776 2766724096
3388588032 2793869312 2763900928
3390488576 2795929600 2765972480
3388989440 2795606016 2764498944
3392499712 2799321088 2768057344
3390754816 2797645824 2766161920
3393118208 2799992832 2768599040
3396620288 2803838976 2772264960
3391426560 2798325760 2766938112
3418054656 2827804672 2796130304
3388203008 2795864064 2763975680
3394179072 2801057792 2769705984
3394527232 2801618944 2770092032
3386957824 2794479616 2762551296
3387187200 2794520576 2762752000
3388297216 2795585536 2763850752
3397505024 2804846592 2773046272
3396616192 2806255616 2774168576
3393933312 2801647616 2769423360
3404210176 2808614912 2779301888
3405012992 2812461056 2782937088
3393413120 2798346240 2768569344
3399335936 2804117504 2774462464
3392679936 2797809664 2767964160
3394502656 2799837184 2769914880
3393069056 2798182400 2768249856
3393679360 2798944256 2768967680
