3424419840 2829139968 2799710208
3452358656 2859593728 2830343168
3434852352 2842509312 2812862464
3424010240 2828988416 2799403008
3467194368 2874740736 2845143040
3433197568 2840829952 2811161600
3427299328 2832715776 2802733056
3430637568 2835931136 2805959680
3426390016 2835554304 2804446208
3420999680 2827689984 2796425216
3428372480 2835435520 2803951616
3442360320 2851975168 2820567040
3439968256 2849894400 2818300928
3440709632 2850344960 2818934784
3460259840 2869993472 2838296576
3428147200 2835570688 2803670016
3441471488 2848231424 2816878592
3442524160 2852163584 2820632576
3426983936 2834341888 2802409472
3421495296 2828668928 2796882944
3422289920 2829623296 2797869056
3422162944 2829598720 2797768704
3445104640 2854895616 2822801408
3423924224 2831765504 2799521792
3442294784 2846883840 2817569792
3443273728 2850578432 2821053440
3434409984 2839535616 2809758720
3446042624 2853650432 2823991296
3435831296 2841059328 2811205632
3421855744 2827022336 2797092864
3435610112 2840924160 2810983424
3424067584 2829230080 2799252480
