3366932480 2771701760 2742278144
3370393600 2774749184 2745506816
3368062976 2772873216 2743235584
3368599552 2773635072 2744069120
3377709056 2782453760 2752878592
3368869888 2775715840 2746093568
3368857600 2774110208 2744146944
3369676800 2775072768 2745124864
3369119744 2775519232 2744428544
3366400000 2773233664 2741975040
3369881600 2776924160 2745443328
3371339776 2778263552 2746873856
3368075264 2775109632 2743550976
3369168896 2776121344 2744743936
3377250304 2784432128 2752783360
3368861696 2776170496 2744284160
3372167168 2778992640 2747650048
3372236800 2779258880 2747751424
3366924288 2774425600 2742517760
3368697856 2775846912 2744087552
3367817216 2775162880 2743429120
3367821312 2775154688 2743366656
3373350912 2783137792 2751054848
3367194624 2775113728 2742897664
3378130944 2782691328 2753379328
3401609216 2809004032 2779514880
3371782144 2776834048 2747074560
3373244416 2778226688 2748579840
3370291200 2775261184 2745453568
3366670336 2771800064 2741899264
3371077632 2776256512 2746330112
3368865792 2774188032 2744215552
