3351990272 2756620288 2727234560
3353120768 2757554176 2728351744
3352858624 2757632000 2728124416
3352510464 2757267456 2727811072
3356217344 2760974336 2731536384
3352227840 2759131136 2729608192
3352768512 2757857280 2728013824
3352702976 2757918720 2728101888
3353030656 2759487488 2728435712
3351719936 2758422528 2727215104
3353186304 2760011776 2728675328
3353804800 2760425472 2729149440
3352248320 2759249920 2727809024
3352834048 2759561216 2728279040
3356311552 2763386880 2731905024
3352772608 2759950336 2728243200
3354525696 2761129984 2729965568
3354288128 2761027584 2729677824
3351982080 2759364608 2727634944
3351986176 2759114752 2727497728
3352252416 2759237632 2727704576
3351994368 2759286784 2727633920
3354873856 2762383360 2730506240
3352252416 2759892992 2727903232
3355693056 2760130560 2730947584
3386929152 2794102784 2764727296
3354210304 2759114752 2729552896
3354271744 2758967296 2729496576
3353530368 2758328320 2728685568
3351990272 2756956160 2727216128
3353694208 2758758400 2729033728
3352776704 2757939200 2728164352
