3357495296 2762186752 2732768256
3359023104 2763567104 2734329856
3358363648 2763145216 2733548544
3358015488 2762932224 2733387776
3363414016 2768203776 2738665472
3357962240 2764840960 2735258624
3358011392 2763386880 2733452288
3358470144 2763718656 2733797376
3358535680 2765004800 2733919232
3356962816 2763800576 2732552192
3358920704 2765897728 2734450688
3359793152 2766647296 2735282176
3357753344 2764746752 2733212672
3358556160 2765307904 2733961216
3363180544 2770423808 2738837504
3358277632 2765606912 2733764608
3360415744 2767192064 2735875072
3360067584 2767130624 2735690752
3357749248 2765017088 2733145088
3357491200 2764627968 2732904448
3357757440 2764824576 2733144064
3357499392 2764763136 2733015040
3361021952 2770677760 2738628608
3357757440 2765582336 2733420544
3362643968 2767065088 2737772544
3392434176 2799652864 2770164736
3360378880 2765352960 2735656960
3360403456 2765369344 2735776768
3359158272 2764042240 2734309376
3357233152 2762358784 2732514304
3359682560 2764816384 2734960640
3358281728 2763575296 2733655040
