3360116736 2764894208 2735474688
3362066432 2766417920 2737179648
3360985088 2765918208 2736308224
3360899072 2765647872 2736091136
3366989824 2771734528 2742180864
3360657408 2767699968 2738101248
3360894976 2766168064 2736211968
3361091584 2766446592 2736522240
3361157120 2767765504 2736677888
3359846400 2766462976 2735212544
3361890304 2768818176 2737348608
3362873344 2769731584 2738354176
3360374784 2767474688 2735925248
3361239040 2768117760 2736756736
3366707200 2773897216 2742291456
3360899072 2768347136 2736482304
3363483648 2770202624 2738870272
3363229696 2770268160 2738793472
3360370688 2767699968 2735810560
3360112640 2767314944 2735575040
3360378880 2767507456 2735804416
3360120832 2767425536 2735669248
3364007936 2773860352 2741796864
3360378880 2768273408 2736081920
3365711872 2770350080 2741042176
3395055616 2802294784 2772797440
3363446784 2768318464 2738598912
3363569664 2768490496 2738877440
3361861632 2766901248 2737148928
3359854592 2765058048 2735179776
3362672640 2767810560 2737921024
3361165312 2766422016 2736467968
