3337048064 2740748288 2712243200
3336777728 2740686848 2712143872
3337306112 2741448704 2712733696
3337306112 2741420032 2712683520
3337043968 2741125120 2712395776
3337039872 2743091200 2714356736
3337302016 2741383168 2712608768
3337302016 2741526528 2712742912
3337826304 2743148544 2713268224
3336777728 2742288384 2712323072
3337306112 2742853632 2712834048
3337306112 2742927360 2712864768
3337306112 2742902784 2712809472
3336781824 2742276096 2712279040
3337306112 2743132160 2712987648
3337306112 2743033856 2712854528
3337572352 2742968320 2712946688
3337306112 2742947840 2712911872
3337039872 2742579200 2712481792
3336781824 2742439936 2712310784
3336785920 2742468608 2712338432
3337314304 2742898688 2712731648
3337314304 2742927360 2712729600
3337048064 2742804480 2712654848
3337306112 2740711424 2712562688
3353841664 2757451776 2729200640
3337572352 2741067776 2712835072
3337310208 2740748288 2712443904
3337048064 2740498432 2712293376
3336785920 2740338688 2712030208
3337572352 2741174272 2712871936
3337310208 2740875264 2712526848
