3459891200 2867113984 2837669888
3485257728 2892345344 2863080448
3456872448 2864431104 2834777088
3447422976 2852462592 2822868992
3504283648 2911789056 2882190336
3473629184 2881155072 2851472384
3465256960 2870525952 2840539136
3463438336 2871468032 2841496576
3461836800 2871115776 2839993344
3443519488 2850332672 2819060736
3467055104 2874032128 2842533888
3475689472 2885230592 2853821440
3464888320 2874654720 2843051008
3463135232 2872659968 2841248768
3493785600 2903699456 2872002560
3464331264 2871721984 2839821312
3464851456 2871799808 2840446976
3471654912 2881441792 2849903616
3448741888 2856206336 2824260608
3445313536 2852589568 2820783104
3445338112 2852548608 2820776960
3446026240 2853322752 2821492736
3469201408 2878910464 2846813184
3446251520 2853990400 2821746688
3476471808 2880995328 2851681280
3480100864 2888699904 2859174912
3471527936 2876649472 2846852096
3475517440 2883035136 2853362688
3465863168 2871046144 2841186304
3443253248 2848555008 2818621440
3465244672 2870509568 2840568832
3447005184 2852335616 2822353920
