3427336192 2834628608 2805185536
3452923904 2860044288 2830780416
3435114496 2842689536 2813035520
3424899072 2829955072 2800366592
3468972032 2876436480 2846838784
3433644032 2841194496 2811526144
3434647552 2839957504 2809974784
3430711296 2836164608 2806193152
3434586112 2843873280 2812751872
3420999680 2827870208 2796598272
3428831232 2835800064 2804302848
3445723136 2855260160 2823852032
3440230400 2850070528 2818473984
3441127424 2850664448 2819254272
3461632000 2871582720 2839885824
3435491328 2842849280 2810948608
3441954816 2848874496 2817521664
3445817344 2855624704 2824090624
3426983936 2834501632 2802569216
3421495296 2828824576 2797034496
3422552064 2829774848 2798020608
3423309824 2830643200 2798813184
3445948416 2855641088 2823543808
3424186368 2831933440 2799689728
3443404800 2847907840 2818593792
3458318336 2865795072 2836270080
3434962944 2839973888 2810196992
3446910976 2854440960 2824781824
3436359680 2841501696 2811648000
3421855744 2827153408 2797223936
3436019712 2841251840 2811311104
3424067584 2829389824 2799412224
