3424419840 2828972032 2799542272
3445075968 2852126720 2822900736
3434852352 2842316800 2812669952
3423748096 2828836864 2799251456
3456430080 2863788032 2834190336
3432828928 2840555520 2810891264
3422871552 2828091392 2798134272
3423281152 2828640256 2798692352
3426127872 2835390464 2804282368
3420737536 2827501568 2796236800
3428302848 2835136512 2803677184
3432333312 2841780224 2810376192
3439968256 2849726464 2818141184
3433562112 2843029504 2811620352
3459354624 2869141504 2837445632
3422572544 2830065664 2798169088
3433816064 2840801280 2809448448
3441995776 2851680256 2820149248
3426721792 2834169856 2802237440
3421233152 2828505088 2796719104
3421405184 2828558336 2796808192
3422162944 2829434880 2797608960
3437371392 2847182848 2815132672
3423662080 2831581184 2799355904
3441905664 2846306304 2816992256
3438583808 2845958144 2816437248
3434250240 2839175168 2809398272
3445514240 2853203968 2823557120
3435708416 2840752128 2810898432
3420708864 2826022912 2796093440
3435515904 2840629248 2810695680
3423805440 2829041664 2799064064
