3371343872 2775875584 2746492928
3378806784 2783387648 2754145280
3372679168 2777628672 2747999232
3376226304 2781085696 2751535104
3387449344 2792136704 2762572800
3377119232 2784055296 2754434048
3372195840 2777563136 2747599872
3372756992 2777997312 2748073984
3372494848 2778984448 2747956224
3374600192 2781274112 2750019584
3378323456 2785177600 2753790976
3380068352 2786799616 2755441664
3371376640 2778456064 2746942464
3377606656 2784370688 2753033216
3387019264 2794045440 2762523648
3372220416 2779525120 2747749376
3381014528 2787688448 2756374528
3381100544 2788044800 2756567040
3371200512 2778578944 2746703872
3372400640 2779643904 2747925504
3371433984 2778624000 2746968064
3371196416 2778570752 2746852352
3382415360 2792124416 2760078336
3371585536 2779348992 2747191296
3382771712 2787168256 2757925888
3402915840 2810150912 2780686336
3380432896 2785357824 2755628032
3376738304 2781585408 2751988736
3378499584 2783645696 2753864704
3375579136 2780790784 2750918656
3379310592 2784636928 2754763776
3372294144 2777673728 2747747328
