3395928064 2800545792 2771116032
3414192128 2821300224 2792053760
3396571136 2801512448 2771869696
3401367552 2806398976 2776827904
3421802496 2826518528 2796935168
3408175104 2814980096 2785340416
3399876608 2805121024 2775152640
3398098944 2803499008 2773541888
3397337088 2803904512 2772800512
3394183168 2801000448 2769743872
3406307328 2813181952 2781698048
3409117184 2815922176 2784536576
3418447872 2828296192 2796717056
3411652608 2818494464 2787105792
3430322176 2840080384 2808417280
3396616192 2804195328 2772305920
3410407424 2817355776 2786035712
3411243008 2818297856 2786782208
3399913472 2807373824 2775445504
3395186688 2802589696 2770829312
3395391488 2802728960 2770998272
3398029312 2805297152 2773495808
3413590016 2823200768 2791126016
3403051008 2810982400 2778757120
3417088000 2821476352 2792174592
3412574208 2820096000 2790587392
3411578880 2816520192 2786755584
3419054080 2826698752 2797043712
3413086208 2818174976 2788340736
3395026944 2800304128 2770374656
3413426176 2818555904 2788622336
3396997120 2802307072 2772349952
