3369025536 2773737472 2744313856
3377815552 2782150656 2752908288
3370119168 2774900736 2745263104
3369865216 2774876160 2745309184
3385626624 2790342656 2760766464
3376246784 2783055872 2753430528
3370123264 2775343104 2745379840
3371708416 2777059328 2747111424
3370168320 2776801280 2745707520
3369123840 2775928832 2744670208
3377164288 2784165888 2752685056
3378835456 2785726464 2754335744
3369046016 2776285184 2744726528
3376472064 2783379456 2752001024
3385278464 2792423424 2760770560
3370786816 2778308608 2746422272
3379675136 2786488320 2755145728
3379761152 2786791424 2755280896
3369766912 2777255936 2745348096
3371352064 2778734592 2746975232
3369111552 2776453120 2744719360
3370012672 2777296896 2745508864
3380989952 2790752256 2758669312
3369267200 2777157632 2744938496
3381202944 2785751040 2756439040
3401867264 2809266176 2779755520
3379236864 2784256000 2754496512
3375362048 2780319744 2750672896
3377606656 2782568448 2752750592
3369480192 2774560768 2744659968
3378405376 2783539200 2753612800
3371102208 2776387584 2746415104
