3459629056 2866843648 2837399552
3484790784 2891857920 2862593024
3456610304 2864136192 2834482176
3447160832 2852188160 2822594560
3502616576 2910064640 2880465920
3473186816 2880708608 2851025920
3464994816 2870267904 2840281088
3463008256 2871021568 2841050112
3461574656 2870812672 2839690240
3443257344 2850074624 2818802688
3466588160 2873536512 2842038272
3474989056 2884476928 2853067776
3464626176 2874384384 2842780672
3462774784 2872262656 2840851456
3492335616 2902188032 2870491136
3464069120 2871398400 2839497728
3464093696 2870992896 2839640064
3470823424 2880598016 2849059840
3448479744 2855948288 2824002560
3445051392 2852302848 2820496384
3445075968 2852265984 2820494336
3445764096 2853064704 2821234688
3468296192 2877968384 2845871104
3445989376 2853699584 2821455872
3475406848 2879897600 2850583552
3479838720 2888413184 2858888192
3471011840 2876043264 2846245888
3474698240 2882154496 2852482048
3465334784 2870476800 2840616960
3442991104 2848256000 2818322432
3464884224 2870116352 2840175616
3446743040 2852048896 2822071296
