3375656960 2780323840 2750900224
3387170816 2791755776 2762513408
3376517120 2781454336 2751931392
3386126336 2791006208 2761443328
3396669440 2801373184 2771842048
3385401344 2792288256 2762683392
3376541696 2781814784 2752044032
3376803840 2782298112 2752358400
3376852992 2783526912 2752441344
3375648768 2782306304 2751055872
3386597376 2793492480 2762023936
3388514304 2795266048 2763875328
3375702016 2782851072 2751296512
3385868288 2792595456 2761221120
3396128768 2803220480 2771585024
3376586752 2784014336 2752140288
3389571072 2796220416 2764894208
3389407232 2796527616 2765017088
3375493120 2782769152 2750972928
3375521792 2782834688 2751083520
3375767552 2782879744 2751264768
3379630080 2786820096 2755032064
3391131648 2800836608 2768757760
3375919104 2783748096 2751528960
3392565248 2796990464 2767682560
3403964416 2811215872 2781699072
3388809216 2793754624 2763992064
3388579840 2793459712 2763813888
3386810368 2791981056 2762159104
3385483264 2790641664 2760744960
3387854848 2792955904 2763054080
3376656384 2782011392 2752171008
