3335475200 2739273728 2710836224
3335467008 2739163136 2710679552
3335995392 2739965952 2711303168
3335733248 2739859456 2711204864
3335471104 2739593216 2710930432
3335467008 2741559296 2712880128
3335729152 2739847168 2711137280
3335729152 2739978240 2711271424
3336253440 2741506048 2711731200
3335467008 2740670464 2710902784
3335733248 2741121024 2711299072
3335995392 2741321728 2711395328
3335733248 2741399552 2711372800
3335471104 2740772864 2710860800
3335733248 2741534720 2711485440
3335733248 2741309440 2711308288
3335999488 2741334016 2711432192
3335995392 2741366784 2711455744
3335729152 2741112832 2711130112
3335208960 2740797440 2710818816
3335475200 2740940800 2710896640
3335741440 2741342208 2711270400
3335741440 2741284864 2711188480
3335737344 2741268480 2711249920
3335995392 2739146752 2711060480
3352530944 2755887104 2727742464
3336261632 2739490816 2711322624
3335737344 2739183616 2710979584
3335737344 2738995200 2710834176
3335475200 2738778112 2710557696
3336261632 2739556352 2711390208
3335999488 2739331072 2711067648
