3380547584 2787926016 2758652928
3371290624 2775719936 2746399744
3381809152 2788573184 2758978560
3383980032 2786988032 2757168128
3368599552 2773504000 2743791616
3366662144 2771578880 2741849088
3369312256 2774687744 2744748032
3366948864 2774208512 2744193024
3368144896 2776973312 2745656320
3367809024 2774564864 2743239680
3367714816 2774695936 2743085056
3370057728 2777006080 2745470976
3369996288 2777038848 2745444352
3375550464 2782576640 2751143936
3369816064 2777251840 2745390080
3370053632 2777681920 2745808896
3367452672 2776702976 2744967168
3367452672 2774712320 2743080960
3372589056 2779906048 2748174336
3367186432 2774671360 2742619136
3368337408 2775707648 2743776256
3367190528 2776748032 2744814592
3370119168 2777710592 2745698304
3374084096 2781696000 2749655040
3367190528 2772041728 2742426624
3366928384 2771537920 2742057984
3367718912 2772623360 2742977536
3366670336 2771812352 2741935104
3369226240 2774200320 2744454144
3376209920 2781134848 2751491072
3366670336 2772353024 2742048768
3372400640 2777645056 2747694080
