3343335424 2747183104 2718479360
3343667200 2747682816 2718806016
3344945152 2749063168 2720196608
3359862784 2762207232 2733117440
3343335424 2747555840 2718629888
3342807040 2747232256 2718266368
3343073280 2747428864 2718456832
3342831616 2749358080 2720297984
3342819328 2750816256 2720471040
3343069184 2748932096 2718460928
3343597568 2749513728 2719006720
3343163392 2749153280 2718691328
3343650816 2749370368 2719017984
3343962112 2749665280 2719357952
3343396864 2749313024 2718851072
3343618048 2749603840 2719049728
3343335424 2751455232 2720990208
3343335424 2749501440 2719000576
3343671296 2749546496 2719149056
3343069184 2749263872 2718622720
3343073280 2749247488 2718687232
3343073280 2751270912 2720695296
3343122432 2749071360 2718571520
3343949824 2749927424 2719404032
3343073280 2746789888 2718344192
3343073280 2746691584 2718206976
3343339520 2747105280 2718619648
3342815232 2746802176 2718151680
3343601664 2747428864 2718851072
3343986688 2747826176 2719259648
3343077376 2747039744 2718252032
3343400960 2747211776 2718531584
