3346481152 2750574592 2721724416
3346997248 2751242240 2722228224
3349184512 2753523712 2724529152
3363008512 2765590528 2736246784
3346481152 2750971904 2721867776
3346214912 2750664704 2721479680
3346268160 2750947328 2721748992
3346239488 2752778240 2723488768
3346288640 2754465792 2723741696
3346214912 2752401408 2721632256
3346743296 2753089536 2722247680
3346886656 2753060864 2722282496
3346944000 2753130496 2722394112
3347640320 2753806336 2723180544
3346640896 2753118208 2722285568
3346898944 2753449984 2722479104
3346743296 2755166208 2724199424
3346743296 2753163264 2722288640
3347156992 2753421312 2722709504
3346477056 2753048576 2721914880
3346481152 2752815104 2721897472
3346481152 2754973696 2723990528
3346522112 2752983040 2722094080
3347628032 2754150400 2723230720
3346481152 2750345216 2721554432
3346219008 2750160896 2721374208
3346747392 2750578688 2721905664
3345960960 2750271488 2721324032
3347009536 2750996480 2722125824
3348074496 2751938560 2723162112
3346223104 2750607360 2721391616
3347034112 2751250432 2722280448
