1213632512 298733568 279035904
1214607360 298741760 279017472
1214599168 298745856 279014400
1214599168 302972928 283236352
1215664128 298749952 279005184
1215651840 298770432 279030784
1214586880 298770432 279034880
1214586880 298741760 279006208
1216708608 298754048 279000064
1216712704 298749952 279002112
1215643648 298741760 278996992
1215717376 298737664 278993920
1215717376 298729472 278986752
1215643648 298741760 278996992
1214648320 298737664 278996992
1214582784 298737664 279000064
1217843200 298754048 279000064
1217843200 298754048 279001088
1216774144 298749952 278999040
1216774144 298754048 279004160
1216774144 298745856 279004160
1216774144 298745856 278999040
1215705088 298737664 278996992
1215705088 298774528 279028736
1216774144 298741760 279001088
1216774144 298754048 279007232
1215705088 298745856 279006208
1215705088 298754048 279009280
1215705088 298741760 279012352
1215705088 298745856 279013376
1214636032 298745856 279020544
1213517824 298745856 279041024
