3461799936 2871189504 2841910272
3461296128 2865733632 2836397056
3503128576 2912636928 2883026944
3461918720 2865115136 2835278848
3461599232 2869284864 2839558144
3443527680 2848600064 2818866176
3466059776 2874081280 2844141568
3444391936 2851700736 2821679104
3474964480 2884493312 2853143552
3445387264 2852036608 2820682752
3446607872 2853642240 2822008832
3474595840 2879467520 2847925248
3450511360 2859671552 2828062720
3476545536 2886094848 2854659072
3467661312 2877689856 2845813760
3462197248 2869645312 2837757952
3445075968 2854494208 2822726656
3460202496 2869968896 2838305792
3467579392 2874712064 2842969088
3444211712 2851917824 2819850240
3448987648 2856325120 2824393728
3458588672 2868867072 2836916224
3462569984 2870104064 2838076416
3469705216 2877480960 2845430784
3445628928 2850574336 2820939776
3448381440 2853019648 2823502848
3451510784 2856517632 2826829824
3444219904 2849472512 2819588096
3462381568 2872168448 2842386432
3472920576 2877931520 2848273408
3444514816 2850074624 2819767296
3457306624 2862530560 2832564224
