3440041984 2849431552 2820152320
3431460864 2835853312 2806533120
3469266944 2878832640 2849222656
3438080000 2841239552 2811403264
3437039616 2844790784 2815064064
3421560832 2826629120 2796895232
3434029056 2839388160 2809448448
3420889088 2828247040 2798225408
3436003328 2845364224 2814014464
3422965760 2829860864 2798511104
3423240192 2830430208 2798799872
3445477376 2850299904 2818757632
3428753408 2837823488 2806245376
3444801536 2854260736 2822824960
3435991040 2845986816 2814110720
3432890368 2840489984 2808619008
3421249536 2830622720 2798862336
3435565056 2845315072 2813651968
3434999808 2842304512 2810565632
3422093312 2829803520 2797735936
3426967552 2834522112 2802594816
3420794880 2830434304 2798483456
3433000960 2840637440 2808609792
3438510080 2846105600 2814059520
3423866880 2828820480 2799185920
3426623488 2831327232 2801813504
3422670848 2827649024 2797965312
3422461952 2827710464 2797829120
3421892608 2826989568 2797207552
3440340992 2845233152 2815611904
3420098560 2825650176 2795342848
3434348544 2839498752 2809532416
