3367518208 2774519808 2745252864
3363524608 2768076800 2738778112
3372572672 2779488256 2749944832
3378737152 2781618176 2751890432
3362471936 2767429632 2737717248
3361419264 2766376960 2736712704
3362881536 2768203776 2738305024
3361443840 2768863232 2738883584
3362648064 2771374080 2740090880
3361681408 2768310272 2736990208
3362209792 2769391616 2737782784
3363569664 2770448384 2738926592
3362721792 2769821696 2738264064
3367890944 2774663168 2743279616
3362705408 2770067456 2738217984
3363659776 2771218432 2739357696
3362209792 2771501056 2739765248
3362209792 2769354752 2737830912
3365576704 2772643840 2741048320
3361943552 2769403904 2737398784
3362209792 2769653760 2737737728
3361947648 2771488768 2739574784
3363495936 2771017728 2739045376
3366731776 2774241280 2742236160
3361947648 2766594048 2737141760
3361685504 2766352384 2736861184
3362476032 2767306752 2737679360
3361427456 2766458880 2736704512
3362213888 2767224832 2737519616
3367501824 2772369408 2742769664
3361689600 2767233024 2736960512
3365335040 2770472960 2740553728
