3368304640 2775445504 2746177536
3364646912 2769166336 2739847168
3373985792 2780913664 2751337472
3379523584 2782621696 2752813056
3363520512 2768371712 2738659328
3362205696 2767339520 2737622016
3363966976 2769272832 2739338240
3362492416 2769870848 2739862528
3363471360 2772406272 2741094400
3362467840 2769215488 2737894400
3363258368 2770350080 2738740224
3364380672 2771427328 2739892224
3363770368 2770821120 2739230720
3368882176 2775904256 2744483840
3363766272 2771042304 2739192832
3364745216 2772185088 2740321280
3363258368 2772443136 2740707328
3363258368 2770427904 2738800640
3366481920 2773835776 2742108160
3362729984 2770374656 2738344960
3362996224 2770550784 2738626560
3362996224 2772418560 2740504576
3364605952 2772054016 2740070400
3367686144 2775392256 2743358464
3362996224 2767699968 2738087936
3362734080 2767294464 2737794048
3363262464 2768224256 2738596864
3362213888 2767507456 2737649664
3363262464 2768134144 2738417664
3368734720 2773585920 2743950336
3362476032 2768154624 2737857536
3366232064 2771570688 2741619712
