3440566272 2849771520 2820492288
3432292352 2836787200 2807450624
3472314368 2881748992 2852139008
3439489024 2842468352 2812632064
3440082944 2847842304 2818115584
3421822976 2826969088 2797235200
3437436928 2845270016 2815330304
3421151232 2828574720 2798553088
3443531776 2853011456 2821661696
3423490048 2830188544 2798838784
3424653312 2831695872 2800065536
3446771712 2851692544 2820150272
3429015552 2838224896 2806626304
3446616064 2856173568 2824737792
3439009792 2849079296 2817203200
3433537536 2841001984 2809114624
3421773824 2830979072 2799218688
3438661632 2848559104 2816896000
3436494848 2843635712 2811892736
3422355456 2830151680 2798084096
3428376576 2835763200 2803831808
3429326848 2839384064 2807433216
3433627648 2841350144 2809322496
3447218176 2855002112 2822951936
3424391168 2829144064 2799509504
3426885632 2831618048 2802101248
3423195136 2828038144 2798350336
3423608832 2828935168 2799050752
3430379520 2839973888 2810191872
3441778688 2846789632 2817131520
3423903744 2829537280 2799229952
3435347968 2840608768 2810642432
