3440304128 2849759232 2820480000
3432218624 2836688896 2807352320
3472121856 2881536000 2851926016
3439489024 2842451968 2812615680
3440082944 2847821824 2818095104
3421822976 2826952704 2797218816
3434770432 2839945216 2810005504
3421151232 2828566528 2798544896
3443519488 2852982784 2821633024
3423490048 2830176256 2798826496
3424653312 2831679488 2800049152
3446759424 2851659776 2820117504
3429015552 2838204416 2806605824
3446505472 2856046592 2824610816
3439009792 2849062912 2817186816
3433512960 2840961024 2809073664
3421773824 2830962688 2799202304
3438661632 2848550912 2816887808
3436433408 2843566080 2811823104
3422355456 2830143488 2798075904
3428376576 2835746816 2803815424
3429326848 2839367680 2807416832
3433603072 2841317376 2809289728
3447132160 2854903808 2822853632
3424391168 2829144064 2799509504
3426885632 2831613952 2802097152
3423195136 2828029952 2798342144
3423608832 2828918784 2799034368
3430117376 2839953408 2810171392
3441684480 2846679040 2817020928
3423903744 2829520896 2799213568
3435298816 2840539136 2810572800
