3347267584 2751295488 2722407424
3347841024 2752028672 2722991104
3350335488 2754666496 2725639168
3363794944 2766360576 2736966656
3347267584 2751733760 2722578432
3346739200 2751385600 2722146304
3347103744 2751774720 2722531328
3346763776 2753507328 2724155392
3346837504 2755301376 2724488192
3346739200 2753146880 2722311168
3347529728 2753888256 2722969600
3347783680 2753990656 2723140608
3347767296 2753986560 2723150848
3348647936 2754805760 2724102144
3347451904 2753953792 2723023872
3347746816 2754260992 2723223552
3347267584 2755940352 2724894720
3347529728 2753961984 2722989056
3348066304 2754359296 2723563520
3347001344 2753839104 2722596864
3347005440 2753601536 2722580480
3347005440 2755776512 2724677632
3347394560 2753912832 2722900992
3348586496 2755158016 2724128768
3347005440 2751127552 2722233344
3347005440 2750943232 2722065408
3347533824 2751344640 2722603008
3346747392 2751057920 2721999872
3347533824 2751725568 2722779136
3348840448 2752999424 2724137984
3346747392 2751442944 2722095104
3348000768 2752241664 2723206144
