3339927552 2743734272 2715090944
3340185600 2744115200 2715359232
3341246464 2745257984 2716476416
3356454912 2758701056 2729856000
3339927552 2744037376 2715259904
3339661312 2743742464 2714939392
3339665408 2743934976 2715086848
3339661312 2745974784 2717042688
3339399168 2747121664 2717070336
3339661312 2745282560 2715107328
3340189696 2745823232 2715603968
3339657216 2745384960 2715215872
3340193792 2745741312 2715574272
3340193792 2745921536 2715772928
3339927552 2745741312 2715486208
3340185600 2746003456 2715697152
3339927552 2747736064 2717595648
3339927552 2745729024 2715566080
3340189696 2745921536 2715738112
3339923456 2745606144 2715307008
3339927552 2745663488 2715444224
3339927552 2747715584 2717405184
3339665408 2745442304 2715150336
3340455936 2746155008 2715910144
3339927552 2743226368 2715027456
3339665408 2743230464 2714891264
3340193792 2743644160 2715257856
3339669504 2743291904 2714815488
3340193792 2743820288 2715436032
3340455936 2744201216 2715755520
3339669504 2743398400 2714924032
3339669504 2743463936 2714966016
