3385397248 2794717184 2765492224
3379867648 2784325632 2755001344
3393503232 2800259072 2770836480
3390459904 2793410560 2763595776
3374247936 2779316224 2749620224
3372834816 2777919488 2748206080
3378622464 2783940608 2754013184
3378044928 2785435648 2755439616
3378180096 2786926592 2755620864
3373510656 2780184576 2748921856
3373948928 2781118464 2749527040
3379380224 2786275328 2754748416
3374899200 2781929472 2750355456
3386200064 2793197568 2761777152
3374960640 2782359552 2750497792
3379421184 2786992128 2755123200
3373600768 2783006720 2751269888
3377418240 2784649216 2753020928
3383525376 2790830080 2759094272
3382165504 2789883904 2757885952
3373940736 2781519872 2749592576
3373543424 2783023104 2751085568
3379630080 2787196928 2755180544
3384479744 2792026112 2760000512
3373670400 2778370048 2748807168
3374956544 2779693056 2750241792
3374325760 2779156480 2749522944
3372699648 2778005504 2748165120
3374166016 2779078656 2749333504
3382571008 2787495936 2757861376
3381063680 2786652160 2756357120
3383287808 2788487168 2758532096
