3462062080 2871476224 2842195968
3461873664 2866339840 2837002240
3504832512 2914390016 2884780032
3462443008 2865393664 2835557376
3461861376 2869592064 2839865344
3443789824 2848837632 2819103744
3466768384 2874564608 2844624896
3444654080 2851954688 2821932032
3475357696 2884894720 2853543936
3445649408 2852319232 2820965376
3446870016 2853953536 2822319104
3474931712 2879852544 2848302080
3450773504 2859950080 2828340224
3477729280 2887315456 2855879680
3467960320 2878033920 2846157824
3462483968 2869977088 2838088704
3445338112 2854772736 2823009280
3460464640 2870251520 2838587392
3468398592 2875572224 2843829248
3444473856 2852184064 2820120576
3449249792 2856611840 2824680448
3459112960 2869137408 2837186560
3463098368 2870644736 2838617088
3470684160 2878500864 2846449664
3445891072 2850861056 2821222400
3448643584 2853302272 2823785472
3451772928 2856796160 2827108352
3444482048 2849767424 2819883008
3462643712 2872426496 2842644480
3474206720 2879004672 2849346560
3444776960 2850328576 2820021248
3457978368 2863255552 2833289216
