3394732032 2804146176 2774871040
3389313024 2793746432 2764414976
3404337152 2811170816 2781564928
3398795264 2801774592 2771942400
3395829760 2803572736 2773850112
3381080064 2786197504 2756463616
3387023360 2792394752 2762459136
3395031040 2802405376 2772387840
3386454016 2795270144 2763941888
3381891072 2788560896 2757229568
3382603776 2789564416 2757952512
3404566528 2809413632 2777875456
3383369728 2790440960 2758850560
3396030464 2802823168 2771391488
3384926208 2792337408 2760472576
3387711488 2795356160 2763476992
3381870592 2791292928 2759556096
3399725056 2809524224 2777880576
3391557632 2798886912 2767155200
3392954368 2800705536 2768649216
3382702080 2790047744 2758120448
3381850112 2791317504 2759380992
3388198912 2795843584 2763823104
3393748992 2801356800 2769318912
3389452288 2794229760 2764617728
3381473280 2786279424 2756779008
3382812672 2787721216 2758067200
3380920320 2786242560 2756369408
3382337536 2787475456 2757719040
3393912832 2798903296 2769249280
3395395584 2801020928 2770717696
3391328256 2796511232 2766560256
