3360112640 2764468224 2735202304
3361304576 2765668352 2736528384
3369508864 2776453120 2746888192
3376640000 2779590656 2749796352
3360374784 2765299712 2735592448
3359322112 2764361728 2734654464
3360714752 2766036992 2736129024
3359346688 2766733312 2736737280
3360489472 2769215488 2737904640
3359584256 2766123008 2734883840
3360112640 2767241216 2735664128
3361136640 2768064512 2736632832
3360624640 2767736832 2736163840
3365142528 2772107264 2740690944
3360571392 2767921152 2736079872
3361468416 2768769024 2737092608
3360112640 2769362944 2737644544
3360112640 2767319040 2735720448
3362975744 2770284544 2738567168
3359846400 2767314944 2735305728
3360112640 2767376384 2735647744
3359850496 2769289216 2737434624
3361267712 2768711680 2736758784
3364020224 2771775488 2739757056
3359850496 2764578816 2734983168
3359588352 2764173312 2734731264
3360378880 2765041664 2735559680
3359330304 2764472320 2734662656
3360116736 2765111296 2735426560
3364769792 2769760256 2740144128
3359592448 2765115392 2734852096
3362746368 2768089088 2738149376
