3330752512 2733895680 2706131968
3330748416 2733871104 2706050048
3331010560 2734284800 2706358272
3330748416 2734223360 2706168832
3330752512 2734395392 2706210816
3330748416 2734211072 2706063360
3330490368 2734034944 2705969152
3330748416 2735992832 2708096000
3330486272 2736791552 2708013056
3330748416 2735050752 2706179072
3331014656 2735423488 2706360320
3330744320 2735243264 2706202624
3330756608 2735378432 2706267136
3330756608 2735452160 2706279424
3330752512 2735247360 2706295808
3331010560 2735304704 2706452480
3331014656 2737176576 2708354048
3330752512 2735267840 2706301952
3331014656 2735550464 2706408448
3330748416 2735501312 2706266112
3331014656 2735730688 2706459648
3331014656 2737856512 2708549632
3330752512 2735230976 2706201600
3330756608 2735366144 2706347008
3331014656 2733449216 2706055168
3330752512 2733490176 2705909760
3330756608 2733740032 2706044928
3330756608 2733699072 2706006016
3330756608 2733649920 2706032640
3331018752 2733760512 2706091008
3330756608 2733690880 2705998848
3330494464 2733162496 2705602560
