3439779840 2849202176 2819922944
3430711296 2835144704 2805808128
3466338304 2875858944 2846248960
3437817856 2840965120 2811128832
3436777472 2844532736 2814806016
3421298688 2826383360 2796649472
3433426944 2838798336 2808858624
3420626944 2827988992 2797967360
3425800192 2835161088 2803811328
3422703616 2829594624 2798244864
3422978048 2830184448 2798554112
3444961280 2849779712 2818237440
3428491264 2837573632 2805979136
3440390144 2847195136 2815763456
3435618304 2845630464 2813754368
3432497152 2840096768 2808213504
3420987392 2830385152 2798624768
3435302912 2845040640 2813377536
3433779200 2841096192 2809353216
3421831168 2829541376 2797476864
3426705408 2834268160 2802336768
3420532736 2830176256 2798225408
3432374272 2840031232 2808003584
3436998656 2844585984 2812535808
3423604736 2828578816 2798944256
3426361344 2831081472 2801567744
3422408704 2827390976 2797707264
3422199808 2827481088 2797599744
3421630464 2826731520 2796949504
3438866432 2843779072 2814137344
3419836416 2825392128 2795084800
3433295872 2838437888 2808475648
