3367194624 2771890176 2742503424
3366133760 2770522112 2741189632
3366666240 2771517440 2741891072
3366248448 2771304448 2741567488
3367763968 2774654976 2745056256
3369242624 2776215552 2746645504
3369291776 2774704128 2744724480
3366924288 2772381696 2742329344
3366141952 2775146496 2743725056
3366400000 2773073920 2741868544
3367190528 2778316800 2746800128
3366400000 2773561344 2741993472
3365613568 2772836352 2741254144
3366731776 2775744512 2744312832
3369361408 2776608768 2744839168
3366326272 2773811200 2741900288
3371495424 2778292224 2746928128
3366146048 2775248896 2743621632
3366670336 2776326144 2744357888
3365888000 2773188608 2741410816
3374391296 2783330304 2751707136
3366146048 2773536768 2741666816
3366596608 2778095616 2746115072
3366408192 2774028288 2741883904
3368058880 2772721664 2743273472
3367194624 2771709952 2742316032
3374915584 2781753344 2752114688
3366141952 2771243008 2741381120
3370221568 2775216128 2745600000
3368177664 2773340160 2743561216
3371814912 2777219072 2747283456
3366146048 2771587072 2741384192
