3345960960 2750181376 2721248256
3345162240 2749308928 2720487424
3345694720 2749865984 2720860160
3345539072 2750017536 2720850944
3345764352 2752049152 2723062784
3345829888 2752319488 2723305472
3346374656 2750758912 2721608704
3345666048 2750402560 2721107968
3345432576 2751688704 2720978944
3345690624 2751778816 2721283072
3346219008 2756370432 2725785600
3345690624 2751860736 2721097728
3345690624 2751889408 2721169408
3345735680 2753806336 2723265536
3346227200 2752204800 2721626112
3345616896 2752061440 2721117184
3346993152 2752860160 2722489344
3345436672 2753789952 2723082240
3345698816 2754068480 2723287040
3345178624 2751442944 2720717824
3347144704 2753048576 2722548736
3345698816 2752040960 2721185792
3345272832 2751365120 2720719872
3345436672 2751815680 2720969728
3346223104 2749952000 2721389568
3346223104 2749952000 2721296384
3346878464 2752876544 2724116480
3345432576 2749534208 2720535552
3345784832 2749751296 2721112064
3346182144 2750332928 2721422336
3345850368 2749960192 2721178624
3345436672 2749579264 2720603136
