3351465984 2756116480 2726806528
3350667264 2755059712 2725807104
3351199744 2755796992 2726375424
3351044096 2755817472 2726238208
3351535616 2758266880 2728837120
3352072192 2758721536 2729314304
3352522752 2757574656 2727823360
3351457792 2756575232 2726710272
3350675456 2757615616 2726283264
3351195648 2757750784 2726640640
3351461888 2762510336 2731197440
3351195648 2758049792 2726661120
3350933504 2757906432 2726549504
3351265280 2760024064 2728754176
3352076288 2759180288 2727687168
3351121920 2758262784 2726601728
3353595904 2760085504 2729107456
3350941696 2759970816 2728502272
3351203840 2760503296 2728875008
3350683648 2757681152 2726179840
3354730496 2761412608 2730193920
3350941696 2758172672 2726574080
3350913024 2761973760 2730401792
3350941696 2758180864 2726405120
3351728128 2756255744 2726968320
3351465984 2755981312 2726767616
3354525696 2761048064 2731725824
3350937600 2755702784 2726105088
3352346624 2757050368 2727716864
3351953408 2756857856 2727342080
3352965120 2757963776 2728330240
3350941696 2756067328 2726196224
