3424653312 2829459456 2800063488
3420438528 2825068544 2795730944
3428864000 2835722240 2806089728
3437178880 2844749824 2815008768
3441143808 2850582528 2820979712
3445645312 2853040128 2823454720
3429863424 2835140608 2805152768
3422412800 2827841536 2797788160
3426574336 2835623936 2804193280
3420577792 2827116544 2795907072
3446816768 2860556288 2829033472
3424546816 2831581184 2799994880
3419291648 2826338304 2794747904
3423973376 2833059840 2801615872
3429822464 2837217280 2805439488
3421462528 2828795904 2796864512
3443027968 2852499456 2821122048
3419832320 2829156352 2797515776
3423633408 2833133568 2801148928
3420188672 2827505664 2795712512
3438686208 2847629312 2815984640
3421167616 2828816384 2796935168
3424096256 2835648512 2803648512
3422371840 2830098432 2797929472
3433693184 2838310912 2808850432
3428556800 2833199104 2803792896
3441999872 2848772096 2819125248
3421319168 2826551296 2796678144
3432505344 2837590016 2807928832
3432730624 2837749760 2807966720
3436044288 2841268224 2811319296
3431104512 2839183360 2808971264
