3351203840 2755784704 2726478848
3350142976 2754686976 2725447680
3350937600 2755457024 2726045696
3350519808 2755457024 2725892096
3351248896 2757877760 2728453120
3351523328 2758336512 2728951808
3352236032 2757160960 2727439360
3350933504 2756190208 2726370304
3350413312 2757279744 2725956608
3350933504 2757398528 2726296576
3351199744 2762162176 2730862592
3350933504 2757664768 2726301696
3350671360 2757582848 2726239232
3351003136 2759684096 2728432640
3351789568 2758758400 2727316480
3350859776 2757906432 2726265856
3353296896 2759671808 2728695808
3350679552 2759606272 2728165376
3350941696 2760134656 2728530944
3350421504 2757316608 2725848064
3354124288 2760933376 2729753600
3350679552 2757799936 2726240256
3350638592 2757672960 2726171648
3350679552 2757816320 2726092800
3351203840 2755842048 2726574080
3351203840 2755588096 2726404096
3354152960 2760536064 2731233280
3350413312 2755362816 2725784576
3352023040 2756612096 2727312384
3351691264 2756517888 2727009280
3352629248 2757496832 2727904256
3350679552 2755694592 2725852160
