3362738176 2767364096 2738072576
3361677312 2766000128 2736791552
3362209792 2767110144 2737495040
3361792000 2766860288 2737161216
3363160064 2770063360 2740514816
3364311040 2771124224 2741599232
3364401152 2769698816 2739762176
3362729984 2767970304 2737951744
3361685504 2768486400 2737245184
3361943552 2768650240 2737447936
3362734080 2773823488 2742308864
3361943552 2768920576 2737505280
3361419264 2768621568 2737037312
3362275328 2771337216 2739906560
3364122624 2771496960 2739776512
3362131968 2769408000 2737530880
3366137856 2773086208 2741727232
3361689600 2770767872 2739252224
3362213888 2771881984 2739914752
3361431552 2768785408 2737025024
3368316928 2777448448 2745828352
3361689600 2769195008 2737350656
3362054144 2773336064 2741582848
3361951744 2769551360 2737418240
3363315712 2767986688 2738587648
3362738176 2767249408 2737866752
3368677376 2775552000 2745970688
3361685504 2766843904 2737003520
3365036032 2769965056 2740385792
3363504128 2768674816 2738898944
3366400000 2771664896 2741750784
3361689600 2767200256 2737004544
