3339145216 2743054336 2714499072
3338608640 2742521856 2713875456
3338878976 2743074816 2714280960
3338874880 2743054336 2714254336
3339137024 2745270272 2716490752
3338874880 2744991744 2716242944
3339399168 2743644160 2714856448
3338878976 2743029760 2714200064
3339141120 2744524800 2714527744
3339399168 2744963072 2714835968
3339403264 2745044992 2714954752
3338874880 2744586240 2714398720
3339137024 2744815616 2714630144
3338903552 2746593280 2716452864
3339141120 2744885248 2714678272
3338878976 2744553472 2714301440
3339931648 2745618432 2715523072
3338883072 2746605568 2716452864
3339145216 2746810368 2716609536
3338625024 2744283136 2714034176
3339407360 2745114624 2714902528
3338883072 2744729600 2714487808
3338358784 2744205312 2713962496
3338620928 2744537088 2714262528
3339669504 2742988800 2714790912
3339669504 2743074816 2714738688
3339419648 2745024512 2716665856
3338616832 2742366208 2713909248
3338616832 2742317056 2713986048
3339145216 2742902784 2714513408
3338620928 2742325248 2713916416
3338883072 2742411264 2713997312
