3381428224 2786185216 2756796416
3382542336 2786947072 2757610496
3379970048 2786893824 2757262336
3382976512 2787876864 2758138880
3386683392 2793672704 2764072960
3389083648 2795913216 2766331904
3388866560 2794090496 2764106752
3382599680 2788007936 2757954560
3378786304 2787835904 2756405248
3383578624 2790170624 2758962176
3389280256 2802970624 2771447808
3380781056 2787807232 2756226048
3379503104 2786545664 2754955264
3380477952 2789343232 2757899264
3388641280 2796032000 2764254208
3379916800 2787254272 2755322880
3390238720 2796978176 2765603840
3383152640 2792267776 2760627200
3384320000 2793852928 2761871360
3378974720 2786320384 2754530304
3395825664 2804920320 2773275648
3379126272 2786476032 2754601984
3385208832 2796576768 2764579840
3379597312 2787328000 2755163136
3385061376 2789806080 2760349696
3380551680 2785222656 2755819520
3396804608 2803548160 2773901312
3379150848 2784202752 2754329600
3389272064 2794115072 2764471296
3387490304 2792529920 2762746880
3392827392 2798014464 2768065536
3379367936 2784890880 2754682880
