3424915456 2829639680 2800243712
3420700672 2825252864 2795915264
3429126144 2835886080 2806253568
3437178880 2844946432 2815205376
3441422336 2851053568 2821463040
3446108160 2853687296 2824101888
3430465536 2835668992 2805681152
3422412800 2828021760 2797968384
3426836480 2835824640 2804393984
3420577792 2827313152 2796103680
3447078912 2860736512 2829213696
3424546816 2834419712 2802833408
3419291648 2826522624 2794932224
3424235520 2833268736 2801824768
3430567936 2837889024 2806111232
3421462528 2828955648 2797028352
3443703808 2853113856 2821744640
3420094464 2829328384 2797687808
3423633408 2833346560 2801357824
3420450816 2827657216 2795864064
3440087040 2848968704 2817348608
3421429760 2828996608 2797115392
3424370688 2835857408 2803853312
3422633984 2830278656 2798109696
3434041344 2838589440 2809128960
3428818944 2833403904 2803997696
3443294208 2850234368 2820599808
3421581312 2826723328 2796850176
3433435136 2838421504 2808772608
3432960000 2838183936 2808417280
3437252608 2845044736 2815108096
3431104512 2839379968 2809167872
