3381428224 2786062336 2756673536
3380510720 2785030144 2755693568
3379257344 2786041856 2756410368
3380944896 2785943552 2756205568
3386646528 2793480192 2763880448
3388739584 2795696128 2766114816
3388555264 2793873408 2763889664
3380563968 2786066432 2756013056
3377844224 2787008512 2755577856
3381547008 2788270080 2757064704
3389018112 2802814976 2771292160
3378933760 2786086912 2754505728
3377664000 2784833536 2753243136
3379490816 2788458496 2757014528
3388579840 2795831296 2764053504
3378958336 2786410496 2754479104
3389890560 2796761088 2765386752
3381116928 2790354944 2758714368
3382288384 2791936000 2759958528
3378274304 2785501184 2753711104
3395620864 2804547584 2772902912
3378184192 2785648640 2753774592
3384946688 2796425216 2764428288
3378630656 2786484224 2754319360
3385049088 2789629952 2760173568
3379822592 2784342016 2754938880
3396321280 2803183616 2773536768
3378184192 2783367168 2753494016
3388850176 2793807872 2764164096
3387203584 2792378368 2762595328
3392397312 2797694976 2767746048
3378401280 2784026624 2753818624
