3436105728 2843344896 2813948928
3421224960 2825674752 2796337152
3446181888 2851078144 2821445632
3440394240 2848096256 2818355200
3442515968 2852057088 2822454272
3454767104 2862264320 2832678912
3438571520 2843987968 2814000128
3423821824 2829332480 2799279104
3427098624 2836213760 2804783104
3421102080 2827739136 2796528640
3447341056 2861211648 2829685760
3427745792 2837544960 2805958656
3419815936 2826948608 2795355136
3424759808 2833690624 2802246656
3432050688 2839281664 2807503872
3421986816 2829377536 2797446144
3447771136 2857127936 2825743360
3420618752 2829766656 2798126080
3426820096 2839121920 2807133184
3420712960 2828066816 2796273664
3450302464 2859196416 2827551744
3421954048 2829418496 2797537280
3432046592 2843418624 2811414528
3422896128 2830725120 2798556160
3434463232 2839212032 2809748480
3429343232 2833870848 2804453376
3453775872 2860699648 2831052800
3422105600 2827124736 2797251584
3442499584 2847379456 2817718272
3433979904 2839142400 2809359360
3462758400 2870710272 2840761344
3434311680 2842521600 2812309504
