3335217152 2739044352 2710562816
3335471104 2739351552 2710871040
3335733248 2739695616 2711018496
3335733248 2739642368 2710989824
3335471104 2739503104 2710860800
3335991296 2740056064 2711411712
3335471104 2739462144 2710778880
3335208960 2739314688 2710625280
3335729152 2740785152 2711081984
3335995392 2741346304 2711538688
3335733248 2741149696 2711260160
3336253440 2741567488 2711651328
3335995392 2743488512 2713509888
3335471104 2740834304 2710888448
3335471104 2741084160 2711100416
3335737344 2741137408 2711156736
3335729152 2741026816 2711200768
3335733248 2741153792 2711274496
3335733248 2741137408 2711138304
3336003584 2741403648 2711405568
3335745536 2741182464 2711174144
3335737344 2741440512 2711355392
3335475200 2741088256 2711035904
3335999488 2741399552 2711401472
3336261632 2739671040 2711547904
3335475200 2738929664 2710776832
3335475200 2738999296 2710810624
3335475200 2738937856 2710733824
3335479296 2738835456 2710678528
3352801280 2754121728 2725855232
3335479296 2738851840 2710670336
3336265728 2741649408 2713422848
