3358978048 2763395072 2734134272
3358801920 2763210752 2733889536
3359064064 2763870208 2734265344
3359084544 2763956224 2734403584
3358552064 2763464704 2733816832
3360301056 2765275136 2735625216
3360002048 2765254656 2735247360
3357753344 2763214848 2733176832
3358609408 2765430784 2734203904
3365928960 2772344832 2741328896
3360325632 2767470592 2735959040
3362197504 2769154048 2737813504
3372998656 2781802496 2750445568
3358552064 2765467648 2734018560
3359047680 2766376960 2734607360
3359997952 2767155200 2735403008
3359281152 2766487552 2734907392
3359064064 2766258176 2734536704
3358539776 2765824000 2733975552
3359346688 2766569472 2734825472
3359539200 2766741504 2734996480
3358806016 2766237696 2734359552
3361214464 2768781312 2736899072
3362619392 2770141184 2738180096
3359850496 2764607488 2735178752
3358543872 2763198464 2733745152
3360833536 2765533184 2735966208
3358654464 2763628544 2733860864
3358285824 2763374592 2733655040
3383193600 2786177024 2756326400
3359756288 2765152256 2735195136
3361939456 2769367040 2739261440
