3331284992 2734456832 2706532352
3331276800 2734559232 2706650112
3331276800 2734690304 2706746368
3331538944 2734944256 2706822144
3331276800 2735013888 2706761728
3331534848 2735341568 2707058688
3331276800 2734686208 2706554880
3331276800 2734526464 2706560000
3331272704 2735755264 2706759680
3331276800 2735484928 2706709504
3331276800 2735792128 2706875392
3331534848 2736046080 2706965504
3331276800 2738102272 2708891648
3331014656 2735890432 2706617344
3331538944 2736103424 2706930688
3331280896 2735910912 2706834432
3331272704 2735661056 2706688000
3331276800 2735714304 2706817024
3331276800 2735951872 2706884608
3331547136 2736246784 2707039232
3331289088 2735964160 2706776064
3331543040 2736394240 2706945024
3331280896 2735902720 2706654208
3331280896 2735919104 2706795520
3331805184 2734346240 2706900992
3331280896 2734116864 2706510848
3331018752 2733993984 2706368512
3331280896 2734366720 2706614272
3331284992 2734280704 2706538496
3331551232 2734522368 2706694144
3331284992 2734215168 2706452480
3331547136 2736295936 2708777984
