3335741440 2739556352 2711056384
3335995392 2739830784 2711317504
3336257536 2740219904 2711520256
3336257536 2740187136 2711493632
3335995392 2739990528 2711336960
3336515584 2740604928 2711929856
3335995392 2740011008 2711305216
3335733248 2739847168 2711126016
3335991296 2741321728 2711567360
3336519680 2741956608 2712088576
3336257536 2741673984 2711739392
3336777728 2742161408 2712169472
3336519680 2744057856 2714048512
3335733248 2741362688 2711375872
3335995392 2741633024 2711608320
3335999488 2741727232 2711660544
3336253440 2741612544 2711725056
3336257536 2741792768 2711825408
3336257536 2741657600 2711649280
3336527872 2742005760 2711946240
3336269824 2741714944 2711685120
3336261632 2741989376 2711876608
3335999488 2741600256 2711512064
3336261632 2741956608 2711911424
3336785920 2740203520 2712067072
3335999488 2739441664 2711269376
3335999488 2739564544 2711324672
3335999488 2739507200 2711260160
3336003584 2739392512 2711186432
3353325568 2754674688 2726381568
3336003584 2739408896 2711204864
3336790016 2742194176 2713937920
