3343392768 2747420672 2718640128
3343597568 2747813888 2718926848
3343859712 2748006400 2719095808
3343884288 2748014592 2719091712
3343609856 2747838464 2718906368
3344117760 2748522496 2719518720
3343683584 2748170240 2719161344
3343073280 2747637760 2718521344
3343867904 2749640704 2719267840
3344871424 2750836736 2720470016
3344232448 2750095360 2719645696
3344666624 2750619648 2720189440
3354386432 2762158080 2731856896
3343609856 2749652992 2719225856
3343597568 2749607936 2719123456
3343626240 2749804544 2719134720
3343966208 2750152704 2719601664
3344121856 2750287872 2719657984
3343597568 2749628416 2719194112
3343880192 2750132224 2719522816
3343872000 2749767680 2719294464
3343863808 2750066688 2719428608
3343949824 2749927424 2719417344
3344547840 2750550016 2720013312
3344474112 2748108800 2719661056
3343863808 2747625472 2719014912
3343937536 2747756544 2719253504
3343601664 2747387904 2718781440
3343605760 2747260928 2718681088
3368067072 2769797120 2741139456
3343618048 2747457536 2718844928
3344752640 2750803968 2721981440
