3397787648 2802225152 2772952064
3391664128 2796150784 2766823424
3392016384 2797039616 2767388672
3394445312 2799218688 2769629184
3394473984 2799497216 2769836032
3397705728 2802671616 2772972544
3396059136 2801573888 2771539968
3389390848 2794876928 2764796928
3399213056 2805809152 2774576128
3412103168 2818654208 2787605504
3397001216 2803965952 2772425728
3401797632 2808569856 2777194496
3405832192 2815381504 2783992832
3394224128 2801090560 2769607680
3397525504 2804903936 2773102592
3395522560 2802835456 2771054592
3393159168 2800349184 2768750592
3399454720 2806841344 2775083008
3390603264 2798137344 2766246912
3393662976 2800885760 2769094656
3416276992 2826387456 2794598400
3408474112 2813923328 2781988864
3401875456 2809442304 2777493504
3403329536 2811072512 2779033600
3400085504 2804736000 2775271424
3394551808 2799345664 2769849344
3402551296 2807353344 2777713664
3391619072 2796642304 2766830592
3393712128 2798788608 2768933888
3416010752 2819145728 2789248000
3398508544 2803875840 2773855232
3402248192 2809729024 2779580416
