3385982976 2790313984 2761043968
3378774016 2783346688 2754019328
3382112256 2786971648 2757320704
3384004608 2788851712 2759259136
3379138560 2783961088 2754300928
3387600896 2792591360 2762893312
3387207680 2792546304 2762518528
3377266688 2782601216 2752521216
3380232192 2786889728 2755656704
3399536640 2806042624 2775005184
3386679296 2793721856 2762182656
3391246336 2798227456 2766853120
3398316032 2807869440 2776489984
3378683904 2785644544 2754165760
3385528320 2793009152 2761207808
3387256832 2794610688 2762832896
3385806848 2792787968 2761194496
3386892288 2794115072 2762365952
3378196480 2785574912 2753704960
3379691520 2786906112 2755134464
3386195968 2793447424 2761662464
3395981312 2801451008 2769525760
3399049216 2806681600 2774732800
3392188416 2799718400 2767683584
3380518912 2785157120 2755697664
3378548736 2783174656 2753690624
3388805120 2793648128 2764018688
3378712576 2783780864 2753973248
3378212864 2783338496 2753518592
3399610368 2802786304 2772891648
3387379712 2792841216 2762819584
3389976576 2797531136 2767383552
