3461791744 2866335744 2837062656
3445686272 2850299904 2820972544
3445772288 2850693120 2821042176
3454595072 2859548672 2829955072
3446345728 2851229696 2821568512
3462356992 2867220480 2837521408
3476041728 2884132864 2854098944
3458895872 2867077120 2836997120
3446894592 2853625856 2822391808
3485114368 2891472896 2860423168
3460218880 2867363840 2835818496
3479355392 2888822784 2857433088
3474255872 2883821568 2852418560
3449872384 2856890368 2825383936
3470180352 2880086016 2848284672
3459686400 2866925568 2835136512
3454361600 2861563904 2829950976
3445612544 2852962304 2821189632
3444834304 2852208640 2820304896
3447914496 2855190528 2823359488
3476779008 2886836224 2855003136
3473166336 2881196032 2849236992
3465723904 2873200640 2841240576
3468128256 2875863040 2843820032
3449503744 2854150144 2824671232
3458723840 2866126848 2836602880
3485097984 2892730368 2863078400
3447803904 2852990976 2823137280
3453595648 2861395968 2831511552
3482247168 2887987200 2858059776
3464208384 2869694464 2839668736
3467673600 2875129856 2844981248
