3348807680 2753126400 2724113408
3348840448 2753294336 2724155392
3349102592 2753662976 2724432896
3349286912 2753789952 2724573184
3348852736 2753466368 2724172800
3349880832 2754482176 2725137408
3349303296 2754273280 2724726784
3348316160 2753363968 2723748864
3349172224 2755620864 2724668416
3352584192 2758729728 2727984128
3349827584 2756485120 2725387264
3350687744 2757210112 2726306816
3360911360 2769395712 2738535424
3348852736 2755522560 2724466688
3348951040 2755710976 2724585472
3349184512 2756034560 2724791296
3349581824 2756218880 2725026816
3349364736 2756149248 2724838400
3349102592 2755764224 2724533248
3349385216 2755977216 2724790272
3349139456 2755899392 2724768768
3349106688 2756108288 2724731904
3349897216 2756575232 2725470208
3350773760 2757566464 2726382592
3349889024 2754195456 2725154816
3349106688 2753454080 2724327424
3349987328 2754113536 2725118976
3348955136 2753576960 2724302848
3348848640 2753359872 2724081664
3373494272 2776027136 2746670080
3349057536 2753654784 2724432896
3350675456 2757660672 2728122368
