3334692864 2738499584 2710045696
3334946816 2738769920 2710331392
3335208960 2739150848 2710494208
3335208960 2739101696 2710487040
3334946816 2738937856 2710320128
3335467008 2739412992 2710817792
3334946816 2738900992 2710265856
3334684672 2738802688 2710159360
3334942720 2740158464 2710536192
3335471104 2740674560 2710958080
3335208960 2740502528 2710697984
3335467008 2740908032 2711045120
3335471104 2742931456 2712977408
3334946816 2740256768 2710351872
3334946816 2740523008 2710583296
3335213056 2740563968 2710621184
3335204864 2740404224 2710663168
3335208960 2740523008 2710735872
3334946816 2740449280 2710549504
3335479296 2740871168 2710883328
3335221248 2740617216 2710656000
3335213056 2740879360 2710825984
3334950912 2740486144 2710486016
3335213056 2740740096 2710812672
3335737344 2739040256 2710951936
3334950912 2738388992 2710272000
3334950912 2738405376 2710261760
3334950912 2738393088 2710202368
3334955008 2738286592 2710157312
3352276992 2753576960 2725330944
3334955008 2738290688 2710132736
3335479296 2741014528 2712828928
