3329974272 2733023232 2705358848
3330228224 2733215744 2705466368
3330228224 2733371392 2705602560
3330228224 2733514752 2705668096
3330228224 2733522944 2705625088
3330486272 2733662208 2705872896
3330228224 2733191168 2705455104
3329966080 2733195264 2705465344
3330224128 2734161920 2705524736
3330228224 2733948928 2705479680
3330228224 2734190592 2705655808
3330224128 2734354432 2705740800
3330228224 2736459776 2707679232
3329966080 2734206976 2705478656
3330228224 2734252032 2705742848
3330232320 2734444544 2705692672
3330224128 2734104576 2705511424
3330228224 2734190592 2705632256
3330228224 2734444544 2705704960
3330498560 2734714880 2705865728
3330240512 2734362624 2705575936
3330232320 2734637056 2705716224
3329970176 2734362624 2705517568
3330232320 2734358528 2705554432
3330494464 2732548096 2705568768
3330232320 2732675072 2705331200
3329970176 2732527616 2705152000
3330232320 2732957696 2705416192
3330236416 2732818432 2705344512
3330240512 2733006848 2705487872
3330236416 2732797952 2705298432
3330236416 2734858240 2707514368
