3432308736 2836656128 2807383040
3423047680 2827710464 2798383104
3421876224 2826813440 2797162496
3425452032 2830409728 2800816128
3423936512 2828845056 2799183872
3432361984 2837229568 2807530496
3430772736 2836197376 2806163456
3420749824 2826141696 2796061696
3424870400 2831634432 2800401408
3449733120 2856218624 2825169920
3429814272 2836926464 2805382144
3437506560 2844274688 2812884992
3442155520 2851639296 2820236288
3427852288 2834919424 2803419136
3431763968 2839040000 2807238656
3429367808 2836652032 2804862976
3425189888 2832293888 2800685056
3421671424 2829045760 2797274112
3422814208 2830258176 2798354432
3422601216 2830028800 2798223360
3453812736 2863845376 2832037888
3450884096 2859130880 2827189248
3434221568 2841694208 2809738240
3436560384 2844258304 2812215296
3424542720 2829144064 2799666176
3433799680 2841157632 2811640832
3440291840 2847969280 2818322432
3421356032 2826567680 2796741632
3423354880 2831241216 2801371136
3440578560 2843684864 2813772800
3433725952 2839007232 2808981504
3437432832 2844835840 2814687232
