3366445056 2770853888 2741590016
3365617664 2770124800 2740799488
3366141952 2770931712 2741285888
3366281216 2771177472 2741593088
3365629952 2770472960 2740816896
3367731200 2772742144 2743051264
3367256064 2772668416 2742645760
3364569088 2769940480 2739866624
3365687296 2772451328 2741221376
3375853568 2782449664 2751420416
3367890944 2774990848 2743455744
3370434560 2777346048 2745979904
3381399552 2791022592 2759651328
3365629952 2772467712 2740998144
3366256640 2773524480 2741732352
3367583744 2774765568 2742994944
3366359040 2773565440 2741978112
3365879808 2773254144 2741511168
3365355520 2772742144 2740876288
3366162432 2773389312 2741621760
3366596608 2773909504 2742138880
3365621760 2773221376 2741314560
3369549824 2776997888 2745053184
3371102208 2778636288 2746614784
3366928384 2771611648 2742163456
3365359616 2770120704 2740641792
3368566784 2773368832 2743750656
3365470208 2770661376 2740861952
3365101568 2770137088 2740353024
3390054400 2793304064 2763419648
3367645184 2772946944 2742946816
3369603072 2777235456 2747099136
