3332333568 2735886336 2707758080
3332587520 2736140288 2707994624
3332587520 2736234496 2708058112
3332849664 2736529408 2708133888
3332587520 2736422912 2707998720
3333107712 2736869376 2708406272
3332587520 2736173056 2707830784
3332587520 2736037888 2707850240
3332583424 2737340416 2708093952
3332849664 2737307648 2708194304
3332849664 2737455104 2708203520
3332845568 2737905664 2708415488
3332849664 2739920896 2710320128
3332325376 2737537024 2707922944
3332849664 2737803264 2708268032
3332591616 2737672192 2708157440
3332583424 2737364992 2708061184
3332587520 2737397760 2708160512
3332849664 2737745920 2708267008
3332857856 2737963008 2708414464
3332599808 2737696768 2708112384
3332853760 2738135040 2708348928
3332591616 2737582080 2707965952
3332853760 2737602560 2708172800
3333115904 2736033792 2708358144
3332591616 2735665152 2707836928
3332591616 2735554560 2707757056
3332591616 2735878144 2707902464
3332595712 2735747072 2707829760
3332861952 2736136192 2708087808
3332595712 2735734784 2707773440
3333120000 2738065408 2710257664
