3347484672 2751623168 2722699264
3347529728 2751819776 2722770944
3347791872 2752094208 2722974720
3347963904 2752217088 2723119104
3347542016 2751971328 2722757632
3348221952 2752823296 2723575808
3347881984 2752606208 2723206144
3347005440 2751807488 2722313216
3347599360 2753925120 2723198976
3350355968 2756485120 2725890048
3348180992 2754658304 2723827712
3349110784 2755321856 2724584448
3359215616 2767331328 2736688128
3347542016 2753921024 2723072000
3347628032 2753990656 2723098624
3347730432 2754326528 2723261440
3348008960 2754588672 2723615744
3348054016 2754654208 2723506176
3347529728 2754060288 2723086336
3347812352 2754371584 2723367936
3347816448 2754183168 2723302400
3347795968 2754486272 2723344384
3348332544 2754666496 2723762176
3349172224 2755600384 2724674560
3348578304 2752602112 2723757056
3347795968 2751926272 2722914304
3348271104 2752339968 2723517440
3347644416 2751913984 2722866176
3347275776 2751684608 2722639872
3371921408 2774331392 2745231360
3347648512 2751864832 2722853888
3349159936 2755686400 2726379520
