3367247872 2774016000 2744665088
3368701952 2773155840 2743851008
3365351424 2770288640 2740562944
3364827136 2769682432 2740089856
3370201088 2774953984 2745375744
3365683200 2770657280 2741061632
3368427520 2773643264 2743740416
3368095744 2773303296 2743379968
3365888000 2772717568 2741455872
3374821376 2781630464 2750554112
3366141952 2773114880 2741561344
3366535168 2773377024 2741965824
3364827136 2771931136 2740301824
3374043136 2780950528 2749583360
3365613568 2773082112 2741224448
3369750528 2776817664 2745167872
3380871168 2790584320 2759045120
3366707200 2773876736 2742213632
3365355520 2774958080 2743051264
3366768640 2774233088 2742454272
3365879808 2773082112 2741404672
3372310528 2779615232 2747949056
3365367808 2773217280 2740886528
3369603072 2777378816 2745221120
3365621760 2770432000 2740880384
3370409984 2776846336 2747492352
3365621760 2770620416 2740798464
3366432768 2771210240 2741603328
3365638144 2770509824 2740912128
3365650432 2772701184 2742952960
3365621760 2771075072 2740908032
3364855808 2770530304 2740316160
