3386724352 2793304064 2763949056
3388452864 2792947712 2763635712
3375181824 2780147712 2750422016
3374358528 2779185152 2749587456
3388903424 2793725952 2764138496
3385683968 2790473728 2760873984
3387932672 2793230336 2763318272
3387629568 2793013248 2763084800
3375906816 2782707712 2751444992
3407101952 2816172032 2785087488
3376037888 2783141888 2751588352
3384188928 2791092224 2759680000
3374219264 2781351936 2749725696
3394646016 2801463296 2770096128
3387084800 2794418176 2762547200
3389878272 2796945408 2765285376
3392286720 2801991680 2770427904
3376590848 2783961088 2752287744
3375017984 2784706560 2752794624
3377053696 2784546816 2752762880
3377602560 2784796672 2753111040
3393626112 2800824320 2769153024
3375132672 2783170560 2750825472
3389755392 2797395968 2765222912
3375583232 2780495872 2750951424
3390717952 2797064192 2767705088
3375345664 2780557312 2750722048
3376414720 2781384704 2751767552
3375718400 2780610560 2750989312
3375730688 2782818304 2753076224
3375063040 2780778496 2750627840
3374731264 2780499968 2750285824
