3420020736 2829434880 2800075776
3412844544 2817306624 2787990528
3400941568 2806005760 2776254464
3397947392 2802831360 2773222400
3419381760 2824237056 2794661888
3400675328 2805432320 2775832576
3417440256 2825396224 2795493376
3427508224 2835468288 2805566464
3400544256 2807234560 2775958528
3441819648 2851053568 2819961856
3402973184 2809901056 2778330112
3405615104 2812469248 2781049856
3402493952 2809679872 2778045440
3421650944 2828500992 2797161472
3400491008 2808004608 2776124416
3411636224 2818732032 2787072000
3410657280 2820407296 2788839424
3418005504 2827923456 2796233728
3401371648 2810920960 2778984448
3402211328 2809638912 2777895936
3403145216 2810245120 2778559488
3428958208 2838810624 2807165952
3404484608 2812579840 2780235776
3413041152 2820718592 2788545536
3400413184 2805178368 2775631872
3414999040 2821443584 2792093696
3399872512 2804908032 2775086080
3401265152 2806128640 2776517632
3403452416 2808410112 2778792960
3400101888 2807226368 2777468928
3399385088 2804928512 2774746112
3411607552 2819895296 2789653504
