3388211200 2794938368 2765577216
3390443520 2794819584 2765501440
3382501376 2787467264 2757733376
3381534720 2786402304 2756793344
3391111168 2795876352 2766288896
3394703360 2799636480 2770028544
3389665280 2794831872 2764912640
3396579328 2801823744 2771893248
3383267328 2790113280 2758848512
3415683072 2824740864 2793652224
3383484416 2790596608 2759035904
3385888768 2792669184 2761249792
3383373824 2790510592 2758880256
3397873664 2804621312 2773249024
3392573440 2800041984 2768149504
3391836160 2799087616 2767411200
3393826816 2803449856 2771876864
3395936256 2805747712 2774066176
3382546432 2792005632 2760083456
3384803328 2792136704 2760348672
3387305984 2794598400 2762912768
3396464640 2803564544 2771883008
3382476800 2790486016 2758137856
3391565824 2799419392 2767234048
3383275520 2787962880 2758406144
3392917504 2799202304 2769840128
3386830848 2792017920 2762176512
3384061952 2788827136 2759191552
3383853056 2788757504 2759136256
3383685120 2790739968 2760974336
3389464576 2794971136 2764788736
3382362112 2787860480 2757614592
