3350192128 2756714496 2727500800
3350585344 2755112960 2725924864
3349360640 2754228224 2724765696
3349360640 2753966080 2724627456
3351359488 2755960832 2726666240
3349643264 2754342912 2725025792
3350917120 2755682304 2726176768
3350536192 2755493888 2725929984
3349897216 2756440064 2725374976
3353829376 2760318976 2729388032
3349889024 2756587520 2725386240
3349803008 2756333568 2725231616
3349098496 2756067328 2724754432
3353083904 2759618560 2728560640
3349499904 2756579328 2725106688
3351044096 2757652480 2726450176
3363573760 2773032960 2741799936
3350454272 2757423104 2726051840
3349626880 2758725632 2727262208
3350515712 2757365760 2726030336
3349889024 2756579328 2725379072
3352367104 2759147520 2727914496
3349377024 2756804608 2724976640
3351449600 2758537216 2727057408
3349630976 2754019328 2724759552
3351785472 2756009984 2726936576
3349893120 2754453504 2725055488
3350179840 2754539520 2725303296
3349647360 2754076672 2724897792
3349397504 2756182016 2726822912
3349630976 2754654208 2725002240
3349127168 2754228224 2724502528
