3342864384 2748841984 2720091136
3342909440 2746937344 2718102528
3342544896 2746937344 2717933568
3342282752 2746597376 2717703168
3343405056 2747486208 2718642176
3342815232 2747015168 2718123008
3343122432 2747408384 2718467072
3343077376 2747408384 2718371840
3343081472 2748678144 2718531584
3344433152 2750255104 2719989760
3342811136 2748846080 2718370816
3342311424 2748198912 2717821952
3342282752 2748243968 2717854720
3343810560 2749636608 2719368192
3342548992 2748493824 2718053376
3343101952 2748985344 2718641152
3356332032 2764861440 2734431232
3343376384 2749534208 2719030272
3342811136 2750803968 2720340992
3343400960 2749382656 2718989312
3342811136 2748796928 2718433280
3343171584 2749202432 2718814208
3342299136 2748370944 2717862912
3343486976 2749538304 2719063040
3342815232 2746408960 2717964288
3343749120 2747289600 2718848000
3342815232 2746568704 2718059520
3343101952 2746961920 2718403584
3342831616 2746363904 2717906944
3342569472 2748379136 2719863808
3343077376 2746929152 2718267392
3342311424 2746195968 2717484032
