3377192960 2783928320 2754573312
3378987008 2783363072 2754057216
3369017344 2773913600 2744187904
3368292352 2773086208 2743492608
3376648192 2781597696 2752010240
3369418752 2774372352 2744772608
3378626560 2783797248 2753885184
3378294784 2783494144 2753569792
3369500672 2776334336 2745071616
3384029184 2790572032 2759494656
3372400640 2779340800 2747787264
3372974080 2779820032 2748407808
3368194048 2775228416 2743598080
3382190080 2789117952 2757750784
3375247360 2782703616 2750840832
3379990528 2787082240 2755425280
3382865920 2792665088 2761114624
3370422272 2777575424 2745912320
3368902656 2778529792 2746618880
3370844160 2778083328 2746299392
3370455040 2777595904 2745914368
3383242752 2790572032 2758902784
3368767488 2776821760 2744487936
3379986432 2787708928 2755548160
3369435136 2774188032 2744633344
3380822016 2787266560 2757911552
3369242624 2774265856 2744435712
3370160128 2774925312 2745315328
3369324544 2774212608 2744605696
3369324544 2776436736 2746685440
3368964096 2774585344 2744415232
3371114496 2776702976 2746485760
