3346755584 2753044480 2724117504
3347005440 2751242240 2722286592
3346477056 2750910464 2721714176
3346214912 2750664704 2721591296
3347574784 2751893504 2722915328
3346759680 2751008768 2721933312
3347394560 2751578112 2722633728
3347279872 2751754240 2722511872
3346751488 2752827392 2722323456
3349544960 2755555328 2725017600
3346743296 2753179648 2722274304
3346403328 2752499712 2721803264
3346214912 2752434176 2721648640
3348389888 2754707456 2724032512
3346280448 2752860160 2721960960
3347361792 2753564672 2722850816
3360231424 2769289216 2738483200
3347308544 2753810432 2722929664
3346743296 2755125248 2724221952
3347369984 2753626112 2722819072
3346743296 2752978944 2722295808
3348156416 2754269184 2723597312
3346231296 2752942080 2721786880
3347845120 2754375680 2723426304
3346485248 2750558208 2721736704
3348107264 2751819776 2723194880
3346747392 2750836736 2721901568
3347034112 2751025152 2722197504
3346501632 2750345216 2721704960
3346513920 2752614400 2723700736
3346747392 2751107072 2721970176
3346243584 2750599168 2721410048
