3445321728 2854649856 2825257984
3435782144 2840383488 2811043840
3424210944 2829357056 2799606784
3421396992 2826399744 2796790784
3443068928 2847797248 2818206720
3422601216 2827460608 2797852672
3449999360 2857861120 2827941888
3450806272 2858676224 2828736512
3425800192 2832609280 2801321984
3467456512 2876649472 2845544448
3424468992 2831511552 2799940608
3435319296 2842259456 2810831872
3423105024 2830376960 2798742528
3455008768 2861760512 2830380032
3439579136 2849587200 2817694720
3443273728 2853175296 2821485568
3447103488 2856763392 2825153536
3439767552 2849533952 2817840128
3424636928 2834268160 2802331648
3428679680 2838626304 2806838272
3423756288 2830995456 2799309824
3454140416 2863898624 2832217088
3428012032 2835988480 2803625984
3436261376 2844147712 2811948032
3433787392 2841317376 2811751424
3438379008 2844766208 2815395840
3421609984 2826731520 2796889088
3430985728 2838650880 2809012224
3426983936 2831790080 2802168832
3421810688 2828996608 2799223808
3421089792 2826743808 2796547072
3435864064 2844164096 2813903872
