3394400256 2800992256 2771616768
3397738496 2802208768 2772876288
3391897600 2796969984 2767221760
3388923904 2793832448 2764223488
3404025856 2808885248 2779297792
3395227648 2800001024 2770393088
3399892992 2805170176 2775250944
3407986688 2813317120 2783386624
3391176704 2797867008 2766587904
3420291072 2829504512 2798401536
3391504384 2798440448 2766870528
3394617344 2801471488 2770048000
3394260992 2801463296 2769828864
3408465920 2815328256 2783951872
3399073792 2806599680 2774707200
3398656000 2805731328 2774054912
3397783552 2807500800 2775913472
3406905344 2816831488 2785138688
3390078976 2799640576 2767704064
3392610304 2800058368 2768270336
3398455296 2805583872 2773898240
3405414400 2812608512 2780926976
3391823872 2799927296 2767579136
3398594560 2806292480 2774107136
3390992384 2795749376 2766191616
3399680000 2806145024 2776778752
3390529536 2795577344 2765735936
3392626688 2797486080 2767850496
3390795776 2795786240 2766164992
3390758912 2797875200 2768109568
3391070208 2796658688 2766476288
3400593408 2808807424 2778561536
