3342053376 2748043264 2719324160
3342086144 2746114048 2717299712
3341758464 2746118144 2717146112
3341496320 2745778176 2716900352
3342594048 2746695680 2717871104
3342028800 2746265600 2717386752
3342311424 2746634240 2717708288
3342278656 2746654720 2717646848
3342295040 2747895808 2717771776
3343515648 2749255680 2719025152
3342024704 2748080128 2717639680
3341512704 2747351040 2717025280
3341496320 2747408384 2717086720
3342950400 2748755968 2718533632
3341762560 2747613184 2717238272
3342290944 2748145664 2717838336
3355521024 2764001280 2733634560
3342839808 2748702720 2718277632
3342024704 2750033920 2719605760
3342602240 2748534784 2718186496
3342286848 2748043264 2717719552
3342336000 2748334080 2717993984
3341512704 2747584512 2717118464
3342651392 2748686336 2718248960
3342028800 2745593856 2717195264
3342913536 2746449920 2718030848
3342028800 2745757696 2717298688
3342315520 2746163200 2717627392
3341783040 2745548800 2717108224
3341770752 2747588608 2719112192
3342290944 2746146816 2717569024
3341512704 2745339904 2716701696
