3363835904 2770530304 2741179392
3365154816 2769571840 2740268032
3362205696 2767097856 2737384448
3361681408 2766487552 2736905216
3366268928 2771099648 2741522432
3362537472 2767450112 2737861632
3365003264 2770157568 2740264960
3364683776 2769833984 2739917824
3362742272 2769543168 2738282496
3370631168 2777255936 2746189824
3362734080 2769842176 2738312192
3362942976 2769932288 2738531328
3361681408 2768752640 2737123328
3369541632 2776559616 2745195520
3362418688 2769788928 2737931264
3365810176 2772910080 2741269504
3377352704 2787110912 2755581952
3363561472 2770632704 2738980864
3362209792 2771750912 2739852288
3363622912 2770993152 2739225600
3362734080 2769866752 2738203648
3368337408 2775490560 2743828480
3361959936 2769989632 2737677312
3366019072 2773688320 2741536768
3362476032 2767155200 2737609728
3366756352 2773069824 2743725056
3362476032 2767503360 2737711104
3363287040 2768052224 2738459648
3362492416 2767237120 2737696768
3362504704 2769469440 2739727360
3362476032 2768011264 2737850368
3361710080 2767409152 2737200128
