3441487872 2850836480 2821460992
3434479616 2838876160 2809543680
3423948800 2828914688 2799163392
3421134848 2825981952 2796372992
3441147904 2845917184 2816329728
3422076928 2826993664 2797385728
3438993408 2846887936 2816968704
3449180160 2857078784 2827148288
3422883840 2829492224 2798212096
3464241152 2873405440 2842297344
3423944704 2831065088 2799494144
3426902016 2833928192 2802500608
3422842880 2829934592 2798300160
3444154368 2850951168 2819570688
3422052352 2832138240 2800245760
3433226240 2840498176 2808821760
3433865216 2843549696 2811961344
3439243264 2849038336 2817344512
3424374784 2833817600 2801881088
3425492992 2832850944 2801062912
3423232000 2830516224 2798830592
3451191296 2860982272 2829300736
3427487744 2835501056 2803152896
3434569728 2842423296 2810237952
3422777344 2830098432 2800539648
3436740608 2843140096 2813765632
3421085696 2826301440 2796459008
3422756864 2827530240 2797894656
3426459648 2831323136 2801701888
3421548544 2828578816 2798809088
3420827648 2826272768 2796090368
3432583168 2841042944 2810797056
