3378700288 2785456128 2756101120
3381522432 2785959936 2756647936
3371814912 2776899584 2747214848
3371319296 2776031232 2746454016
3378634752 2783363072 2753775616
3377815552 2782769152 2753185792
3381088256 2786308096 2756396032
3379884032 2785107968 2755204096
3372826624 2779447296 2748184576
3393314816 2802548736 2771471360
3373711360 2780651520 2749097984
3374452736 2781302784 2749890560
3371204608 2778251264 2746620928
3384696832 2791419904 2760052736
3379212288 2786729984 2754860032
3381760000 2788990976 2757334016
3384606720 2794209280 2762677248
3373477888 2780708864 2749035520
3371958272 2781528064 2749657088
3373932544 2781216768 2749432832
3377078272 2784231424 2752549888
3386454016 2793545728 2761874432
3371806720 2779860992 2747552768
3382558720 2790367232 2758218752
3372490752 2777190400 2747686912
3382841344 2789076992 2759738368
3372281856 2777210880 2747502592
3373236224 2778009600 2748400640
3372388352 2777337856 2747732992
3372388352 2779537408 2749786112
3372019712 2777575424 2747445248
3372425216 2778001408 2747799552
