3378102272 2784858112 2755503104
3380875264 2785234944 2756004864
3371085824 2775977984 2746252288
3370348544 2775105536 2745511936
3377938432 2782654464 2753067008
3375517696 2780471296 2750871552
3379580928 2784784384 2754872320
3379261440 2784509952 2754581504
3371843584 2778451968 2747189248
3392450560 2801627136 2770549760
3373187072 2780147712 2748594176
3373858816 2780733440 2749321216
3370229760 2777292800 2745662464
3383545856 2790514688 2759147520
3376918528 2784440320 2752570368
3381055488 2788233216 2756576256
3384020992 2793615360 2762063872
3372490752 2779713536 2748045312
3370975232 2780590080 2748678144
3372933120 2780213248 2748429312
3376553984 2783727616 2752041984
3385626624 2792714240 2761043968
3370823680 2778914816 2746572800
3380994048 2788810752 2756638720
3371487232 2776268800 2746713088
3382136832 2788368384 2759009280
3371307008 2776350720 2746519552
3372244992 2777042944 2747425792
3371397120 2776354816 2746737664
3371401216 2778472448 2748786688
3371036672 2776662016 2746491904
3371900928 2777489408 2747268096
