3441655808 2851057664 2821682176
3434819584 2839232512 2809936896
3423948800 2828980224 2799228928
3421134848 2826031104 2796422144
3441586176 2846408704 2816821248
3422076928 2827055104 2797447168
3439222784 2847174656 2817259520
3449532416 2857484288 2827553792
3422883840 2829549568 2798273536
3465113600 2874351616 2843247616
3423944704 2831126528 2799555584
3427409920 2834231296 2802803712
3422842880 2829987840 2798353408
3445137408 2852003840 2820623360
3431878656 2842021888 2810129408
3433926656 2843631616 2811955200
3433951232 2843684864 2812112896
3439243264 2849103872 2817410048
3424374784 2833870848 2801934336
3425492992 2835554304 2803766272
3423494144 2830581760 2798896128
3451932672 2861793280 2830111744
3427487744 2835574784 2803226624
3435220992 2842894336 2810708992
3422777344 2830131200 2800572416
3437092864 2843553792 2814191616
3421085696 2826342400 2796499968
3422756864 2827595776 2797972480
3426459648 2831396864 2801775616
3421548544 2828615680 2798845952
3420827648 2826321920 2796143616
3432845312 2841092096 2810846208
