3391176704 2797703168 2768374784
3393445888 2798149632 2768784384
3387932672 2792681472 2763035648
3405987840 2813546496 2783941632
3399106560 2806018048 2776317952
3388784640 2793615360 2763985920
3393212416 2800590848 2770638848
3393257472 2800345088 2770324480
3391893504 2798587904 2767385600
3396136960 2802864128 2771561472
3393486848 2800607232 2769038336
3388948480 2795675648 2764297216
3389861888 2798747648 2767355904
3386843136 2793758720 2762310656
3389603840 2798903296 2767095808
3384725504 2794430464 2762437632
3387817984 2794823680 2763244544
3389321216 2796478464 2764891136
3392622592 2800041984 2768100352
3393060864 2800283648 2768613376
3409702912 2819493888 2787810304
3393388544 2800730112 2769014784
3401162752 2811592704 2779493376
3396366336 2804105216 2771940352
3404083200 2808655872 2779254784
3393175552 2797780992 2768351232
3387154432 2792202240 2762400768
3394605056 2799747072 2769888256
3392557056 2797637632 2767860736
3391393792 2796380160 2766607360
3387195392 2792710144 2762504192
3388747776 2794221568 2764210176
