1213644800 300871680 281165824
1214697472 298745856 279031808
1214611456 298745856 279025664
1214611456 298774528 279052288
1215668224 298754048 279021568
1215676416 298778624 279048192
1214607360 298745856 279019520
1214607360 298770432 279046144
1216733184 298799104 279052288
1216733184 298782720 279042048
1215655936 298778624 279042048
1215664128 298745856 279011328
1215664128 298754048 279015424
1215655936 298758144 279017472
1214586880 298774528 279042048
1214586880 300863488 281131008
1217855488 298790912 279044096
1217855488 298754048 279009280
1216786432 298749952 279015424
1216786432 298754048 279015424
1216786432 298770432 279035904
1216786432 298786816 279044096
1215721472 298774528 279042048
1215643648 298782720 279046144
1216786432 298749952 279015424
1216786432 298766336 279025664
1215717376 298786816 279054336
1215643648 298786816 279052288
1215721472 298778624 279056384
1215643648 298762240 279033856
1214574592 298758144 279040000
1213579264 298762240 279064576
