3360940032 2767605760 2738746368
3359870976 2764533760 2735519744
3360198656 2764910592 2735638528
3360911360 2765549568 2736419840
3359621120 2766708736 2737425408
3360112640 2764918784 2735678464
3361726464 2766921728 2737477632
3362009088 2767273984 2737682432
3361488896 2768052224 2737234944
3359850496 2766610432 2735774720
3358937088 2765955072 2734784512
3360374784 2767204352 2736200704
3360854016 2769842176 2738857984
3359326208 2766188544 2735133696
3360559104 2768003072 2736592896
3358539776 2767962112 2736408576
3359854592 2766966784 2735810560
3360165888 2767237120 2736035840
3359068160 2766606336 2735044608
3362541568 2769604608 2738403328
3362521088 2769760256 2738541568
3362066432 2769432576 2738151424
3359412224 2767208448 2735509504
3359326208 2767003648 2735271936
3364708352 2769264640 2740324352
3361746944 2766467072 2737433600
3359064064 2763964416 2734613504
3359068160 2764185600 2734790656
3359870976 2764677120 2735425536
3360886784 2765774848 2736488448
3359858688 2765381632 2735541248
3360526336 2765733888 2736099328
