3347107840 2753478656 2724507648
3347488768 2751811584 2722763776
3347603456 2752057344 2722966528
3348180992 2752503808 2723351552
3347300352 2751995904 2722739200
3347259392 2751635456 2722484224
3347517440 2752155648 2722929664
3347656704 2752278528 2722937856
3347427328 2753499136 2722870272
3347529728 2753798144 2723031040
3346878464 2753241088 2722433024
3347791872 2753937408 2723280896
3347992576 2756104192 2725466112
3347005440 2753277952 2722508800
3347288064 2753810432 2722907136
3346743296 2755473408 2724331520
3347533824 2753744896 2722978816
3347451904 2753937408 2723037184
3347009536 2753671168 2722605056
3348557824 2754752512 2723995648
3348041728 2754375680 2723642368
3347640320 2754084864 2723303424
3347062784 2753433600 2722525184
3347267584 2753998848 2722876416
3348979712 2752913408 2724197376
3348336640 2752368640 2723536896
3346743296 2751143936 2722117632
3347009536 2751180800 2722181120
3347275776 2751528960 2722619392
3347632128 2751762432 2722756608
3347537920 2752049152 2722861056
3347533824 2752028672 2722910208
