3364913152 2771628032 2742307840
3363897344 2768359424 2738999296
3363606528 2768531456 2738915328
3364687872 2769485824 2739910656
3363291136 2770411520 2740730880
3363913728 2768756736 2739143680
3366117376 2771288064 2741362688
3366092800 2771476480 2741468160
3365474304 2772111360 2740918272
3363782656 2770427904 2739149824
3362607104 2769612800 2738072576
3364044800 2770841600 2739481600
3364909056 2773688320 2742308864
3362996224 2769948672 2738515968
3364364288 2771779584 2739993600
3361947648 2771615744 2739640320
3363786752 2770739200 2739178496
3363909632 2770993152 2739430400
3362738176 2770145280 2738238464
3366526976 2773815296 2742154240
3366543360 2773839872 2742175744
3366150144 2773610496 2741909504
3363467264 2771099648 2739024896
3362996224 2770722816 2738580480
3369078784 2773811200 2744429568
3365945344 2770497536 2741084160
3362734080 2767675392 2737901568
3362738176 2767867904 2738044928
3363540992 2768498688 2738785280
3364835328 2769932288 2740169728
3363528704 2769002496 2738812928
3364282368 2769510400 2739505152
