3378262016 2784735232 2755477504
3371995136 2776576000 2747291648
3369103360 2774065152 2744612864
3377340416 2782265344 2752749568
3368628224 2775687168 2746182656
3376586752 2781548544 2751981568
3379531776 2784763904 2754925568
3379748864 2784968704 2755054592
3378708480 2785353728 2754235392
3371778048 2778398720 2747228160
3367809024 2774802432 2743419904
3369304064 2776158208 2745011200
3377602560 2786496512 2755170304
3368361984 2775236608 2744005632
3377291264 2786500608 2754832384
3367038976 2776522752 2744796160
3369263104 2776248320 2744832000
3376463872 2783518720 2752028672
3367997440 2775334912 2743630848
3379822592 2786861056 2755290112
3380084736 2787266560 2755700736
3379830784 2787102720 2755485696
3371737088 2779455488 2747478016
3368263680 2775896064 2744032256
3383525376 2788118528 2758837248
3378913280 2783604736 2754284544
3368960000 2774007808 2744281088
3367813120 2772893696 2743300096
3368882176 2773970944 2744383488
3378257920 2783113216 2753467392
3368824832 2774343680 2744293376
3376812032 2782130176 2752221184
