3390476288 2796969984 2767641600
3385290752 2789875712 2760510464
3384041472 2789031936 2759386112
3398852608 2806394880 2776790016
3395301376 2802442240 2772742144
3387318272 2792124416 2762494976
3391537152 2798874624 2768922624
3391545344 2798600192 2768579584
3391127552 2797789184 2766586880
3392598016 2799296512 2767993856
3390828544 2797907968 2766343168
3384221696 2791178240 2759799808
3388289024 2797137920 2765750272
3383222272 2790105088 2758657024
3388067840 2797338624 2765531136
3383357440 2793029632 2761036800
3384209408 2791178240 2759599104
3386941440 2794061824 2762474496
3389079552 2796457984 2764516352
3392016384 2799214592 2767544320
3399794688 2809569280 2777885696
3391651840 2798968832 2767253504
3401117696 2811523072 2779423744
3396366336 2804080640 2771915776
3396587520 2801147904 2771747840
3390521344 2795167744 2765737984
3382714368 2787737600 2757936128
3391062016 2796171264 2766312448
3392557056 2797604864 2767827968
3389747200 2794713088 2764940288
3383644160 2789126144 2758920192
3387187200 2792624128 2762612736
