3438927872 2848206848 2818878464
3432779776 2839916544 2810547200
3425542144 2830462976 2800798720
3449335808 2856845312 2827226112
3424014336 2830991360 2801283072
3443990528 2851577856 2821948416
3436285952 2846167040 2816215040
3435687936 2842906624 2812877824
3436519424 2845990912 2814787584
3423801344 2830585856 2799280128
3423506432 2830696448 2799110144
3428626432 2835537920 2804140032
3427966976 2837024768 2805604352
3426566144 2833588224 2802103296
3430993920 2840399872 2808578048
3419037696 2828804096 2796793856
3423154176 2830303232 2798724096
3430989824 2837970944 2806368256
3423793152 2831282176 2799336448
3436470272 2843582464 2811896832
3443531776 2853535744 2821835776
3450892288 2860949504 2829212672
3447746560 2860331008 2828210176
3423166464 2830946304 2798774272
3444047872 2848563200 2819158016
3431919616 2836656128 2807218176
3420975104 2826059776 2796254208
3430535168 2838401024 2808519680
3423440896 2828455936 2798646272
3431174144 2836299776 2806494208
3437867008 2848219136 2818006016
3426963456 2832297984 2802269184
