3368411136 2775166976 2745843712
3367092224 2771599360 2742237184
3366752256 2771660800 2742032384
3367944192 2772807680 2743218176
3366436864 2773471232 2743786496
3366957056 2772004864 2742380544
3369832448 2775072768 2745142272
3369783296 2775240704 2745223168
3369046016 2775674880 2744478720
3366928384 2773553152 2742270976
3365752832 2772664320 2741116928
3367190528 2774007808 2742639616
3368210432 2777051136 2745667584
3366141952 2773049344 2741605376
3367653376 2777157632 2745360384
3365093376 2774626304 2742645760
3366670336 2773876736 2742300672
3367153664 2774200320 2742628352
3365883904 2773209088 2741286912
3370000384 2777288704 2745623552
3370364928 2777518080 2745845760
3369816064 2777329664 2745615360
3366793216 2774499328 2742415360
3366141952 2773823488 2741667840
3373338624 2777886720 2748498944
3369418752 2774085632 2744663040
3365879808 2770870272 2741090304
3365883904 2770948096 2741108736
3366686720 2771664896 2741919744
3368370176 2773512192 2743743488
3366674432 2772094976 2741897216
3367510016 2772742144 2742734848
