3340713984 2746724352 2718065664
3340976128 2745094144 2716344320
3341500416 2745679872 2716860416
3342028800 2746118144 2717231104
3341234176 2745430016 2716583936
3340709888 2744958976 2716125184
3340722176 2744934400 2716083200
3340984320 2745167872 2716256256
3340722176 2746224640 2716156928
3341238272 2747056128 2716849152
3340763136 2746433536 2716231680
3341762560 2747478016 2717205504
3341336576 2749100032 2718906368
3340976128 2746744832 2716459008
3340976128 2746851328 2716537856
3340713984 2748641280 2718240768
3341242368 2746941440 2716772352
3341250560 2747162624 2716833792
3340980224 2746978304 2716574720
3341766656 2747740160 2717403136
3341516800 2747396096 2717138944
3340980224 2746839040 2716557312
3340492800 2746474496 2716122112
3341238272 2747215872 2716787712
3342053376 2745401344 2717157376
3341545472 2745253888 2716818432
3340976128 2744684544 2716191744
3340980224 2744627200 2716147712
3341246464 2744893440 2716454912
3340996608 2744541184 2716054528
3341508608 2745163776 2716650496
3341504512 2745348096 2716741632
