3400638464 2807148544 2777820160
3399430144 2804047872 2774678528
3399217152 2803982336 2774336512
3417575424 2825211904 2795607040
3400253440 2807398400 2777698304
3404017664 2811510784 2781881344
3401170944 2808569856 2778617856
3403919360 2811015168 2780990464
3404939264 2811621376 2780418048
3398434816 2805178368 2773872640
3394011136 2801090560 2769521664
3400310784 2807087104 2775708672
3397066752 2805948416 2774556672
3398246400 2805137408 2773689344
3400503296 2809802752 2777995264
3391344640 2801025024 2769032192
3394785280 2801823744 2770244608
3400122368 2807267328 2775680000
3393146880 2800574464 2768629760
3405135872 2812375040 2780704768
3410939904 2820837376 2789153792
3412881408 2822901760 2791186432
3413037056 2823426048 2791326720
3396890624 2804609024 2772444160
3410575360 2815217664 2785816576
3400048640 2804690944 2775260160
3393032192 2798067712 2768262144
3399557120 2804658176 2774799360
3395248128 2800377856 2770585600
3399151616 2804166656 2774390784
3411271680 2819461120 2789255168
3395985408 2801463296 2771448832
