3361775616 2768252928 2738988032
3360677888 2765004800 2735777792
3360722944 2765471744 2735872000
3361447936 2766168064 2736645120
3360407552 2767327232 2737658880
3360649216 2765492224 2735899648
3362320384 2767638528 2737723392
3362582528 2767921152 2737928192
3362050048 2768486400 2737483776
3360636928 2767286272 2736009216
3359461376 2766544896 2735009792
3360899072 2767732736 2736442368
3361652736 2770452480 2739083264
3359850496 2766794752 2735371264
3361370112 2768633856 2736855040
3359064064 2768470016 2736609280
3360641024 2767618048 2736057344
3360702464 2767818752 2736265216
3359854592 2767159296 2735266816
3363102720 2770210816 2738661376
3363094528 2770366464 2738775040
3362652160 2770087936 2738401280
3360210944 2767781888 2735726592
3359850496 2767601664 2735501312
3365351424 2769981440 2740606976
3362570240 2767077376 2737671168
3359588352 2764591104 2734839808
3359592448 2764754944 2735008768
3360395264 2765348864 2735660032
3361447936 2766499840 2736750592
3360382976 2765959168 2735783936
3361062912 2766323712 2736328704
