3400110080 2806689792 2777361408
3395588096 2800254976 2770889728
3397181440 2801987584 2772341760
3409362944 2816761856 2787156992
3400253440 2807209984 2777509888
3403644928 2811179008 2781549568
3398934528 2806374400 2776422400
3399839744 2806972416 2776947712
3400904704 2807664640 2776462336
3398172672 2804973568 2773670912
3393748992 2800914432 2769345536
3396505600 2803310592 2771932160
3395047424 2803990528 2772598784
3394445312 2801414144 2769966080
3396608000 2805972992 2774165504
3389513728 2799263744 2767270912
3392823296 2799906816 2768327680
3396517888 2803462144 2771874816
3392884736 2800357376 2768412672
3401170944 2808471552 2776801280
3410472960 2820386816 2788703232
3399688192 2807099392 2775384064
3407151104 2817622016 2785522688
3396628480 2804420608 2772255744
3406274560 2810966016 2781564928
3398250496 2802929664 2773498880
3391139840 2796249088 2766443520
3399294976 2804457472 2774598656
3392819200 2797981696 2768193536
3396947968 2802012160 2772236288
3403014144 2811240448 2781034496
3394220032 2799497216 2769482752
