3350417408 2754887680 2725700608
3351093248 2755465216 2726223872
3350257664 2755031040 2725526528
3352809472 2759651328 2730233856
3367469056 2770456576 2740942848
3350978560 2755444736 2726116352
3350712320 2755837952 2726117376
3350941696 2755796992 2726181888
3350937600 2757517312 2726458368
3350634496 2757087232 2726125568
3350687744 2757529600 2726102016
3350675456 2759696384 2728348672
3350933504 2757873664 2726482944
3350675456 2757447680 2726282240
3351146496 2758045696 2726542336
3351465984 2758832128 2727126016
3350413312 2757357568 2725957632
3350413312 2757451776 2726013952
3351240704 2758131712 2726712320
3350675456 2757537792 2726079488
3352477696 2759110656 2727870464
3351134208 2758295552 2726719488
3351216128 2758557696 2726765568
3351203840 2758787072 2726874112
3350155264 2754846720 2725485568
3351126016 2755620864 2726402048
3351228416 2755854336 2726443008
3351658496 2756243456 2726878208
3354165248 2758946816 2729554944
3350421504 2755522560 2725832704
3350417408 2755321856 2725592064
3351461888 2758623232 2728843264
