3345436672 2749599744 2720785408
3346038784 2750226432 2721283072
3345514496 2749784064 2720717824
3346640896 2753114112 2724012032
3362488320 2765180928 2736083968
3345985536 2750410752 2721354752
3345993728 2750455808 2721328128
3345960960 2750590976 2721255424
3345956864 2752114688 2721597440
3345756160 2751594496 2721126400
3345707008 2751975424 2721255424
3345956864 2754285568 2723512320
3345952768 2752356352 2721534976
3345956864 2752053248 2721470464
3346055168 2752335872 2721591296
3346747392 2753105920 2722205696
3345694720 2751766528 2721092608
3345694720 2751930368 2721165312
3345760256 2751881216 2721221632
3345694720 2752081920 2721303552
3346382848 2752180224 2721714176
3346018304 2752339968 2721613824
3346235392 2752708608 2721819648
3346485248 2753171456 2722084864
3345436672 2749194240 2720549888
3346071552 2750042112 2721333248
3346247680 2750099456 2721367040
3346395136 2750169088 2721466368
3347599360 2751594496 2722798592
3345702912 2750115840 2721011712
3345436672 2749636608 2720681984
3346481152 2752954368 2723896320
