3424866304 2829316096 2800031744
3427680256 2832310272 2802990080
3430035456 2835144704 2805416960
3450208256 2857816064 2828176384
3451330560 2857308160 2827549696
3444563968 2852257792 2822662144
3424223232 2829516800 2799476736
3427930112 2833235968 2803195904
3430187008 2836983808 2805754880
3437969408 2844352512 2813263872
3424854016 2831998976 2800342016
3430948864 2840014848 2808476672
3425931264 2833080320 2801431552
3432816640 2842296320 2810917888
3443630080 2853773312 2821955584
3427352576 2834849792 2802822144
3425132544 2832195584 2800613376
3425300480 2832404480 2800773120
3437576192 2847551488 2815781888
3422769152 2830004224 2798213120
3441123328 2848296960 2816655360
3437084672 2844401664 2812531712
3436027904 2846605312 2814397440
3434168320 2844626944 2812337152
3437039616 2841882624 2812282880
3427741696 2832379904 2802979840
3430772736 2835865600 2806144000
3432411136 2837291008 2807593984
3470585856 2878099456 2848393216
3434528768 2839928832 2809974784
3421990912 2827481088 2797338624
3436711936 2846953472 2816773120
