3362476032 2766761984 2737587200
3363151872 2767671296 2738391040
3362578432 2767327232 2737723392
3367223296 2774257664 2744640512
3379527680 2782715904 2753008640
3363471360 2768355328 2738850816
3363033088 2768318464 2738381824
3363262464 2768613376 2738655232
3363258368 2769858560 2738807808
3363680256 2770276352 2739189760
3362746368 2769735680 2738178048
3362996224 2771927040 2740501504
3362992128 2770030592 2738473984
3362996224 2769580032 2738360320
3363733504 2771017728 2739283968
3363786752 2771390464 2739425280
3362471936 2769387520 2737915904
3362471936 2769510400 2737934336
3363880960 2771185664 2739510272
3362734080 2769866752 2738222080
3366522880 2773745664 2742204416
3364073472 2771460096 2739676160
3363274752 2771116032 2739007488
3363524608 2771271680 2739084288
3361951744 2766598144 2737149952
3363446784 2768056320 2738729984
3363287040 2768318464 2738685952
3364995072 2769698816 2740290560
3369672704 2774454272 2744935424
3362480128 2767683584 2737878016
3362213888 2767581184 2737618944
3363782656 2771406848 2741361664
