3338096640 2742165504 2713513984
3338350592 2742456320 2713758720
3338088448 2742185984 2713443328
3338350592 2744672256 2715876352
3355148288 2757496832 2728727552
3338358784 2742562816 2713764864
3338616832 2742718464 2713894912
3338358784 2742730752 2713848832
3338616832 2744213504 2714237952
3338354688 2743848960 2713753600
3338354688 2743934976 2713793536
3338616832 2746167296 2716038144
3338612736 2744295424 2714107904
3338616832 2744274944 2714157056
3338616832 2744233984 2714082304
3338883072 2744713216 2714521600
3338092544 2743721984 2713635840
3338092544 2743754752 2713622528
3338096640 2743881728 2713697280
3338354688 2744074240 2713854976
3338354688 2744053760 2713880576
3338354688 2744082432 2713930752
3338883072 2744709120 2714518528
3339145216 2744844288 2714622976
3338096640 2741383168 2713211904
3338620928 2742206464 2713878528
3338620928 2742206464 2713873408
3338620928 2742112256 2713751552
3338883072 2742579200 2714271744
3338100736 2741772288 2713469952
3338096640 2741587968 2713235456
3339141120 2744799232 2716372992
