3352514560 2757079040 2727832576
3353190400 2757615616 2728336384
3352354816 2757201920 2727591936
3355557888 2762362880 2732816384
3369566208 2772668416 2743010304
3353112576 2757783552 2728324096
3352809472 2758049792 2728169472
3353038848 2758139904 2728264704
3353034752 2759782400 2728607744
3352899584 2759401472 2728351744
3352522752 2759704576 2728162304
3352772608 2761773056 2730357760
3353030656 2760073216 2728567808
3353034752 2759651328 2728384512
3353280512 2760351744 2728732672
3353563136 2761031680 2729220096
3352510464 2759467008 2727973888
3352510464 2759602176 2728069120
3353493504 2760552448 2728950784
3352510464 2759651328 2728079360
3354951680 2761867264 2730431488
3353387008 2760699904 2728997888
3353313280 2760839168 2728825856
3353300992 2761056256 2729007104
3352252416 2756939776 2727480320
3353223168 2757812224 2728494080
3353325568 2758172672 2728609792
3353915392 2758676480 2729190400
3356962816 2761732096 2732252160
3352518656 2757787648 2727985152
3352252416 2757574656 2727648256
3353559040 2760978432 2730990592
