3374886912 2779484160 2750213120
3376181248 2780905472 2751590400
3375316992 2780291072 2750572544
3391361024 2798370816 2768744448
3395170304 2798587904 2768830464
3383640064 2788630528 2759060480
3375931392 2781429760 2751413248
3376201728 2781728768 2751709184
3376410624 2783027200 2751815680
3387850752 2794237952 2763151360
3385856000 2793086976 2761444352
3381129216 2790273024 2758750208
3375710208 2782883840 2751246336
3375882240 2782720000 2751370240
3385475072 2792853504 2761065472
3381391360 2788941824 2756928512
3375308800 2782445568 2750877696
3375030272 2782273536 2750667776
3384995840 2792263680 2760488960
3375366144 2782601216 2750843904
3389214720 2796339200 2764735488
3386273792 2793541632 2761711616
3376381952 2784165888 2751983616
3382706176 2790723584 2758447104
3374215168 2779148288 2749580288
3376701440 2781306880 2751928320
3376480256 2781532160 2751835136
3387592704 2792534016 2762857472
3394899968 2799755264 2770062336
3375218688 2780499968 2750577664
3378520064 2783956992 2753843200
3377074176 2784604160 2754455552
