3365883904 2770440192 2741157888
3366821888 2771349504 2742030336
3365986304 2771030016 2741304320
3371671552 2778775552 2749137920
3382935552 2786283520 2756526080
3367153664 2772066304 2742500352
3366703104 2772029440 2742016000
3366932480 2772324352 2742306816
3366928384 2773614592 2742390784
3367616512 2774183936 2743097344
3366154240 2773348352 2741701632
3366666240 2775719936 2744195072
3366662144 2773676032 2742045696
3366404096 2773340160 2741987328
3367477248 2774773760 2742982656
3367456768 2775089152 2743088128
3365879808 2773094400 2741515264
3365879808 2773037056 2741423104
3367829504 2775212032 2743450624
3366141952 2773540864 2741773312
3370881024 2778124288 2746510336
3367911424 2775306240 2743481344
3366944768 2774786048 2742608896
3366932480 2774921216 2742648832
3365359616 2770272256 2740687872
3367116800 2771787776 2742393856
3366957056 2771976192 2742275072
3369025536 2773909504 2744253440
3374497792 2779557888 2749870080
3365888000 2771300352 2741372928
3365883904 2771238912 2741121024
3367452672 2775060480 2744891392
