3335999488 2739748864 2711245824
3336253440 2740125696 2711487488
3335991296 2739896320 2711244800
3335991296 2742267904 2713537536
3352788992 2755092480 2726414336
3335999488 2740109312 2711388160
3336257536 2740277248 2711520256
3336261632 2740318208 2711586816
3336519680 2741817344 2711958528
3335995392 2741456896 2711526400
3335995392 2741616640 2711578624
3336257536 2743750656 2713784320
3336515584 2741968896 2711933952
3336257536 2741866496 2711854080
3336257536 2741829632 2711814144
3336523776 2742210560 2712194048
3335733248 2741248000 2711347200
3335995392 2741334016 2711376896
3335999488 2741428224 2711434240
3336257536 2741821440 2711705600
3336257536 2741747712 2711663616
3336257536 2741686272 2711641088
3336523776 2742185984 2712145920
3336785920 2742284288 2712216576
3335737344 2739056640 2710989824
3336261632 2739785728 2711546880
3336523776 2739818496 2711592960
3336261632 2739642368 2711393280
3336523776 2740150272 2711924736
3336003584 2739437568 2711232512
3335737344 2739195904 2710987776
3336781824 2742280192 2714016768
