3376558080 2781044736 2751761408
3378814976 2783338496 2754031616
3376775168 2781847552 2752137216
3391877120 2798780416 2769148928
3395432448 2798714880 2768985088
3383914496 2788745216 2759261184
3377651712 2782994432 2752973824
3377946624 2783281152 2753261568
3377868800 2784583680 2753368064
3387949056 2794459136 2763413504
3387891712 2794995712 2763369472
3383160832 2792177664 2760657920
3378249728 2785304576 2753664000
3377332224 2784284672 2752933888
3385774080 2793025536 2761271296
3381653504 2789101568 2757092352
3377033216 2783981568 2752417792
3376721920 2783830016 2752202752
3385344000 2792534016 2760766464
3377664000 2785067008 2753292288
3389706240 2796740608 2765130752
3386322944 2793754624 2761933824
3377823744 2785714176 2753527808
3384741888 2792652800 2760384512
3375927296 2780708864 2751120384
3378180096 2782867456 2753491968
3378192384 2783125504 2753411072
3387940864 2792792064 2763112448
3395239936 2800226304 2770586624
3376627712 2782023680 2752105472
3378782208 2784112640 2753994752
3378548736 2786205696 2756045824
