3366670336 2771124224 2741854208
3367608320 2772045824 2742726656
3366772736 2771742720 2742016000
3372638208 2779664384 2750067712
3383721984 2786947072 2757189632
3367940096 2772701184 2743155712
3367489536 2772692992 2742692864
3367718912 2773000192 2742982656
3367714816 2774265856 2743054336
3368439808 2774896640 2743822336
3366940672 2773991424 2742369280
3367452672 2776387584 2744901632
3367186432 2774355968 2742737920
3367190528 2773991424 2742637568
3368275968 2775470080 2743678976
3368243200 2775773184 2743792640
3366666240 2773770240 2742191104
3366666240 2773708800 2742119424
3368665088 2775982080 2744232960
3366928384 2774237184 2742466560
3371839488 2778910720 2747374592
3368734720 2775994368 2744194048
3367731200 2775453696 2743309312
3367718912 2775527424 2743296000
3366146048 2770923520 2741339136
3367903232 2772455424 2743076864
3367743488 2772688896 2743004160
3369623552 2774659072 2745003008
3376492544 2781319168 2751651840
3366674432 2771984384 2742052864
3366408192 2771914752 2741821440
3368239104 2775785472 2745616384
