1226194944 651071488 631358464
1227255808 650862592 631352320
1227243520 650870784 631348224
1227243520 650989568 631350272
1228300288 650858496 631317504
1228300288 651100160 631342080
1227231232 650858496 631313408
1227231232 651010048 631340032
1229357056 651116544 631342080
1229357056 650907648 631337984
1228288000 651014144 631335936
1228288000 650899456 631305216
1228288000 650997760 631309312
1228288000 650854400 631333888
1227218944 650997760 631301120
1227227136 582029312 631333888
1226219520 477044736 487672832
1226219520 477163520 457402368
1225150464 356560896 336803840
1216724992 298770432 279029760
1216716800 298766336 279029760
1216724992 298770432 279029760
1215655936 298790912 279058432
1215655936 298803200 279062528
1216724992 298770432 279035904
1216724992 298807296 279066624
1215655936 298803200 279070720
1215655936 298774528 279037952
1215655936 298762240 279042048
1215655936 298799104 279074816
1214578688 298770432 279052288
1213542400 300888064 281163776
