3388600320 2793119744 2763835392
3389407232 2794008576 2764688384
3390046208 2794938368 2765210624
3398160384 2805121024 2775481344
3406716928 2810085376 2780326912
3393384448 2798157824 2768576512
3389333504 2794557440 2764531712
3389419520 2794909696 2764883968
3391705088 2798489600 2767260672
3393290240 2799665152 2768576512
3388940288 2796093440 2764436480
3390697472 2799788032 2768249856
3391696896 2798850048 2767201280
3389886464 2796646400 2765286400
3390435328 2797834240 2766030848
3394805760 2802409472 2770388992
3388370944 2795425792 2763839488
3387887616 2795040768 2763409408
3402768384 2810040320 2778259456
3398451200 2805669888 2773895168
3400413184 2807554048 2775927808
3391365120 2798624768 2766790656
3389337600 2797219840 2765023232
3389059072 2797170688 2764887040
3386949632 2791809024 2762211328
3391635456 2796175360 2766775296
3389591552 2794627072 2764901376
3395502080 2800410624 2770726912
3416399872 2824003584 2794295296
3387715584 2793242624 2763296768
3393511424 2799095808 2768970752
3390373888 2797899776 2767722496
