3423817728 2828292096 2799007744
3425742848 2830327808 2801007616
3429249024 2834104320 2804376576
3435319296 2842263552 2812623872
3439538176 2842882048 2813123584
3435134976 2842787840 2813210624
3422289920 2827501568 2797475840
3425734656 2831200256 2801174528
3429138432 2835898368 2804669440
3428515840 2835128320 2804039680
3422916608 2830041088 2798384128
3429900288 2838933504 2807395328
3423997952 2831126528 2799477760
3429093376 2835836928 2804476928
3439628288 2849660928 2817857536
3425153024 2832777216 2800756736
3424083968 2831126528 2799540224
3423367168 2830487552 2798856192
3425349632 2832584704 2800803840
3420831744 2828005376 2796221440
3436851200 2843992064 2812352512
3427930112 2835156992 2803322880
3426934784 2834849792 2802641920
3424858112 2832859136 2800575488
3420053504 2824888320 2795287552
3425804288 2830319616 2800919552
3428839424 2833862656 2804136960
3430100992 2834948096 2805252096
3456864256 2864504832 2834784256
3420196864 2825605120 2795667456
3420942336 2826465280 2796336128
3425046528 2832531456 2802354176
