3628949504 2939863040 2906477568
3607240704 2915721216 2882179072
3600543744 2909470720 2875508736
3600740352 2910273536 2876439552
3603075072 2913685504 2879858688
3621904384 2929430528 2895633408
3613245440 2922561536 2888416256
3597701120 2906046464 2871839744
3618230272 2931765248 2896627712
3603386368 2912415744 2876905472
3599351808 2912227328 2876575744
3634790400 2947067904 2911391744
3617619968 2931011584 2895385600
3639492608 2952462336 2916840448
3620380672 2932977664 2897270784
3600367616 2910064640 2873889792
3600117760 2911842304 2876101632
3606953984 2917679104 2881837056
3601121280 2910801920 2874733568
3641507840 2953568256 2917550080
3619975168 2931388416 2895405056
3618750464 2930130944 2894131200
3618451456 2929639424 2893501440
3602161664 2911404032 2875057152
3628527616 2936791040 2903443456
3601227776 2906333184 2872723456
3600220160 2905882624 2871981056
3615186944 2925228032 2891208704
3598839808 2906185728 2871987200
3603447808 2910826496 2876723200
3605696512 2912104448 2877772800
3613941760 2925621248 2891274240
