3348582400 2752872448 2723892224
3349958656 2754138112 2725209088
3348574208 2753126400 2723847168
3349098496 2753630208 2724331520
3348836352 2753306624 2724168704
3350347776 2754838528 2725596160
3348934656 2753945600 2724376576
3349446656 2754371584 2724756480
3349573632 2757550080 2726752256
3348840448 2755588096 2724438016
3349172224 2755649536 2724694016
3349336064 2755719168 2724844544
3358511104 2764931072 2734056448
3360014336 2768953344 2738044928
3360198656 2766761984 2735664128
3349098496 2755997696 2724645888
3348844544 2757537792 2726377472
3348848640 2757292032 2726231040
3349368832 2756055040 2724806656
3349962752 2756837376 2725634048
3350122496 2756653056 2725624832
3348504576 2755117056 2724039680
3348762624 2755702784 2724406272
3349626880 2756321280 2725078016
3348357120 2752249856 2723476480
3348582400 2752774144 2723814400
3348062208 2752651264 2723441664
3348865024 2753241088 2724067328
3348844544 2755301376 2726024192
3349110784 2755682304 2726371328
3349372928 2754154496 2724658176
3348586496 2755452928 2726084608
