3364048896 2768510976 2739162112
3368161280 2772611072 2743422976
3363778560 2768711680 2739059712
3364302848 2769281024 2739665920
3364302848 2769088512 2739562496
3367727104 2772561920 2742983680
3364728832 2770006016 2739951616
3366043648 2771595264 2741520384
3365040128 2773504000 2742292480
3364044800 2771083264 2739717120
3364900864 2771820544 2740371456
3366526976 2773188608 2741867520
3375468544 2784776192 2753400832
3378167808 2787794944 2756355072
3377328128 2787164160 2755403776
3364302848 2771664896 2739709952
3363786752 2773032960 2741395456
3364052992 2773069824 2741622784
3364573184 2772025344 2740117504
3367849984 2775379968 2743547904
3366555648 2773983232 2742214656
3364225024 2771468288 2739762176
3364872192 2772578304 2740454400
3366764544 2774478848 2742406144
3363823616 2768216064 2738906112
3364048896 2768637952 2739203072
3363266560 2768470016 2738662400
3364741120 2769756160 2739997696
3363786752 2770944000 2741017600
3364315136 2771464192 2741641216
3364315136 2769993728 2739767296
3364052992 2771431424 2741365760
