3393642496 2800873472 2771542016
3392417792 2796744704 2767578112
3384655872 2789691392 2760055808
3388035072 2793070592 2763446272
3380994048 2785898496 2756331520
3391803392 2796560384 2767009792
3384582144 2790162432 2760119296
3390337024 2795843584 2765778944
3382312960 2790703104 2759543808
3380953088 2787667968 2756320256
3381972992 2788917248 2757463040
3388837888 2795724800 2764394496
3390484480 2800046080 2768670720
3394404352 2804121600 2772671488
3400138752 2809954304 2778196992
3380580352 2788028416 2756075520
3385831424 2795110400 2763480064
3380891648 2789871616 2758413312
3381022720 2788585472 2756686848
3406962688 2816880640 2785070080
3390267392 2797424640 2765691904
3385737216 2792951808 2761196544
3386572800 2794438656 2762309632
3389894656 2797735936 2765668352
3380781056 2785157120 2755846144
3383992320 2788503552 2759085056
3384197120 2789322752 2759541760
3387215872 2792259584 2762505216
3379896320 2787082240 2757187584
3385999360 2793275392 2763460608
3380781056 2786398208 2756184064
3383001088 2790612992 2760500224
