3340455936 2744352768 2715762688
3340726272 2744688640 2716014592
3340447744 2744664064 2715871232
3340972032 2745151488 2716307456
3340709888 2744864768 2716063744
3340996608 2745135104 2716316672
3340709888 2745020416 2716108800
3340726272 2744975360 2716049408
3341312000 2746691584 2716667904
3340713984 2746687488 2716328960
3340972032 2746630144 2716461056
3340447744 2746294272 2716063744
3342843904 2748735488 2718482432
3343388672 2749177856 2718965760
3344166912 2749939712 2719675392
3340972032 2747015168 2716579840
3340718080 2748506112 2718294016
3340722176 2748530688 2718245888
3340980224 2746863616 2716545024
3340984320 2746867712 2716548096
3341242368 2747023360 2716739584
3340193792 2746028032 2715760640
3340460032 2746302464 2715927552
3340746752 2746609664 2716302336
3340455936 2743685120 2715481088
3340455936 2744049664 2715686912
3340197888 2743808000 2715381760
3340455936 2744053760 2715607040
3340718080 2746359808 2717932544
3340984320 2746720256 2718204928
3341246464 2744946688 2716452864
3340722176 2746580992 2718061568
