3394166784 2801299456 2771947520
3393056768 2797551616 2768355328
3390492672 2795425792 2765764608
3388559360 2793472000 2763826176
3390898176 2798276608 2768766976
3395862528 2800750592 2771167232
3385155584 2790641664 2760582144
3396321280 2801700864 2771619840
3384541184 2793140224 2761907200
3383164928 2790027264 2758658048
3384487936 2791321600 2759854080
3389517824 2796281856 2764940288
3391250432 2800672768 2769285120
3395289088 2804899840 2773445632
3405946880 2816057344 2784287744
3382734848 2790334464 2758361088
3386355712 2795544576 2763897856
3383341056 2792218624 2760747008
3383443456 2790920192 2758996992
3407527936 2817646592 2785795072
3390664704 2797998080 2766228480
3386023936 2793406464 2761641984
3387183104 2794921984 2762763264
3390660608 2798411776 2766306304
3382984704 2787512320 2758193152
3389566976 2794201088 2764762112
3390033920 2795048960 2765239296
3387822080 2792742912 2762968064
3382263808 2789355520 2759408640
3388297216 2795479040 2765638656
3383193600 2788691968 2758444032
3383525376 2791006208 2760873984
