3438620672 2847854592 2818482176
3449061376 2853363712 2824145920
3424313344 2829410304 2799731712
3425247232 2830163968 2800503808
3446054912 2853568512 2823990272
3445190656 2849972224 2820360192
3436793856 2842288128 2812197888
3440189440 2845736960 2815608832
3436781568 2848067584 2816825344
3427520512 2834378752 2802981888
3442360320 2851962880 2820481024
3455795200 2865364992 2833986560
3459694592 2869280768 2837878784
3462176768 2871906304 2840401920
3462520832 2872676352 2840858624
3424387072 2831839232 2799844352
3424251904 2833481728 2801802240
3431088128 2840055808 2808556544
3424956416 2832498688 2800576512
3464204288 2874404864 2842521600
3462389760 2872291328 2840499200
3442884608 2852958208 2821157888
3461287936 2871861248 2839666688
3444285440 2852126720 2819963904
3449884672 2857213952 2827871232
3426246656 2830856192 2801406976
3424354304 2829381632 2799557632
3439161344 2844295168 2814500864
3422539776 2829901824 2799952896
3428466688 2835697664 2805839872
3430715392 2836254720 2805988352
3438063616 2848235520 2818072576
