3459866624 2869108736 2839740416
3471081472 2875441152 2846223360
3445911552 2850955264 2821276672
3446108160 2851033088 2821377024
3467317248 2874814464 2845240320
3466956800 2871767040 2842159104
3458256896 2863775744 2833689600
3461775360 2867347456 2837223424
3463598080 2874859520 2843617280
3448754176 2855641088 2824244224
3463593984 2873253888 2841772032
3480322048 2889670656 2858292224
3481534464 2891153408 2859767808
3484471296 2894008320 2862500864
3484381184 2894344192 2862531584
3445735424 2853183488 2821157888
3445485568 2854748160 2823072768
3452321792 2861326336 2829827072
3446489088 2853982208 2822055936
3486498816 2896510976 2864640000
3484020736 2893983744 2862191616
3464118272 2874220544 2842418176
3482632192 2893221888 2861023232
3466113024 2874019840 2841849856
3473895424 2881224704 2851890176
3446591488 2851229696 2821784576
3445587968 2850635776 2820811776
3460481024 2868293632 2838511616
3444207616 2851307520 2821350400
3448815616 2856067072 2826198016
3451064320 2856656896 2826386432
3459309568 2869506048 2839332864
