3434557440 2841817088 2812461056
3436974080 2841300992 2812121088
3421986816 2826792960 2797131776
3423047680 2828062720 2798416896
3441897472 2849456128 2819893248
3433132032 2837934080 2808336384
3427561472 2833100800 2803025920
3437228032 2842787840 2812695552
3433033728 2844143616 2812913664
3426471936 2833182720 2801813504
3441049600 2850660352 2819192832
3430809600 2837725184 2806379520
3430051840 2839629824 2808254464
3436912640 2846457856 2814989312
3449606144 2859626496 2827853824
3420864512 2828374016 2796390400
3422941184 2832277504 2800627712
3429777408 2838827008 2807355392
3421757440 2829123584 2797196288
3452321792 2862280704 2830445568
3439542272 2849456128 2817690624
3424829440 2832101376 2800326656
3447054336 2857517056 2825351168
3433422848 2841260032 2809142272
3432329216 2839502848 2810184704
3421392896 2826178560 2796736512
3423043584 2828169216 2798359552
3426033664 2831044608 2801285120
3419983872 2827227136 2797280256
3426533376 2833588224 2803747840
3428519936 2834149376 2803905536
3420819456 2828431360 2798286848
