3435343872 2844651520 2815279104
3440549888 2844917760 2815699968
3422511104 2827587584 2797908992
3423834112 2828812288 2799152128
3445530624 2853072896 2823494656
3435880448 2840678400 2811080704
3428954112 2834464768 2804388864
3439337472 2844897280 2814783488
3436519424 2847588352 2816346112
3426996224 2833956864 2802560000
3441836032 2851467264 2819985408
3447861248 2857459712 2826081280
3432886272 2842419200 2811017216
3448291328 2858041344 2826554368
3451654144 2861756416 2829963264
3422535680 2830016512 2798012416
3423727616 2833043456 2801375232
3430563840 2839584768 2808085504
3423166464 2830725120 2798790656
3455995904 2865979392 2834096128
3451465728 2861371392 2829579264
3432841216 2842714112 2810928128
3451006976 2861404160 2829227008
3436089344 2843942912 2811794432
3444101120 2851237888 2821895168
3425722368 2830426112 2800976896
3423830016 2828914688 2799093760
3427246080 2832195584 2802401280
3421659136 2828828672 2798867456
3427942400 2835210240 2805355520
3430191104 2835767296 2805511168
3422490624 2830073856 2799915008
