3371380736 2775941120 2746591232
3382095872 2786361344 2757170176
3371122688 2776141824 2746484736
3371560960 2776526848 2746889216
3372920832 2777870336 2748303360
3377631232 2782375936 2752792576
3373531136 2778959872 2748904448
3379089408 2784546816 2754467840
3372879872 2781249536 2750034944
3371687936 2778415104 2747047936
3373780992 2780606464 2749155328
3379306496 2786131968 2754801664
3380727808 2790227968 2758845440
3383971840 2793562112 2762115072
3382243328 2792267776 2760502272
3371479040 2778849280 2746887168
3371151360 2780344320 2748702720
3371601920 2780557312 2749093888
3371802624 2779332608 2747417600
3385835520 2795933696 2764087296
3379683328 2787078144 2755308544
3376730112 2783879168 2752119808
3377324032 2785193984 2753038336
3380109312 2787733504 2755649536
3375865856 2780471296 2751156224
3371683840 2776219648 2746780672
3370725376 2775830528 2746021888
3377160192 2782236672 2752464896
3370852352 2778099712 2748156928
3371601920 2778849280 2749009920
3371724800 2777313280 2747078656
3371274240 2778841088 2748722176
