3357233152 2761662464 2732337152
3360313344 2764595200 2735414272
3356962816 2761928704 2732322816
3357487104 2762510336 2732888064
3357487104 2762268672 2732760064
3360133120 2764935168 2735372288
3357433856 2762866688 2732843008
3358777344 2764230656 2734210048
3358224384 2766594048 2735391744
3357229056 2764275712 2732915712
3358085120 2764886016 2733452288
3359047680 2765668352 2734376960
3367997440 2774777856 2743425024
3370070016 2779701248 2748289024
3369717760 2776969216 2745253888
3357487104 2764898304 2733022208
3357233152 2766376960 2734771200
3357237248 2766143488 2734717952
3357495296 2765066240 2733190144
3360038912 2767368192 2735574016
3359150080 2766516224 2734786560
3357298688 2764554240 2732852224
3357466624 2765316096 2733254656
3358986240 2766659584 2734705664
3357007872 2761482240 2732203008
3357233152 2761736192 2732338176
3356712960 2761711616 2731965440
3357806592 2762764288 2733051904
3356971008 2764210176 2734310400
3357499392 2764746752 2734969856
3357761536 2763296768 2733124608
3357237248 2764656640 2734579712
