1213521920 298774528 279078912
1214619648 298766336 279056384
1214611456 298770432 279054336
1214611456 298766336 279050240
1215668224 298778624 279050240
1215668224 298770432 279044096
1214599168 298737664 279015424
1214599168 298766336 279044096
1216724992 298782720 279044096
1216720896 298778624 279042048
1215655936 298778624 279046144
1215655936 298745856 279013376
1215655936 298778624 279044096
1215655936 298774528 279042048
1214586880 298741760 279013376
1214599168 298741760 279017472
1217781760 300892160 281131008
1217855488 298749952 279007232
1216712704 298758144 279023616
1216786432 298778624 279040000
1216712704 298786816 279050240
1216786432 298749952 279011328
1215635456 298782720 279050240
1215643648 298786816 279052288
1216786432 298745856 279011328
1216712704 298782720 279052288
1215643648 298782720 279054336
1215643648 298758144 279029760
1215643648 298745856 279029760
1215643648 300847104 281114624
1214648320 298737664 279029760
1213517824 298770432 279080960
