3364765696 2769223680 2739949568
3364044800 2768478208 2739107840
3365392384 2772332544 2742656000
3364040704 2769195008 2739514368
3364937728 2769981440 2740327424
3366973440 2772029440 2742384640
3363868672 2771349504 2741391360
3364016128 2771210240 2741285888
3365146624 2771832832 2740596736
3363618816 2770350080 2739120128
3363258368 2770513920 2738809856
3364134912 2771099648 2739637248
3365543936 2772643840 2741128192
3363266560 2770251776 2738697216
3367813120 2777341952 2745537536
3362996224 2770542592 2738537472
3362742272 2771841024 2740269056
3365236736 2772004864 2740627456
3362996224 2772172800 2740436992
3362734080 2770247680 2738427904
3366469632 2773532672 2741920768
3365486592 2774966272 2743156736
3365773312 2773716992 2741477376
3365142528 2772799488 2740663296
3363520512 2768109568 2738654208
3364311040 2768789504 2739433472
3367305216 2772238336 2742608896
3363000320 2768314368 2738412544
3363524608 2768482304 2738804736
3363958784 2769113088 2739274752
3363520512 2769014784 2738784256
3363786752 2769199104 2739017728
