3353710592 2758262784 2729010176
3353559040 2758193152 2728841216
3354615808 2761506816 2731948032
3353817088 2758733824 2729137152
3354697728 2759380992 2729836544
3355656192 2760396800 2730907648
3353645056 2760896512 2731102208
3353792512 2760867840 2731062272
3354304512 2760892416 2729703424
3353296896 2759839744 2728641536
3353296896 2760343552 2728755200
3353886720 2760708096 2729345024
3354558464 2761363456 2730036224
3353042944 2760024064 2728534016
3356315648 2765475840 2733848576
3353034752 2760306688 2728491008
3352518656 2761510912 2730186752
3354324992 2760904704 2729714688
3353034752 2762100736 2730526720
3352772608 2759888896 2728338432
3354853376 2761785344 2730387456
3354501120 2763751424 2732092416
3355058176 2762612736 2730594304
3354001408 2761592832 2729665536
3353296896 2757730304 2728385536
3354087424 2758397952 2729266176
3355860992 2760503296 2731030528
3353038848 2758307840 2728549376
3353300992 2758090752 2728568832
3353735168 2758668288 2729011200
3353559040 2758893568 2728812544
3353563136 2758893568 2728876032
