3429052416 2833616896 2804338688
3448578048 2855718912 2826346496
3428134912 2835091456 2805408768
3429392384 2834477056 2804787200
3428519936 2835533824 2805870592
3435409408 2840494080 2810827776
3432374272 2842464256 2812483584
3432792064 2840768512 2810826752
3435925504 2842578944 2811332608
3433783296 2843099136 2811860992
3422875648 2830086144 2798371840
3447431168 2857201664 2825696256
3442196480 2849128448 2817553408
3439587328 2849320960 2817716224
3446304768 2855710720 2823863296
3420979200 2828578816 2796544000
3441950720 2853703680 2822102016
3442712576 2852257792 2820846592
3421511680 2830839808 2799073280
3428818944 2838806528 2806957056
3457703936 2867572736 2835888128
3446358016 2858467328 2826617856
3438583808 2849230848 2816953344
3434553344 2845073408 2812900352
3433156608 2840489984 2811005952
3440648192 2847834112 2818455552
3435569152 2840637440 2810980352
3425681408 2831073280 2801144832
3427540992 2834649088 2804884480
3423879168 2829127680 2799253504
3423084544 2828750848 2798487552
3421827072 2827472896 2797259776
