3343630336 2747727872 2718988288
3344121856 2748215296 2719336448
3344752640 2750935040 2722017280
3344379904 2748604416 2719631360
3344646144 2748866560 2719901696
3344732160 2748862464 2719939584
3344171008 2748518400 2719523840
3343896576 2750402560 2721281024
3343949824 2749612032 2719386624
3343597568 2749513728 2719062016
3344121856 2750291968 2719707136
3343958016 2750017536 2719519744
3344211968 2750013440 2719613952
3343605760 2749640704 2719193088
3344510976 2752643072 2722165760
3343597568 2749861888 2719131648
3343081472 2751045632 2720736256
3343958016 2749882368 2719549440
3343335424 2751381504 2720934912
3343335424 2749493248 2718914560
3343695872 2749480960 2719128576
3344232448 2752425984 2721916928
3344707584 2751078400 2720357376
3343622144 2749906944 2719287296
3344121856 2747551744 2719139840
3344388096 2748211200 2719655936
3345047552 2748682240 2720151552
3343863808 2747736064 2719055872
3343863808 2747666432 2719035392
3344150528 2747990016 2719304704
3343859712 2747850752 2719038464
3344125952 2748313600 2719419392
