3360927744 2765185024 2735981568
3360112640 2764718080 2735351808
3361624064 2768470016 2738807808
3360370688 2765357056 2735678464
3361173504 2766196736 2736579584
3362902016 2767757312 2738128896
3359936512 2767515648 2737573888
3360083968 2767343616 2737492992
3361247232 2767867904 2736635904
3359948800 2766598144 2735368192
3359588352 2766843904 2735153152
3360440320 2767331328 2735874048
3361677312 2768564224 2737058816
3359334400 2766450688 2734906368
3363610624 2772992000 2741225472
3359326208 2766893056 2734914560
3359072256 2768072704 2736520192
3361157120 2767958016 2736669696
3359326208 2768523264 2736806912
3359064064 2766557184 2734746624
3362074624 2769219584 2737632256
3361619968 2770886656 2739137536
3362066432 2769797120 2737593344
3361218560 2768801792 2736707584
3359850496 2764390400 2734951424
3360641024 2765070336 2735738880
3363008512 2767892480 2738377728
3359330304 2764656640 2734784512
3359854592 2764705792 2735086592
3360288768 2765316096 2735556608
3359850496 2765344768 2735130624
3359854592 2765488128 2735320064
