3429437440 2833862656 2804584448
3448578048 2855837696 2826469376
3428134912 2835202048 2805519360
3429654528 2834583552 2804905984
3428569088 2835709952 2806046720
3435925504 2840854528 2811208704
3432374272 2842554368 2812585984
3433054208 2840879104 2810941440
3436142592 2842914816 2811676672
3433783296 2843201536 2811963392
3422875648 2830184448 2798470144
3447693312 2857324544 2825820160
3442319360 2849361920 2817786880
3439587328 2849427456 2817822720
3446644736 2856153088 2824322048
3421241344 2828681216 2796650496
3441950720 2853797888 2822204416
3442749440 2852401152 2820989952
3421511680 2830946304 2799179776
3428818944 2838921216 2807075840
3458256896 2867957760 2836273152
3446726656 2858688512 2826839040
3438870528 2849366016 2817085440
3434987520 2845360128 2813187072
3433156608 2840588288 2811104256
3440648192 2847932416 2818562048
3436048384 2840961024 2811324416
3426828288 2831970304 2802050048
3427540992 2834763776 2804999168
3425026048 2830118912 2800244736
3423346688 2828857344 2798602240
3422089216 2827563008 2797349888
