3428171776 2832543744 2803265536
3448053760 2855297024 2825924608
3427524608 2834554880 2804872192
3428868096 2834014208 2804324352
3427667968 2834726912 2805063680
3433783296 2838896640 2809230336
3426496512 2836660224 2806679552
3432529920 2840367104 2810425344
3434418176 2841137152 2809890816
3433259008 2842681344 2811443200
3422351360 2829631488 2797917184
3444375552 2853912576 2822429696
3433889792 2840821760 2809275392
3436269568 2846089216 2814513152
3436879872 2846318592 2814485504
3420454912 2828136448 2796101632
3433312256 2845151232 2813549568
3439116288 2848694272 2817290240
3420102656 2829516800 2797758464
3420327936 2827747328 2795912192
3455750144 2865651712 2833995776
3445383168 2857566208 2825738240
3438080000 2848489472 2816220160
3433517056 2843852800 2811689984
3432632320 2840031232 2810547200
3437441024 2844688384 2815312896
3434254336 2839060480 2809407488
3425419264 2830635008 2800720896
3426127872 2833281024 2803542016
3423354880 2828595200 2798742528
3421675520 2827395072 2797146112
3421564928 2827038720 2796825600
