3357065216 2761486336 2732222464
3356704768 2761195520 2731834368
3357868032 2764750848 2735117312
3356700672 2761756672 2732098560
3357667328 2762530816 2732921856
3358867456 2763694080 2734096384
3356528640 2763997184 2734076928
3356676096 2763911168 2734033920
3357368320 2764087296 2732866560
3356229632 2762969088 2731746304
3356180480 2763374592 2731702272
3356770304 2763730944 2732304384
3357839360 2764668928 2733201408
3355926528 2762964992 2731441152
3359551488 2768941056 2737219584
3355918336 2763370496 2731454464
3355402240 2764591104 2733065216
3357364224 2764197888 2732875776
3355918336 2765037568 2733364224
3355656192 2762981376 2731203584
3358040064 2765193216 2733638656
3357782016 2767065088 2735286272
3358289920 2765963264 2733809664
3357331456 2765008896 2732954624
3356180480 2760806400 2731387904
3357233152 2761621504 2732305408
3358990336 2763911168 2734382080
3355922432 2761220096 2731399168
3356446720 2761183232 2731599872
3356618752 2761760768 2731971584
3356442624 2761871360 2731709440
3356446720 2761904128 2731784192
