3329961984 2732924928 2705271808
3330490368 2733404160 2705752064
3330224128 2735534080 2707720192
3330224128 2733633536 2705683456
3330490368 2733780992 2705768448
3330228224 2733404160 2705530880
3330228224 2733461504 2705649664
3330228224 2735300608 2707648512
3330232320 2734239744 2705616896
3329966080 2734215168 2705496064
3330490368 2734706688 2705936384
3330490368 2734645248 2705870848
3329970176 2734174208 2705527808
3330224128 2734436352 2705598464
3330232320 2734354432 2705619968
3330228224 2734452736 2705779712
3330236416 2734301184 2705574912
3330228224 2734325760 2705608704
3329966080 2736398336 2707480576
3329966080 2734514176 2705587200
3329966080 2734452736 2705500160
3330228224 2736791552 2707825664
3330490368 2734501888 2705796096
3329966080 2734149632 2705399808
3330228224 2732769280 2705448960
3330232320 2732924928 2705515520
3330494464 2733182976 2705694720
3330232320 2733068288 2705501184
3330232320 2732830720 2705355776
3330232320 2732920832 2705476608
3330490368 2733088768 2705558528
3330232320 2732761088 2705353728
