3341508608 2745438208 2716768256
3341762560 2745929728 2717149184
3342307328 2748534784 2719696896
3342020608 2746273792 2717392896
3342548992 2746597376 2717737984
3342286848 2746466304 2717616128
3341774848 2746122240 2717210624
3341762560 2748080128 2719050752
3341791232 2747273216 2717199360
3341500416 2747215872 2716925952
3342024704 2747932672 2717561856
3341799424 2747633664 2717306880
3341778944 2747539456 2717312000
3341508608 2747318272 2717028352
3342315520 2750156800 2719839232
3341500416 2747469824 2716995584
3340984320 2746724352 2716546048
3341787136 2747527168 2717297664
3341238272 2749038592 2718712832
3341238272 2747113472 2716704768
3341238272 2747113472 2716826624
3342061568 2750050304 2719668224
3342561280 2748637184 2718132224
3341512704 2747473920 2717024256
3341762560 2745200640 2716905472
3342290944 2745958400 2717501440
3342577664 2746208256 2717775872
3341504512 2745335808 2716835840
3341504512 2745278464 2716806144
3341766656 2745561088 2717030400
3341762560 2745434112 2716836864
3342028800 2745884672 2717197312
