3395149824 2799665152 2770386944
3407376384 2814513152 2785140736
3393019904 2799906816 2770224128
3391434752 2796421120 2766743552
3392946176 2799976448 2770313216
3399168000 2803990528 2774451200
3401457664 2808864768 2778884096
3390386176 2797727744 2767785984
3395575808 2802192384 2770946048
3401105408 2807791616 2776553472
3388604416 2795687936 2763973632
3393818624 2800799744 2769316864
3395063808 2802089984 2770560000
3398213632 2807996416 2776420352
3401781248 2811105280 2779272192
3389902848 2797477888 2765443072
3388817408 2797920256 2766331904
3393146880 2800033792 2768635904
3390898176 2800246784 2768488448
3388817408 2796113920 2764278784
3397091328 2804236288 2772583424
3415109632 2827157504 2795329536
3407814656 2818355200 2786085888
3394560000 2802397184 2770244608
3400245248 2807549952 2778079232
3391315968 2795782144 2766414848
3398541312 2803384320 2773741568
3389493248 2794790912 2764880896
3393122304 2800189440 2770457600
3390816256 2795909120 2766060544
3399933952 2805534720 2775289856
3397808128 2803458048 2773272576
