3363942400 2768269312 2738995200
3362996224 2767556608 2738186240
3364319232 2771398656 2741722112
3363254272 2768248832 2738568192
3364126720 2769055744 2739405824
3366100992 2771030016 2741385216
3363082240 2770436096 2740477952
3362967552 2770288640 2740364288
3364311040 2770931712 2739695616
3362832384 2769408000 2738178048
3362471936 2769620992 2737916928
3363323904 2770178048 2738715648
3364708352 2771656704 2740141056
3362217984 2769309696 2737755136
3366891520 2776256512 2744459264
3362209792 2769661952 2737665024
3361955840 2770944000 2739373056
3364139008 2771030016 2739657728
3361947648 2771312640 2739580928
3361947648 2769367040 2737551360
3365298176 2772488192 2740877312
3364651008 2773962752 2742154240
3364974592 2772783104 2740547584
3364032512 2771845120 2739714048
3362471936 2767216640 2737762304
3363524608 2767925248 2738576384
3366432768 2771234816 2741619712
3362213888 2767437824 2737543168
3362738176 2767564800 2737898496
3363172352 2768207872 2738369536
3362471936 2768171008 2737940480
3362738176 2768314368 2738134016
