3463843840 2868330496 2839052288
3470073856 2877403136 2848030720
3464974336 2871894016 2842211328
3451150336 2856185856 2826496000
3459235840 2866204672 2836541440
3467849728 2872958976 2843292672
3459313664 2869567488 2839582720
3454599168 2862481408 2832539648
3465822208 2872410112 2841163776
3455602688 2864791552 2833553408
3444371456 2851766272 2820051968
3469332480 2879012864 2847504384
3464290304 2871443456 2839868416
3466711040 2876583936 2844979200
3469803520 2879180800 2847333376
3444604928 2852110336 2820075520
3466194944 2878111744 2846510080
3471880192 2881331200 2849920000
3443961856 2853171200 2821404672
3455672320 2865758208 2833908736
3480952832 2890711040 2859026432
3478691840 2890760192 2858910720
3467468800 2878087168 2845802496
3464347648 2874789888 2842616832
3454914560 2862170112 2832686080
3462406144 2869514240 2840135680
3474391040 2881441792 2851777536
3447439360 2852696064 2822767616
3448414208 2855440384 2825675776
3447836672 2852995072 2823120896
3447263232 2852859904 2822596608
3445121024 2850619392 2820406272
