3350872064 2755170304 2725991424
3350675456 2755203072 2725906432
3351633920 2758332416 2728876032
3350933504 2755579904 2726093824
3351396352 2756136960 2726712320
3352395776 2756964352 2727580672
3350761472 2757881856 2728233984
3350884352 2757832704 2728157184
3351216128 2757713920 2726610944
3350151168 2756788224 2725649408
3350413312 2757476352 2725996544
3350740992 2757578752 2726355968
3351470080 2758078464 2726857728
3350159360 2757132288 2725777408
3352948736 2761900032 2730432512
3350151168 2757320704 2725655552
3349897216 2758770688 2727438336
3351281664 2757808128 2726691840
3350151168 2759114752 2727718912
3349889024 2757079040 2725564416
3351547904 2758328320 2727130112
3351461888 2760491008 2729019392
3351814144 2759266304 2727475200
3350851584 2758197248 2726470656
3350413312 2754723840 2725521408
3351203840 2755436544 2726319104
3352424448 2757062656 2727752704
3350417408 2755354624 2725788672
3350417408 2755055616 2725678080
3350851584 2755682304 2726111232
3350675456 2755768320 2725920768
3350679552 2755887104 2726065152
