3337826304 2741506048 2712949760
3338092544 2742030336 2713423872
3338612736 2744610816 2715876352
3338350592 2742382592 2713596928
3338616832 2742702080 2713929728
3338616832 2742632448 2713856000
3338092544 2742263808 2713441280
3337830400 2744221696 2715338752
3337834496 2743300096 2713381888
3337830400 2743250944 2713219072
3338354688 2743873536 2713857024
3338092544 2743672832 2713574400
3338096640 2743726080 2713617408
3337826304 2743312384 2713222144
3338358784 2746200064 2716010496
3337830400 2743623680 2713415680
3337314304 2742960128 2712914944
3338092544 2743672832 2713566208
3337568256 2745192448 2715026432
3337568256 2743308288 2713075712
3337568256 2743312384 2713134080
3338354688 2746142720 2715914240
3338616832 2744451072 2714225664
3337568256 2743447552 2713184256
3338092544 2741305344 2713132032
3338358784 2741866496 2713600000
3338620928 2742235136 2713893888
3337834496 2741477376 2713138176
3337834496 2741272576 2713021440
3338096640 2741649408 2713288704
3338092544 2741665792 2713273344
3338096640 2741784576 2713351168
