3428114432 2832474112 2803195904
3448053760 2855280640 2825908224
3427524608 2834546688 2804864000
3428868096 2833997824 2804307968
3427643392 2834681856 2805018624
3433697280 2838802432 2809136128
3423838208 2833973248 2803992576
3432529920 2840346624 2810404864
3434356736 2841063424 2809817088
3433246720 2842660864 2811422720
3422351360 2829611008 2797896704
3444363264 2853888000 2822405120
3433840640 2840760320 2809213952
3436269568 2846072832 2814496768
3436736512 2846154752 2814321664
3420454912 2828128256 2796093440
3433312256 2845114368 2813526016
3439079424 2848632832 2817234944
3420102656 2829504512 2797746176
3420327936 2827730944 2795895808
3455627264 2865512448 2833856512
3445358592 2857521152 2825693184
3437805568 2848460800 2816191488
3433443328 2841092096 2808939520
3432632320 2840010752 2810540032
3437441024 2844672000 2815300608
3433893888 2838929408 2809279488
3425419264 2830622720 2800708608
3426127872 2833268736 2803532800
3423354880 2828574720 2798722048
3421675520 2827382784 2797133824
3421564928 2826997760 2796797952
