3395149824 2799669248 2770391040
3407376384 2814517248 2785144832
3393019904 2799910912 2770228224
3391434752 2796437504 2766747648
3392946176 2799980544 2770317312
3399168000 2804121600 2774455296
3401457664 2808868864 2778888192
3390386176 2797731840 2767790080
3395575808 2802196480 2770950144
3401105408 2807795712 2776557568
3388604416 2795692032 2763977728
3393818624 2800803840 2769320960
3395063808 2802110464 2770564096
3398213632 2807996416 2776420352
3401781248 2811109376 2779276288
3389902848 2797481984 2765447168
3388817408 2797924352 2766336000
3393146880 2800033792 2768635904
3390898176 2800250880 2768492544
3388817408 2796118016 2764282880
3397091328 2804240384 2772587520
3415109632 2827161600 2795333632
3407814656 2818359296 2786089984
3394560000 2802401280 2770248704
3400245248 2807554048 2778083328
3391315968 2795786240 2766414848
3398541312 2803388416 2773741568
3389493248 2794795008 2764880896
3393122304 2800193536 2770457600
3390816256 2795913216 2766060544
3399933952 2805538816 2775289856
3397808128 2803462144 2773272576
