3373780992 2778165248 2748890112
3369930752 2774507520 2745135104
3377733632 2784661504 2754982912
3370033152 2775060480 2745373696
3377434624 2784415744 2754754560
3380211712 2785050624 2755398656
3372486656 2779947008 2749976576
3375796224 2782961664 2753027072
3377799168 2784567296 2753329152
3370655744 2777264128 2746032128
3368927232 2776039424 2744333312
3372056576 2778914816 2747445248
3378106368 2785140736 2753617920
3370008576 2777116672 2745552896
3377516544 2787053568 2755232768
3368734720 2776420352 2744393728
3368476672 2777681920 2746108928
3377561600 2784489472 2753095680
3369578496 2778861568 2747113472
3368443904 2775920640 2744085504
3379671040 2786668544 2755038208
3378122752 2787581952 2755764224
3378151424 2786107392 2753854464
3377737728 2785415168 2753267712
3369484288 2774007808 2744547328
3370508288 2774945792 2745578496
3380363264 2785337344 2755695616
3368665088 2773954560 2744040448
3369574400 2774474752 2744745984
3370070016 2775191552 2745341952
3369619456 2775109632 2744875008
3369472000 2774994944 2744809472
