3381567488 2785910784 2756625408
3397099520 2801332224 2772125696
3380527104 2785665024 2755966976
3378425856 2783289344 2753683456
3386720256 2793758720 2764070912
3378331648 2783277056 2753565696
3386363904 2791559168 2761604096
3384258560 2789629952 2759584768
3377369088 2784055296 2752854016
3378069504 2784710656 2753602560
3378569216 2785411072 2753952768
3378868224 2786050048 2754604032
3393343488 2800242688 2768807936
3387154432 2794299392 2762663936
3377975296 2787442688 2755611648
3386986496 2794426368 2762494976
3382288384 2789412864 2757712896
3389079552 2795962368 2764612608
3390636032 2797875200 2766101504
3379798016 2787246080 2755315712
3386298368 2793603072 2761807872
3378061312 2785206272 2753512448
3388747776 2796613632 2764542976
3397627904 2807738368 2775717888
3380776960 2785353728 2755934208
3379200000 2783993856 2754387968
3396644864 2801643520 2771930112
3390095360 2795143168 2765387776
3379732480 2784960512 2755108864
3389378560 2794242048 2764618752
3378733056 2784227328 2754009088
3392647168 2799919104 2770010112
