3330752512 2734059520 2706195456
3331010560 2734305280 2706335744
3330752512 2734157824 2706235392
3330744320 2734174208 2706086912
3330744320 2736324608 2708210688
3331010560 2734358528 2706285568
3331010560 2734374912 2706343936
3330748416 2734186496 2706150400
3330744320 2735128576 2706284544
3330486272 2734772224 2705964032
3330756608 2735001600 2706262016
3330752512 2735063040 2706126848
3331014656 2735464448 2706404352
3330748416 2735124480 2706146304
3330752512 2737459200 2708413440
3330748416 2735345664 2706284544
3331018752 2735259648 2706363392
3331018752 2735226880 2706503680
3331018752 2735316992 2706452480
3331018752 2735431680 2706351104
3330756608 2735300608 2706164736
3330756608 2735415296 2706210816
3330756608 2735255552 2706186240
3330760704 2735308800 2706165760
3330752512 2733342720 2705981440
3330752512 2733297664 2705875968
3330756608 2733461504 2705996800
3331014656 2733887488 2706205696
3331014656 2733793280 2706109440
3331014656 2733785088 2706074624
3331018752 2733690880 2706130944
3330494464 2733211648 2705722368
