3435139072 2842279936 2812980224
3461431296 2868396032 2839175168
3425214464 2832437248 2802724864
3425411072 2830225408 2800615424
3446128640 2855690240 2826001408
3423174656 2828226560 2798514176
3429761024 2835136512 2805177344
3434176512 2839650304 2809597952
3424387072 2831065088 2799808512
3442352128 2851639296 2820516864
3424264192 2831175680 2799709184
3432960000 2842652672 2811142144
3450449920 2860072960 2828634112
3427835904 2837700608 2806039552
3435405312 2845503488 2813660160
3431055360 2838650880 2806716416
3422380032 2829611008 2797895680
3449290752 2858749952 2827390976
3442937856 2850398208 2818599936
3423342592 2830929920 2798999552
3432841216 2840260608 2808458240
3428884480 2836099072 2804398080
3451572224 2861940736 2829857792
3442651136 2852966400 2820944896
3440529408 2847670272 2818242560
3423379456 2828161024 2798545920
3436929024 2841985024 2812264448
3445202944 2850205696 2820443136
3439398912 2847158272 2817259520
3433811968 2838585344 2808954880
3422359552 2828009472 2797784064
3442946048 2850316288 2820399104
