3456786432 2863968256 2834668544
3500580864 2907676672 2878455808
3446972416 2853969920 2824257536
3446906880 2851762176 2822152192
3470577664 2880200704 2850496512
3445338112 2850467840 2820726784
3451518976 2856734720 2826746880
3456184320 2861465600 2831398912
3445882880 2852569088 2821312512
3469504512 2878812160 2847689728
3446022144 2852990976 2821524480
3462623232 2872426496 2840915968
3481436160 2890907648 2859454464
3454902272 2864803840 2833114112
3462520832 2872639488 2840774656
3460288512 2867707904 2835759104
3444883456 2852179968 2820464640
3482750976 2892304384 2860945408
3465547776 2872815616 2841017344
3446992896 2854367232 2822436864
3462074368 2869284864 2837468160
3450380288 2857623552 2825901056
3483869184 2894315520 2862206976
3473002496 2883133440 2851097600
3464777728 2872000512 2842572800
3443990528 2848776192 2819161088
3459194880 2864058368 2834337792
3467874304 2872967168 2843204608
3470725120 2878541824 2848638976
3464241152 2869112832 2839478272
3458879488 2867011584 2836775936
3477028864 2886856704 2856939520
