3425067008 2829545472 2800248832
3451469824 2858381312 2829160448
3424952320 2832183296 2802470912
3425148928 2829918208 2800308224
3435790336 2845335552 2815646720
3422023680 2827079680 2797367296
3429498880 2834829312 2804870144
3426607104 2832076800 2802024448
3421470720 2828152832 2796896256
3436498944 2845790208 2814667776
3424002048 2830934016 2799467520
3422949376 2829975552 2798469120
3439419392 2846306304 2814867456
3422085120 2831982592 2800333824
3426914304 2837012480 2805169152
3430465536 2838028288 2806093824
3421229056 2828464128 2796751872
3440979968 2850402304 2819043328
3434848256 2842267648 2810469376
3422195712 2829766656 2797840384
3432337408 2839740416 2807938048
3428622336 2835804160 2804103168
3445174272 2855505920 2823427072
3441410048 2851717120 2819695616
3440005120 2847379456 2817951744
3422232576 2827018240 2797403136
3429101568 2834157568 2804436992
3436826624 2841821184 2812058624
3432017920 2837139456 2807244800
3433017344 2837774336 2808143872
3422097408 2827718656 2797497344
3441434624 2848768000 2818850816
