3424804864 2829398016 2800101376
3447926784 2854932480 2825711616
3424952320 2832031744 2802319360
3424886784 2829778944 2800168960
3432771584 2842443776 2812754944
3422023680 2826915840 2797203456
3429498880 2834690048 2804730880
3426521088 2831839232 2801786880
3421208576 2828038144 2796781568
3436498944 2845663232 2814540800
3424002048 2830790656 2799324160
3422662656 2829815808 2798309376
3438829568 2845818880 2814380032
3422085120 2831822848 2800169984
3426914304 2836869120 2805025792
3430346752 2837774336 2805839872
3421229056 2828316672 2796604416
3437699072 2847252480 2815893504
3434582016 2841841664 2810043392
3422195712 2829639680 2797709312
3432288256 2839547904 2807745536
3428360192 2835668992 2803968000
3444678656 2855141376 2823058432
3441033216 2851201024 2819179520
3440005120 2847232000 2817804288
3421970432 2826874880 2797259776
3428941824 2833842176 2804121600
3436224512 2841337856 2811575296
3431755776 2836996096 2807097344
3432546304 2837409792 2807779328
3422097408 2827563008 2797337600
3441008640 2848198656 2818281472
