1226178560 651051008 631317504
1227231232 651055104 631304192
1227218944 651079680 631319552
1227218944 651087872 631324672
1228275712 653160448 633375744
1228275712 651051008 631286784
1227206656 651046912 631286784
1227206656 651046912 631286784
1229332480 651067392 631283712
1229332480 651059200 631281664
1228263424 651116544 631343104
1228263424 651051008 631280640
1228263424 651055104 631281664
1228263424 651055104 631278592
1227194368 651063296 631287808
1227194368 651055104 631282688
1230389248 651071488 631288832
1230389248 651067392 631285760
1229320192 651063296 631287808
1229320192 651075584 631292928
1229320192 651063296 631285760
1229320192 651055104 631283712
1228251136 651055104 631287808
1228251136 651063296 631286784
1229320192 651055104 631289856
1229320192 651067392 631293952
1228251136 651067392 631294976
1228251136 651071488 631298048
1228251136 651059200 631300096
1228251136 651055104 631298048
1227182080 651051008 631300096
1226113024 651034624 631305216
