3435724800 2842796032 2813496320
3471286272 2878246912 2849026048
3425738752 2832867328 2803154944
3425673216 2830671872 2801061888
3449225216 2858975232 2829272064
3423698944 2828713984 2798987264
3431170048 2836525056 2806539264
3434835968 2840223744 2810162176
3425538048 2832371712 2801119232
3442925568 2852134912 2821012480
3425673216 2832502784 2801040384
3441573888 2851250176 2819739648
3459686400 2869297152 2837843968
3433926656 2843697152 2812009472
3441545216 2851545088 2819686400
3431776256 2839306240 2807372800
3423215616 2830368768 2798653440
3455844352 2865242112 2833887232
3443900416 2851282944 2819488768
3425116160 2832613376 2800683008
3433549824 2840883200 2809066496
3430297600 2837405696 2805701632
3455078400 2865647616 2833546240
3444756480 2854989824 2822964224
3443535872 2850893824 2821466112
3423641600 2828566528 2798951424
3437744128 2842738688 2813022208
3446321152 2851237888 2821495808
3439718400 2847637504 2817734656
3435335680 2840317952 2810691584
3424845824 2830450688 2800225280
3455033344 2864975872 2835075072
