3373862912 2778296320 2749010944
3386617856 2790891520 2761686016
3372204032 2777206784 2747510784
3372343296 2777305088 2747700224
3379302400 2786426880 2756743168
3372273664 2777333760 2747659264
3379122176 2784415744 2754464768
3374030848 2779512832 2749467648
3371524096 2778341376 2747115520
3372204032 2778697728 2747597824
3372511232 2779369472 2747933696
3374030848 2781110272 2749613056
3384434688 2791358464 2759947264
3377512448 2784509952 2752882688
3372232704 2781532160 2749705216
3378651136 2786205696 2754274304
3372408832 2779611136 2747915264
3378237440 2784968704 2753618944
3382861824 2790223872 2758453248
3372843008 2780397568 2748470272
3378233344 2785521664 2753746944
3371970560 2779238400 2747548672
3380441088 2788122624 2756056064
3388645376 2798804992 2766788608
3372892160 2777575424 2748155904
3371409408 2776330240 2746727424
3381370880 2786205696 2756496384
3378950144 2784055296 2754299904
3372982272 2778066944 2748225536
3381702656 2786668544 2757045248
3372675072 2778226688 2748024832
3381256192 2788372480 2758467584
