3425067008 2829643776 2800347136
3451723776 2858741760 2829520896
3425214464 2832265216 2802552832
3425148928 2830008320 2800398336
3435827200 2845458432 2815769600
3422285824 2827165696 2797453312
3429761024 2834923520 2804964352
3426893824 2832195584 2802143232
3421470720 2828226560 2796969984
3436761088 2845876224 2814753792
3424002048 2831032320 2799565824
3422961664 2830069760 2798563328
3439550464 2846547968 2815109120
3422347264 2832072704 2800415744
3427176448 2837102592 2805259264
3430764544 2838151168 2806216704
3421229056 2828541952 2796829696
3441111040 2850627584 2819268608
3435196416 2842451968 2810653696
3422457856 2829852672 2797922304
3432611840 2839826432 2808024064
3428622336 2835886080 2804185088
3445268480 2855686144 2823603200
3441827840 2851954688 2819933184
3440267264 2847469568 2818041856
3422232576 2827096064 2797480960
3429433344 2834305024 2804584448
3436961792 2842042368 2812279808
3432017920 2837209088 2807310336
3433111552 2837954560 2808324096
3422359552 2827821056 2797595648
3441889280 2849054720 2819137536
