3356987392 2761486336 2732211200
3362906112 2767212544 2738020352
3356442624 2761490432 2731836416
3356696576 2761523200 2731956224
3357450240 2764546048 2734887936
3356700672 2761596928 2731926528
3357671424 2762903552 2732990464
3357114368 2762342400 2732355584
3356184576 2763005952 2731777024
3356438528 2762870784 2731781120
3356708864 2763620352 2732218368
3357126656 2764054528 2732591104
3360804864 2767732736 2736337920
3355914240 2763026432 2731432960
3356704768 2766008320 2734262272
3358011392 2765348864 2733469696
3356971008 2764152832 2732486656
3359133696 2766028800 2734726144
3359379456 2766786560 2735068160
3357233152 2764517376 2732651520
3357163520 2764558336 2732808192
3356221440 2763444224 2731814912
3358441472 2766016512 2734024704
3372961792 2783105024 2751213568
3357102080 2761711616 2732332032
3356180480 2760957952 2731406336
3357315072 2762223616 2732587008
3360006144 2764845056 2735151104
3356901376 2761949184 2732211200
3358756864 2763603968 2734030848
3356983296 2762403840 2732280832
3360522240 2767675392 2737858560
