3332063232 2735362048 2707400704
3332059136 2735542272 2707537920
3331801088 2735329280 2707279872
3331792896 2735374336 2707216384
3331792896 2737582080 2709261312
3332059136 2735681536 2707437568
3332059136 2735742976 2707517440
3332059136 2735411200 2707255296
3331792896 2736451584 2707380224
3331534848 2735960064 2707008512
3332067328 2736377856 2707400704
3331801088 2736386048 2707243008
3332063232 2736922624 2707572736
3331796992 2736459776 2707244032
3332063232 2738929664 2709545984
3332059136 2736689152 2707464192
3332067328 2736529408 2707493888
3332329472 2736545792 2707713024
3332067328 2736730112 2707652608
3332067328 2736787456 2707520512
3331805184 2736594944 2707238912
3331805184 2736791552 2707334144
3331805184 2736586752 2707282944
3331809280 2736553984 2707303424
3332063232 2734563328 2707117056
3331801088 2734395392 2706902016
3331805184 2734493696 2707041280
3332063232 2735185920 2707377152
3332063232 2735046656 2707229696
3332063232 2735038464 2707228672
3332067328 2735042560 2707300352
3331543040 2734387200 2706795520
