3388911616 2793472000 2764186624
3398078464 2802528256 2773321728
3388133376 2793181184 2763483136
3381538816 2786361344 2756755456
3387342848 2794332160 2764644352
3381444608 2786324480 2756613120
3387777024 2792943616 2762988544
3384844288 2790158336 2760109056
3380338688 2787196928 2755958784
3381235712 2787774464 2756666368
3381645312 2788438016 2756979712
3385249792 2792378368 2760876032
3394293760 2801147904 2769710080
3387678720 2794762240 2763113472
3381063680 2790465536 2758630400
3387621376 2794962944 2763031552
3389014016 2796085248 2764385280
3389919232 2796756992 2765407232
3391188992 2798637056 2766860288
3387404288 2794811392 2762881024
3386945536 2794168320 2762369024
3380895744 2788216832 2756515840
3397492736 2807967744 2775892992
3398324224 2808655872 2776635392
3388383232 2792923136 2763503616
3381497856 2786201600 2756595712
3397361664 2802298880 2772585472
3390971904 2795962368 2766206976
3387342848 2792517632 2762662912
3390156800 2794975232 2765351936
3381587968 2787270656 2757052416
3393703936 2800939008 2771030016
