3403538432 2808025088 2778739712
3422560256 2826997760 2797828096
3401949184 2808934400 2779240448
3403653120 2808414208 2778808320
3411103744 2818060288 2788371456
3401416704 2806472704 2776760320
3408003072 2813366272 2783407104
3404652544 2810138624 2780086272
3398873088 2805624832 2774382592
3414974464 2824278016 2793169920
3402506240 2809462784 2778004480
3401265152 2808336384 2776838144
3415920640 2822815744 2791376896
3397775360 2805026816 2773373952
3402715136 2812260352 2780417024
3408375808 2815950848 2784016384
3400392704 2807660544 2775963648
3412312064 2819047424 2787708928
3411787776 2819203072 2787422208
3400794112 2808156160 2776229888
3410370560 2817781760 2785979392
3407126528 2814349312 2782652416
3422363648 2832711680 2800628736
3417620480 2827943936 2795922432
3418497024 2825895936 2796468224
3400736768 2805542912 2775936000
3406598144 2811645952 2781937664
3413319680 2818314240 2788558848
3410522112 2815655936 2785760256
3410296832 2815053824 2785434624
3400462336 2806075392 2775849984
3438456832 2845601792 2815688704
