3390947328 2795405312 2766119936
3398569984 2802933760 2773727232
3389906944 2797146112 2767448064
3382177792 2787164160 2757558272
3387641856 2794532864 2764844032
3382067200 2787090432 2757378048
3387777024 2793103360 2763145216
3384881152 2790346752 2760297472
3381239808 2787991552 2756749312
3382145024 2788552704 2757444608
3382284288 2789228544 2757770240
3387285504 2794311680 2762809344
3394699264 2801467392 2770028544
3387678720 2794905600 2763252736
3381948416 2791247872 2759411712
3387645952 2795143168 2763211776
3389014016 2796236800 2764536832
3390328832 2797064192 2765714432
3391537152 2798886912 2767106048
3388293120 2795855872 2763925504
3386970112 2794360832 2762561536
3381784576 2789011456 2757310464
3397836800 2808201216 2776126464
3399606272 2809827328 2777806848
3389272064 2793967616 2764548096
3381497856 2786344960 2756739072
3397672960 2802491392 2772777984
3391332352 2796220416 2766465024
3389374464 2794450944 2764581888
3390238720 2795208704 2765585408
3382493184 2788061184 2757842944
3394146304 2801274880 2771365888
