3427721216 2834976768 2805680128
3451867136 2858913792 2829692928
3425214464 2832285696 2802573312
3425148928 2830036992 2800427008
3435839488 2845491200 2815802368
3422285824 2827182080 2797469696
3429761024 2834948096 2804988928
3426918400 2832232448 2802180096
3421470720 2828242944 2796986368
3436761088 2845896704 2814774272
3424264192 2831052800 2799586304
3422961664 2830098432 2798592000
3439624192 2846642176 2815203328
3422347264 2832089088 2800432128
3427176448 2837135360 2805292032
3430801408 2838212608 2806278144
3421229056 2828566528 2796854272
3441184768 2850729984 2819371008
3435257856 2842542080 2810743808
3422457856 2829873152 2797942784
3432636416 2839875584 2808073216
3428622336 2835914752 2804213760
3445317632 2855755776 2823672832
3441913856 2852073472 2820056064
3440267264 2847494144 2818066432
3422232576 2827128832 2797513728
3429457920 2834350080 2804629504
3437035520 2842140672 2812378112
3432017920 2839891968 2809993216
3433148416 2838020096 2808393728
3422359552 2827845632 2797620224
3441987584 2849173504 2819256320
