3435102208 2842173440 2812873728
3460878336 2868023296 2838802432
3425214464 2832375808 2802663424
3425148928 2830143488 2800533504
3445829632 2855571456 2825882624
3422285824 2827272192 2797559808
3429761024 2835066880 2805107712
3434119168 2839523328 2809470976
3421470720 2828333056 2797076480
3436797952 2846023680 2814901248
3424264192 2831126528 2799660032
3432960000 2842583040 2811076608
3447648256 2857168896 2825730048
3427835904 2837635072 2805974016
3435405312 2845442048 2813598720
3431006208 2838511616 2806577152
3422380032 2829549568 2797834240
3449143296 2858512384 2827153408
3442806784 2850193408 2818395136
3423342592 2830860288 2798929920
3432792064 2840137728 2808335360
3428884480 2836013056 2804312064
3448434688 2858983424 2826900480
3442458624 2852696064 2820674560
3440267264 2847604736 2818177024
3423379456 2828099584 2798484480
3436847104 2841829376 2812108800
3445035008 2849972224 2820209664
3439386624 2847072256 2817173504
3433451520 2838421504 2808791040
3422359552 2827948032 2797722624
3442704384 2849992704 2820075520
