3355414528 2759962624 2730765312
3361017856 2765246464 2736193536
3355131904 2759962624 2730386432
3355123712 2759831552 2730517504
3356078080 2762940416 2733402112
3355127808 2759942144 2730501120
3356098560 2761326592 2731541504
3355529216 2760675328 2730916864
3354873856 2761539584 2730383360
3354865664 2761228288 2730354688
3355398144 2762084352 2730767360
3355553792 2762301440 2731138048
3359039488 2765959168 2734652416
3354603520 2761428992 2730037248
3355394048 2764414976 2732918784
3356364800 2763579392 2731975680
3355398144 2762489856 2731043840
3357655040 2764255232 2733168640
3357925376 2765086720 2733475840
3355660288 2763046912 2731276288
3355779072 2762948608 2731355136
3354910720 2761957376 2730415104
3356770304 2764201984 2732491776
3371208704 2781130752 2749592576
3355529216 2760130560 2730885120
3354607616 2759421952 2729995264
3355619328 2760376320 2731046912
3358273536 2763046912 2733541376
3355590656 2760421376 2730827776
3357077504 2761867264 2732471296
3355410432 2760695808 2730901504
3358646272 2765537280 2736148480
