3438284800 2842882048 2813582336
3422015488 2826649600 2797264896
3422109696 2829172736 2799499264
3425542144 2832547840 2802856960
3421261824 2826272768 2796573696
3437330432 2845040640 2815313920
3425636352 2830987264 2801045504
3439497216 2844639232 2814702592
3426529280 2833276928 2802038784
3435520000 2844901376 2813752320
3433558016 2843144192 2811760640
3431223296 2840948736 2809430016
3421794304 2828730368 2797169664
3437535232 2847170560 2815687680
3435175936 2845171712 2813296640
3431047168 2841059328 2809143296
3440369664 2850193408 2818469888
3422543872 2829451264 2797937664
3439587328 2846707712 2814983168
3440504832 2850607104 2818706432
3428085760 2837450752 2805573632
3422523392 2829840384 2798124032
3427155968 2835046400 2802867200
3443208192 2850832384 2818792448
3440988160 2845642752 2816130048
3445997568 2853326848 2823919616
3467534336 2875146240 2845507584
3427807232 2835554304 2805675008
3432755200 2837737472 2807971840
3422371840 2827411456 2797680640
3424514048 2830028800 2799908864
3444490240 2849841152 2819720192
