3334160384 2737811456 2709544960
3334418432 2738147328 2709841920
3334414336 2740436992 2711947264
3334422528 2740383744 2711787520
3334156288 2738253824 2709636096
3334684672 2738716672 2710082560
3334422528 2738266112 2709660672
3334422528 2738298880 2709816320
3334418432 2739589120 2709991424
3334680576 2739703808 2710095872
3334418432 2741760000 2712003584
3334680576 2740154368 2710321152
3334684672 2739949568 2710066176
3334684672 2740097024 2710304768
3334680576 2739912704 2710146048
3334684672 2739941376 2710170624
3334680576 2739900416 2710223872
3334680576 2739810304 2710085632
3334684672 2739998720 2710131712
3334422528 2739826688 2709846016
3334684672 2742079488 2712114176
3334422528 2739941376 2709996544
3334684672 2740060160 2710159360
3334426624 2739818496 2709959680
3334422528 2737700864 2709696512
3334426624 2737692672 2709617664
3334688768 2738098176 2709945344
3334426624 2737700864 2709497856
3334426624 2737684480 2709568512
3334426624 2737655808 2709540864
3334950912 2738343936 2710212608
3334688768 2737917952 2709940224
