1213644800 298733568 279040000
1214595072 298758144 279040000
1214619648 298762240 279037952
1214582784 300859392 281116672
1215676416 298770432 279033856
1215688704 298762240 279027712
1214619648 298786816 279056384
1214611456 298782720 279054336
1216733184 298774528 279023616
1216733184 298770432 279023616
1215664128 298762240 279021568
1215692800 298758144 279019520
1215664128 298754048 279015424
1215692800 298770432 279025664
1214623744 298758144 279023616
1214595072 298754048 279019520
1217789952 298786816 279033856
1217794048 298782720 279031808
1216720896 298766336 279025664
1216724992 298774528 279029760
1216720896 298766336 279023616
1216724992 300273664 280528896
1215655936 298766336 279027712
1215680512 298770432 279027712
1216724992 298774528 279035904
1216720896 298782720 279035904
1215655936 298778624 279040000
1215680512 298778624 279035904
1215655936 298766336 279040000
1215655936 298770432 279042048
1214586880 298770432 279050240
1213530112 298766336 279066624
