3438018560 2842447872 2813148160
3422015488 2826481664 2797096960
3422109696 2828984320 2799325184
3421741056 2828849152 2799172608
3420999680 2826125312 2796440576
3434635264 2842292224 2812565504
3425636352 2830815232 2800873472
3438919680 2844147712 2814211072
3426430976 2833031168 2801793024
3424899072 2831413248 2800264192
3433558016 2842947584 2811595776
3425652736 2835226624 2803735552
3421532160 2828566528 2797027328
3437535232 2847010816 2815527936
3432226816 2842312704 2810437632
3430785024 2840895488 2808979456
3437383680 2847297536 2815574016
3422281728 2829279232 2797765632
3437797376 2844962816 2813261824
3434725376 2844909568 2813029376
3420741632 2830176256 2798321664
3422523392 2829692928 2797976576
3426258944 2833989632 2801810432
3442049024 2849742848 2817710080
3440304128 2845048832 2815536128
3445596160 2852741120 2823333888
3466457088 2873876480 2844251136
3427545088 2835369984 2805498880
3432431616 2837499904 2807744512
3422109696 2827218944 2797488128
3423629312 2828992512 2798872576
3443646464 2849087488 2818966528
