3439050752 2843426816 2814131200
3423162368 2827857920 2798473216
3424403456 2831241216 2801567744
3431116800 2838183936 2808497152
3423297536 2828324864 2798625792
3437592576 2845368320 2815645696
3426783232 2832175104 2802233344
3440017408 2845208576 2815292416
3427774464 2834563072 2803324928
3436044288 2845216768 2814067712
3433820160 2843459584 2812079104
3437084672 2846826496 2815306752
3422941184 2829893632 2798340096
3437797376 2847502336 2816023552
3435438080 2845470720 2813599744
3439345664 2849406976 2817490944
3440631808 2850533376 2818809856
3423694848 2830635008 2799125504
3440357376 2847559680 2815850496
3443527680 2853666816 2821769216
3433660416 2843054080 2811185152
3432517632 2842537984 2810821632
3432992768 2840666112 2808495104
3445067776 2852749312 2820709376
3441602560 2846334976 2816826368
3446812672 2853941248 2824550400
3480072192 2887536640 2857913344
3428069376 2835873792 2805999616
3433066496 2838081536 2808315904
3422633984 2827710464 2797979648
3425460224 2831011840 2800896000
3445215232 2850607104 2820510720
