3399860224 2804248576 2774948864
3396472832 2801143808 2771759104
3392438272 2799259648 2769601536
3397365760 2804424704 2774749184
3391418368 2796511232 2766841856
3396939776 2801807360 2772102144
3393449984 2798821376 2768900096
3397906432 2803175424 2773245952
3394015232 2800635904 2769397760
3395735552 2802237440 2771088384
3406299136 2815655936 2784304128
3396358144 2803441664 2771951616
3393875968 2800939008 2769418240
3415752704 2825228288 2793761792
3394519040 2801971200 2770103296
3392757760 2800152576 2768246784
3402276864 2812215296 2780491776
3398782976 2805751808 2774238208
3403980800 2811174912 2779473920
3392069632 2799390720 2767510528
3391373312 2800783360 2768946176
3392253952 2799415296 2767706112
3393929216 2801807360 2769649664
3405893632 2813521920 2781493248
3398811648 2803511296 2773998592
3398283264 2802753536 2773346304
3410235392 2814967808 2785342464
3397120000 2802315264 2772444160
3393822720 2798854144 2769098752
3398942720 2803802112 2774082560
3394834432 2800365568 2770249728
3406950400 2812338176 2782217216
