3350257664 2754633728 2725488640
3349884928 2754265088 2724998144
3349643264 2756386816 2726992896
3349626880 2756317184 2726916096
3349360640 2753900544 2724497408
3349889024 2754490368 2725090304
3349811200 2754527232 2725028864
3350933504 2755698688 2726136832
3349905408 2756341760 2725338112
3349897216 2756251648 2725267456
3349360640 2757926912 2726924288
3349884928 2756603904 2725430272
3349626880 2756239360 2725038080
3350151168 2756874240 2725730304
3349360640 2756354048 2724926464
3349889024 2756952064 2725457920
3349622784 2756722688 2725320704
3350147072 2756689920 2725517312
3351400448 2758017024 2726888448
3349626880 2756509696 2725048320
3349626880 2758438912 2727150592
3349626880 2756313088 2725111808
3349774336 2756927488 2725356544
3351736320 2758590464 2727254016
3350630400 2755010560 2725818368
3350020096 2754453504 2725355520
3352735744 2757263360 2728145920
3349893120 2754551808 2725127168
3349741568 2754334720 2725049344
3349106688 2753806336 2724496384
3350417408 2755166208 2725619712
3351715840 2756612096 2727058432
