3341561856 2745430016 2716824576
3341496320 2745626624 2716886016
3341516800 2747764736 2718960640
3341500416 2747801600 2718896128
3341234176 2745323520 2716451840
3341762560 2745917440 2717054976
3341238272 2745589760 2716691456
3341549568 2745921536 2716907520
3341246464 2746937344 2716840960
3341758464 2747453440 2717251584
3341496320 2749165568 2718984192
3341758464 2747654144 2717343744
3341500416 2747269120 2716980224
3342024704 2747719680 2717484032
3341496320 2747244544 2716942336
3341762560 2747719680 2717317120
3341758464 2747744256 2717416448
3342020608 2747662336 2717382656
3341774848 2747613184 2717339648
3341238272 2747252736 2716868608
3341762560 2749476864 2719185920
3341500416 2747166720 2716912640
3341500416 2747539456 2717164544
3341529088 2747510784 2717101056
3341512704 2745122816 2716784640
3341504512 2745147392 2716740608
3342340096 2745831424 2717386752
3341504512 2745176064 2716645376
3341504512 2745094144 2716636160
3341242368 2744832000 2716399616
3342290944 2746036224 2717521920
3342028800 2745856000 2717296640
