3439001600 2843340800 2814045184
3423162368 2827800576 2798432256
3422371840 2829426688 2799757312
3429347328 2836344832 2806674432
3421523968 2826498048 2796815360
3437592576 2845315072 2815592448
3425898496 2831237120 2801303552
3439955968 2845097984 2815169536
3426877440 2833604608 2802386944
3435782144 2845159424 2814018560
3433820160 2843414528 2812029952
3437084672 2846789632 2815269888
3421794304 2828959744 2797402112
3437797376 2847436800 2815970304
3435438080 2845413376 2813554688
3436658688 2846650368 2814742528
3440631808 2850480128 2818764800
3423694848 2830585856 2799076352
3440246784 2847395840 2815670272
3443527680 2853601280 2821715968
3431890944 2841243648 2809370624
3432517632 2842480640 2810776576
3430961152 2838843392 2806668288
3444887552 2852495360 2820484096
3441516544 2846195712 2816699392
3446476800 2853818368 2824423424
3471536128 2878951424 2849315840
3428069376 2835816448 2805946368
3433054208 2838024192 2808266752
3422633984 2827669504 2797938688
3424776192 2830266368 2800158720
3445104640 2850459648 2820338688
