3388678144 2793209856 2763911168
3395686400 2800353280 2770969600
3381280768 2788114432 2758456320
3381153792 2788204544 2758533120
3380383744 2785497088 2755827712
3381563392 2786402304 2756701184
3386028032 2791141376 2761227264
3389079552 2794373120 2764444672
3386187776 2792837120 2761606144
3381878784 2788372480 2757224448
3391983616 2801356800 2770004992
3390521344 2797350912 2765860864
3380940800 2788007936 2756487168
3387437056 2797162496 2765696000
3382894592 2790375424 2758511616
3384287232 2791608320 2759707648
3380686848 2787962880 2756239360
3392684032 2799611904 2768098304
3392573440 2799730688 2768029696
3380977664 2788315136 2756434944
3380539392 2789953536 2758116352
3381202944 2788388864 2756683776
3385925632 2793795584 2761637888
3394609152 2802229248 2770200576
3389857792 2794545152 2765032448
3387703296 2792398848 2762991616
3398275072 2803171328 2773549056
3387142144 2792357888 2762486784
3383947264 2788970496 2759218176
3389038592 2794151936 2764432384
3389620224 2795130880 2765015040
3393122304 2798485504 2768367616
