3353112576 2757652480 2728388608
3352244224 2756804608 2727521280
3352264704 2759118848 2729621504
3352248320 2758991872 2729469952
3351719936 2756476928 2727079936
3352510464 2757251072 2727672832
3352313856 2757427200 2727709696
3353690112 2758631424 2728911872
3352596480 2759159808 2727981056
3352256512 2758856704 2727813120
3351982080 2760716288 2729506816
3352506368 2759495680 2728119296
3352248320 2759004160 2727659520
3352772608 2759618560 2728378368
3351982080 2759077888 2727449600
3352510464 2759643136 2727950336
3352244224 2759262208 2727851008
3352768512 2759479296 2728205312
3354546176 2761359360 2730079232
3351986176 2759122944 2727442432
3352248320 2761240576 2729709568
3352248320 2759237632 2727685120
3352395776 2759897088 2727989248
3355123712 2762219520 2730747904
3353640960 2758213632 2728797184
3353051136 2757423104 2728143872
3356553216 2761068544 2731825152
3352252416 2757263360 2727610368
3352375296 2757091328 2727571456
3351990272 2756669440 2727127040
3353038848 2757971968 2728330240
3355037696 2760232960 2730338304
