3355664384 2760155136 2730872832
3354603520 2759098368 2729736192
3354624000 2761445376 2731875328
3354345472 2761322496 2731703296
3354079232 2758852608 2729248768
3354607616 2759450624 2729836544
3354734592 2759786496 2729956352
3355881472 2761150464 2731289600
3354742784 2761437184 2730240000
3354615808 2761060352 2729924608
3354341376 2762981376 2731714560
3354865664 2761785344 2730374144
3354345472 2761252864 2729805824
3355131904 2762067968 2730659840
3354079232 2761342976 2729601024
3354607616 2761908224 2730149888
3354603520 2761732096 2730051584
3354865664 2761879552 2730429440
3357233152 2764308480 2732708864
3354083328 2761412608 2729622528
3354345472 2763563008 2731879424
3354345472 2761531392 2729942016
3354755072 2762358784 2730303488
3357966336 2765320192 2733522944
3355979776 2760753152 2731301888
3355267072 2759835648 2730500096
3359494144 2764206080 2734713856
3354349568 2759409664 2729699328
3354472448 2759413760 2729821184
3354087424 2759008256 2729376768
3355398144 2760675328 2730699776
3357687808 2762993664 2733022208
