3351392256 2755809280 2726580224
3350671360 2755227648 2725936128
3350691840 2757472256 2727992320
3350413312 2757312512 2727842816
3350147072 2754891776 2725433344
3350675456 2755514368 2726046720
3350646784 2755653632 2726014976
3351781376 2756845568 2727181312
3350974464 2757414912 2726299648
3350945792 2757341184 2726266880
3350409216 2758995968 2727872512
3350933504 2757726208 2726445056
3350675456 2757349376 2726040576
3351199744 2758008832 2726728704
3350409216 2757451776 2725880832
3350937600 2758012928 2726402048
3350671360 2757816320 2726266880
3350933504 2757808128 2726496256
3352657920 2759413760 2728096768
3350413312 2757521408 2725916672
3350413312 2759548928 2728080384
3350413312 2757447680 2726048768
3350822912 2758131712 2726322176
3353112576 2760134656 2728583168
3351597056 2756251648 2726932480
3351130112 2755637248 2726383616
3354456064 2758885376 2729561088
3350679552 2755620864 2726052864
3350790144 2755432448 2725980160
3350155264 2754928640 2725468160
3351203840 2756321280 2726606848
3352936448 2758029312 2728272896
