3355525120 2760290304 2730875904
3354865664 2759262208 2729961472
3357982720 2762735616 2733205504
3354415104 2759278592 2729638912
3355373568 2762149888 2732655616
3354152960 2758946816 2729419776
3354869760 2763968512 2734144512
3358310400 2763390976 2733551616
3354079232 2762592256 2731324416
3354226688 2760810496 2729749504
3355299840 2762346496 2730809344
3354869760 2761756672 2730424320
3354341376 2761228288 2729810944
3354554368 2761252864 2730033152
3356536832 2763735040 2732065792
3354603520 2762080256 2730199040
3356516352 2763358208 2731961344
3356745728 2763575296 2732243968
3355136000 2762313728 2730566656
3354873856 2761687040 2730254336
3354611712 2761580544 2730033152
3356672000 2763874304 2732380160
3354349568 2762256384 2730072064
3355136000 2762698752 2730747904
3354718208 2759573504 2729967616
3356577792 2761318400 2731837440
3354349568 2759294976 2729631744
3355701248 2760536064 2731019264
3355549696 2760187904 2730701824
3358359552 2763259904 2733709312
3354869760 2760073216 2730070016
3354374144 2761506816 2731688960
