3427045376 2831802368 2802364416
3422842880 2827476992 2798157824
3438948352 2843885568 2814289920
3421876224 2826887168 2797165568
3446489088 2856038400 2826436608
3423514624 2828517376 2798927872
3423748096 2833039360 2803127296
3441836032 2847023104 2817102848
3423367168 2831872000 2800573440
3429728256 2836254720 2805172224
3426779136 2835812352 2804214784
3423137792 2830090240 2798670848
3419701248 2828800000 2797312000
3421863936 2828648448 2797360128
3431305216 2838663168 2806893568
3420897280 2828414976 2796397568
3429847040 2836803584 2805308416
3433369600 2840121344 2808702976
3436187648 2846281728 2814418944
3423322112 2830462976 2798885888
3426570240 2833891328 2802195456
3430055936 2837225472 2805618688
3421319168 2829332480 2797002752
3441856512 2852212736 2820085760
3423731712 2828509184 2798835712
3436670976 2841464832 2811908096
3420934144 2826084352 2796295168
3428327424 2833227776 2803565568
3431354368 2836250624 2806564864
3460317184 2867957760 2838293504
3421470720 2827071488 2796879872
3425439744 2832777216 2802796544
