3384922112 2789531648 2760102912
3376132096 2780753920 2751451136
3393179648 2798018560 2768430080
3375378432 2780438528 2750748672
3387158528 2794020864 2764427264
3376742400 2781487104 2751900672
3375915008 2785185792 2755282944
3391188992 2796572672 2766654464
3374616576 2783170560 2751905792
3384651776 2791174144 2760100864
3385925632 2793095168 2761501696
3376181248 2783109120 2751689728
3374850048 2781859840 2750437376
3383021568 2789810176 2758529024
3388895232 2796175360 2764419072
3375796224 2783252480 2751257600
3387904000 2794971136 2763485184
3388538880 2795401216 2764008448
3391590400 2801627136 2769776640
3376058368 2783293440 2751716352
3375915008 2783232000 2751568896
3387838464 2795020288 2763449344
3375767552 2783784960 2751498240
3376353280 2784182272 2752067584
3375915008 2780999680 2751334400
3388841984 2793533440 2763988992
3375329280 2780520448 2750743552
3386986496 2791968768 2762306560
3386482688 2791251968 2761633792
3393228800 2798047232 2768387072
3375976448 2781577216 2751442944
3375792128 2783084544 2753124352
