3427405824 2834178048 2804740096
3423105024 2827710464 2798391296
3440713728 2845605888 2816010240
3422138368 2827120640 2797399040
3447394304 2856894464 2827292672
3426435072 2834071552 2804482048
3424010240 2833293312 2803381248
3443347456 2848526336 2818606080
3423629312 2832089088 2800790528
3430268928 2836787200 2805690368
3426983936 2836267008 2804655104
3423399936 2830278656 2798844928
3419963392 2829012992 2797524992
3422126080 2828894208 2797602816
3432235008 2839568384 2807798784
3421159424 2828660736 2796643328
3430498304 2837438464 2805943296
3434242048 2841251840 2809819136
3436449792 2846539776 2814666752
3423584256 2830708736 2799124480
3426832384 2834141184 2802445312
3430961152 2838081536 2806474752
3421581312 2829549568 2797212672
3442118656 2852454400 2820327424
3423731712 2828718080 2799044608
3437457408 2842234880 2812667904
3423850496 2831663104 2801866752
3428544512 2833698816 2804022272
3431895040 2836733952 2807048192
3462180864 2869809152 2840144896
3421732864 2827309056 2797113344
3425701888 2832969728 2802989056
