3358433280 2763067392 2733700096
3357487104 2762010624 2732758016
3361361920 2766094336 2736632832
3357036544 2761953280 2732359680
3358199808 2765123584 2735680512
3356774400 2761646080 2732185600
3357491200 2766680064 2736919552
3361529856 2766602240 2736835584
3356700672 2765180928 2734003200
3357184000 2763579392 2732613632
3358208000 2765172736 2733717504
3357753344 2764480512 2733208576
3356962816 2763911168 2732542976
3357224960 2763960320 2732796928
3359625216 2766843904 2735204352
3357224960 2764775424 2732919808
3359555584 2766364672 2735024128
3359858688 2766639104 2735377408
3357757440 2765123584 2733425664
3357495296 2764492800 2733071360
3357233152 2764283904 2732779520
3359739904 2766962688 2735529984
3357233152 2765049856 2732873728
3357757440 2765467648 2733549568
3357601792 2762387456 2732852224
3359678464 2764337152 2734939136
3356971008 2762027008 2732408832
3358679040 2763427840 2733942784
3358269440 2763120640 2733691904
3361640448 2766540800 2737060864
3357491200 2762911744 2732919808
3356995584 2764292096 2734492672
