3394674688 2799316992 2769880064
3389247488 2793787392 2764469248
3403739136 2808578048 2778986496
3392307200 2797264896 2767543296
3395317760 2802139136 2772537344
3389202432 2794106880 2764517376
3388817408 2798055424 2768143360
3402964992 2808057856 2778137600
3389788160 2798223360 2766925824
3390152704 2796642304 2765563904
3390943232 2800164864 2768571392
3389239296 2796093440 2764674048
3387469824 2794471424 2762983424
3392438272 2799153152 2767864832
3394842624 2802130944 2770361344
3388485632 2795925504 2763911168
3393466368 2800537600 2769043456
3399315456 2806226944 2774809600
3403726848 2813743104 2781884416
3389235200 2796351488 2764774400
3389067264 2796273664 2764577792
3398438912 2805719040 2774115328
3393458176 2801389568 2769063936
3404259328 2814513152 2782390272
3388919808 2793947136 2764281856
3396362240 2801086464 2771540992
3388301312 2793394176 2763612160
3393208320 2798206976 2768544768
3391524864 2796396544 2766729216
3414351872 2821820416 2792156160
3398201344 2803744768 2773553152
3388682240 2796044288 2766064640
