3341242368 2745065472 2716443648
3340709888 2744668160 2716014592
3340738560 2744950784 2716153856
3340185600 2744360960 2715512832
3340185600 2746363904 2717564928
3340185600 2744483840 2715663360
3340976128 2745110528 2716237824
3341524992 2745798656 2716840960
3340447744 2747695104 2717666304
3340185600 2745929728 2715765760
3340972032 2746683392 2716533760
3340976128 2746667008 2716440576
3340709888 2746294272 2716114944
3340451840 2746163200 2715965440
3340722176 2746675200 2716337152
3340972032 2746953728 2716560384
3340992512 2746531840 2716463104
3340976128 2746654720 2716536832
3340980224 2746720256 2716551168
3340718080 2746441728 2716194816
3340718080 2746580992 2716324864
3341242368 2747076608 2716803072
3340718080 2746728448 2716283904
3340718080 2746773504 2716404736
3340713984 2744131584 2715927552
3341254656 2744725504 2716425216
3340718080 2744233984 2715838464
3340754944 2744422400 2715984896
3340980224 2744483840 2716086272
3341258752 2744819712 2716348416
3340976128 2744606720 2716086272
3340193792 2746052608 2717519872
