3344125952 2748149760 2719366144
3343593472 2747650048 2718895104
3344068608 2748162048 2719256576
3343069184 2747375616 2718411776
3343069184 2749349888 2720464896
3343093760 2747396096 2718500864
3343859712 2748043264 2719064064
3344592896 2749046784 2719913984
3343331328 2750763008 2720496640
3343069184 2749005824 2718672896
3343880192 2749681664 2719356928
3343859712 2749710336 2719311872
3343593472 2749313024 2718988288
3343335424 2749091840 2718804992
3343978496 2749939712 2719388672
3343855616 2750152704 2719459328
3344248832 2749931520 2719595520
3343970304 2749964288 2719557632
3343863808 2749906944 2719446016
3343601664 2749448192 2719043584
3343601664 2749648896 2719177728
3344224256 2750115840 2719735808
3343601664 2749890560 2719070208
3343601664 2749943808 2719362048
3343634432 2747322368 2718790656
3344199680 2748010496 2719394816
3343601664 2747293696 2718675968
3343785984 2747514880 2718956544
3343912960 2747584512 2719057920
3343990784 2747908096 2719275008
3343597568 2747703296 2718905344
3343101952 2749104128 2720352256
