3346309120 2750537728 2721610752
3345690624 2749755392 2720913408
3346542592 2750779392 2721772544
3345203200 2749616128 2720525312
3345166336 2751533056 2722534400
3345240064 2749546496 2720545792
3345694720 2754297856 2725174272
3347005440 2751574016 2722312192
3345166336 2753044480 2722525184
3345428480 2751246336 2720788480
3346051072 2752040960 2721488896
3345956864 2751946752 2721384448
3345428480 2751524864 2721001472
3345457152 2751385600 2720922624
3346018304 2752405504 2721662976
3345952768 2752573440 2721520640
3346276352 2752434176 2721871872
3346345984 2752512000 2721935360
3345960960 2752245760 2721524736
3345698816 2751680512 2721153024
3345698816 2751975424 2721295360
3346505728 2752557056 2722035712
3345698816 2752290816 2721159168
3345960960 2752331776 2721479680
3345793024 2749673472 2720869376
3346432000 2750427136 2721579008
3345436672 2749607936 2720764928
3346087936 2750025728 2721287168
3346046976 2749890560 2721195008
3346403328 2750476288 2721684480
3345694720 2750095360 2721025024
3345199104 2751393792 2722505728
