3394748416 2799529984 2770093056
3391348736 2795765760 2766447616
3405291520 2810011648 2780420096
3392307200 2797391872 2767670272
3399016448 2805956608 2776354816
3390443520 2795225088 2765635584
3390640128 2800001024 2770088960
3404193792 2809421824 2779501568
3389788160 2798362624 2767065088
3394019328 2800390144 2769307648
3393142784 2802237440 2770643968
3391070208 2798055424 2766636032
3389480960 2796355584 2764867584
3392438272 2799271936 2767983616
3397140480 2804305920 2772536320
3390296064 2797871104 2765856768
3395731456 2802671616 2771176448
3400667136 2807472128 2776053760
3406708736 2816622592 2784763904
3391139840 2798329856 2766752768
3391168512 2798276608 2766580736
3398860800 2806030336 2774426624
3397263360 2805075968 2772746240
3406921728 2817335296 2785211392
3391094784 2795945984 2766275584
3400048640 2804920320 2775367680
3390382080 2795352064 2765565952
3394555904 2799443968 2769781760
3395297280 2800226304 2770547712
3417440256 2825080832 2795416576
3400859648 2806530048 2776338432
3391549440 2798952448 2768971776
