3368062976 2772688896 2743260160
3366924288 2771357696 2742042624
3372982272 2777944064 2748359680
3366211584 2771095552 2741382144
3368476672 2775302144 2745715712
3365949440 2770903040 2741320704
3366666240 2775822336 2745918464
3372806144 2777915392 2747997184
3365613568 2774151168 2742865920
3366576128 2772930560 2741853184
3367849984 2774798336 2743216128
3366928384 2773696512 2742281216
3366137856 2773110784 2741627904
3366707200 2773344256 2742067200
3369820160 2777247744 2745486336
3366662144 2774159360 2742160384
3369398272 2776350720 2744865792
3370557440 2777563136 2746155008
3367194624 2774425600 2742582272
3366670336 2773696512 2742127616
3366670336 2773774336 2742086656
3370336256 2777415680 2745824256
3366670336 2774495232 2742179840
3366932480 2774786048 2742679552
3366776832 2771623936 2741959680
3369914368 2774671360 2745127936
3366146048 2771132416 2741369856
3368640512 2773467136 2743812096
3368046592 2772942848 2743337984
3373121536 2778001408 2748341248
3366928384 2772348928 2742168576
3366170624 2773614592 2743642112
