3340718080 2744635392 2716025856
3340185600 2744246272 2715599872
3340464128 2744541184 2715749376
3339923456 2743980032 2715139072
3339923456 2745978880 2717185024
3339923456 2744098816 2715285504
3340451840 2744676352 2715812864
3340988416 2745380864 2716444672
3339923456 2747273216 2717271040
3339923456 2745503744 2715350016
3340709888 2746241024 2716125184
3340451840 2746261504 2716054528
3340185600 2745942016 2715771904
3340189696 2745741312 2715571200
3340447744 2746290176 2715985920
3340709888 2746519552 2716150784
3340718080 2746159104 2716111872
3340713984 2746236928 2716128256
3340718080 2746331136 2716180480
3340455936 2746068992 2715828224
3340455936 2746208256 2715967488
3340718080 2746642432 2716381184
3340455936 2746306560 2715893760
3340455936 2746376192 2716023808
3340451840 2743726080 2715548672
3340718080 2744279040 2716004352
3340193792 2743832576 2715453440
3340492800 2744057856 2715627520
3340455936 2744074240 2715693056
3340734464 2744397824 2715936768
3340451840 2744197120 2715700224
3339931648 2745626624 2717124608
