3348242432 2752606208 2723580928
3347525632 2751651840 2722719744
3348873216 2753163264 2724078592
3347075072 2751598592 2722390016
3347148800 2753622016 2724504576
3347075072 2751488000 2722380800
3347529728 2756243456 2726982656
3349274624 2753851392 2724497408
3347001344 2755055616 2724335616
3347001344 2753130496 2722528256
3347959808 2754285568 2723470336
3347791872 2754015232 2723270656
3347263488 2753585152 2722842624
3347316736 2753441792 2722809856
3348348928 2754695168 2723768320
3347787776 2754523136 2723272704
3348369408 2754715648 2723945472
3348533248 2754879488 2724123648
3347795968 2754273280 2723315712
3347533824 2753597440 2722944000
3347533824 2753888256 2723061760
3348594688 2754834432 2724152320
3347271680 2754306048 2722950144
3347795968 2754433024 2723376128
3347640320 2751741952 2722722816
3348459520 2752585728 2723558400
3347271680 2751643648 2722612224
3348140032 2752249856 2723357696
3347943424 2751995904 2723125248
3348983808 2753007616 2724059136
3347529728 2752163840 2722879488
3347034112 2753445888 2724402176
