3396620288 2801172480 2771734528
3394142208 2798583808 2769264640
3406835712 2811596800 2782005248
3393912832 2798997504 2769275904
3406635008 2816233472 2786631680
3393273856 2798092288 2768502784
3393413120 2802774016 2772861952
3410325504 2815598592 2785678336
3392761856 2801344512 2770045952
3399675904 2806030336 2774947840
3396087808 2805207040 2773609472
3393863680 2800865280 2769445888
3392155648 2799054848 2767566848
3393830912 2800680960 2769392640
3400318976 2807500800 2775731200
3393019904 2800627712 2768610304
3398836224 2805817344 2774322176
3401822208 2808676352 2777257984
3406970880 2816913408 2785054720
3394232320 2801176576 2769599488
3396743168 2803859456 2772163584
3404750848 2811981824 2780378112
3401068544 2808897536 2776567808
3409866752 2820313088 2788186112
3393875968 2798723072 2769049600
3405889536 2810765312 2781212672
3393179648 2798145536 2768356352
3397529600 2802417664 2772755456
3401003008 2805968896 2776286208
3424038912 2831478784 2801814528
3401383936 2806808576 2776616960
3397124096 2804539392 2774558720
