3334164480 2737795072 2709495808
3333894144 2737557504 2709288960
3333898240 2737737728 2709325824
3333632000 2737586176 2709090304
3333632000 2737487872 2708898816
3333894144 2737782784 2709215232
3334160384 2738057216 2709507072
3334684672 2738552832 2709985280
3333894144 2740715520 2711192576
3333632000 2738417664 2709056512
3334418432 2739249152 2709807104
3334160384 2739298304 2709625856
3334156288 2739441664 2709582848
3333636096 2739015680 2709231616
3334418432 2739666944 2709841920
3334418432 2739474432 2709818368
3334164480 2738933760 2709486592
3334422528 2739261440 2709880832
3334164480 2739482624 2709766144
3334164480 2739425280 2709627904
3334164480 2739527680 2709655552
3334164480 2739695616 2709784576
3334164480 2739556352 2709652480
3334164480 2739462144 2709746688
3334160384 2737205248 2709386240
3334426624 2737405952 2709564416
3333902336 2737020928 2709001216
3334164480 2737299456 2709219328
3334164480 2737512448 2709377024
3334168576 2737467392 2709367808
3334160384 2737397760 2709312512
3333902336 2738999296 2711060480
