3823226880 3200008192 3162812416
3765608448 3179622400 3142161408
3765182464 3180703744 3143251968
3765297152 3180724224 3143367680
3765997568 3179630592 3142337536
3764920320 3178668032 3141412864
3764948992 3179094016 3141485568
3765628928 3179429888 3142159360
3764416512 3178598400 3140937728
3764690944 3178758144 3141208064
3763888128 3179368448 3142008832
3764957184 3178815488 3141268480
3764576256 3178311680 3141088256
3765055488 3178967040 3141464064
3764412416 3178708992 3140951040
3765448704 3179253760 3141809152
3764568064 3178188800 3141027840
3764428800 3178336256 3140813824
3764862976 3178512384 3141363712
3764871168 3178471424 3141363712
3764715520 3178614784 3141263360
3764412416 3178352640 3140784128
3765522432 3179327488 3141910528
3765313536 3179261952 3141712896
3765710848 3179384832 3142156288
3766059008 3179790336 3142461440
3764428800 3178414080 3140816896
3764416512 3178291200 3140909056
3764678656 3178586112 3141113856
3767083008 3181711360 3144429568
3766128640 3179958272 3142641664
3765383168 3179225088 3141744640
