3900952576 3278950400 3240444928
3846041600 3265130496 3226187776
3823882240 3240914944 3201997824
3852128256 3271041024 3232239616
3834654720 3249958912 3211089920
3830841344 3245993984 3207364608
3821977600 3237605376 3198567424
3856945152 3276038144 3237220352
3833511936 3252404224 3213681664
3822333952 3237261312 3198648320
3819409408 3235872768 3197462528
3822419968 3237281792 3198764032
3822120960 3237277696 3198552064
3827748864 3243057152 3204082688
3821879296 3237376000 3198323712
3847667712 3266920448 3227870208
3827408896 3243663360 3205294080
3820339200 3235188736 3196652544
3835711488 3254398976 3215912960
3830603776 3245416448 3207110656
3822645248 3237838848 3199130624
3839840256 3258826752 3219889152
3823607808 3238686720 3200025600
3849687040 3268595712 3229793280
3831046144 3245740032 3207446528
3834449920 3249176576 3210800128
3819323392 3235913728 3197267968
3821879296 3236683776 3198214144
3854610432 3273711616 3234839552
3837976576 3254128640 3215456256
3831701504 3248320512 3209749504
3830476800 3247083520 3208408064
