3948027904 3329675264 3291138048
3882029056 3301163008 3262102528
3853574144 3270656000 3231607808
3883397120 3302453248 3263583232
3863699456 3278942208 3240008704
3857203200 3272245248 3233543168
3850760192 3266314240 3227238400
3886567424 3305500672 3266663424
3869622272 3288358912 3249628160
3850825728 3265904640 3227278336
3846631424 3262918656 3224489984
3879870464 3298553856 3260016640
3871285248 3290230784 3251496960
3853213696 3268685824 3229687808
3850391552 3267604480 3228346368
3879043072 3298312192 3259240448
3852402688 3268796416 3230402560
3847921664 3263012864 3224334336
3876290560 3294900224 3256414208
3857043456 3271745536 3233430528
3852177408 3267395584 3228663808
3871510528 3290644480 3251681280
3852578816 3267829760 3229159424
3872133120 3291021312 3252216832
3857711104 3272593408 3234225152
3863080960 3277963264 3239537664
3846385664 3263098880 3224394752
3850129408 3265052672 3226574848
3867570176 3286618112 3247735808
3868463104 3284729856 3245913088
3881246720 3300077568 3261470720
3856977920 3273715712 3235026944
