3931656192 3309662208 3271129088
3877220352 3296395264 3257358336
3848069120 3265204224 3226171392
3882819584 3301662720 3262809088
3861614592 3276939264 3237993472
3855998976 3271106560 3232435200
3845455872 3261104128 3222031360
3885461504 3304460288 3265627136
3853594624 3272445952 3233720320
3845492736 3260653568 3222034432
3841622016 3258036224 3219611648
3875577856 3294347264 3255822336
3871023104 3289812992 3251083264
3852054528 3267362816 3228368896
3845128192 3262349312 3223153664
3878297600 3297636352 3258557440
3851165696 3267657728 3229263872
3842764800 3257913344 3219276800
3875561472 3294212096 3255726080
3855613952 3270402048 3232088064
3850768384 3266011136 3227294720
3870986240 3290193920 3251234816
3851423744 3266519040 3227848704
3871379456 3290333184 3251528704
3856306176 3270995968 3232638976
3861192704 3276144640 3237722112
3841323008 3258109952 3219421184
3845173248 3259944960 3221467136
3867045888 3286155264 3247272960
3866181632 3282472960 3243674624
3872980992 3291815936 3253220352
3855261696 3272081408 3233395712
