3955843072 3337510912 3298972672
3890495488 3309666304 3270597632
3855507456 3272617984 3233573888
3891789824 3310866432 3271996416
3873341440 3288629248 3249681408
3866664960 3281772544 3243032576
3852591104 3268173824 3229088768
3890831360 3309797376 3270958080
3873525760 3292282880 3253552128
3852652544 3267768320 3229139968
3848376320 3264688128 3226259456
3879870464 3298598912 3260049408
3871547392 3290263552 3251528704
3862503424 3278008320 3239009280
3852247040 3269541888 3230226432
3887489024 3306835968 3267750912
3861741568 3278155776 3239772160
3849715712 3264888832 3226163200
3884589056 3303215104 3264728064
3866484736 3281215488 3242903552
3861508096 3276759040 3238025216
3871510528 3290669056 3251721216
3862147072 3277156352 3238484992
3872256000 3291189248 3252399104
3867414528 3282137088 3243771904
3872690176 3287609344 3249183744
3848105984 3264860160 3226151936
3851976704 3266940928 3228461056
3867570176 3286667264 3247783936
3878236160 3294552064 3255717888
3888959488 3307921408 3269302272
3866406912 3283173376 3244487680
