3805573120 3179610112 3144928256
3749470208 3160608768 3125956608
3749744640 3160387584 3126168576
3749224448 3160186880 3125711872
3749486592 3160023040 3125932032
3748950016 3159314432 3125260288
3749732352 3160379392 3126193152
3749228544 3160174592 3125723136
3749474304 3161051136 3126076416
3749748736 3160653824 3126026240
3749208064 3161497600 3127044096
3749752832 3160555520 3126017024
3749486592 3160211456 3125799936
3749486592 3160236032 3126023168
3749208064 3159781376 3125522432
3749490688 3160633344 3125952512
3749203968 3160383488 3125572608
3749224448 3160322048 3125542912
3749486592 3160358912 3125825536
3749224448 3160059904 3125615616
3749486592 3160276992 3126013952
3749208064 3159859200 3125646336
3749752832 3160387584 3126072320
3749228544 3160014848 3125601280
3749490688 3160444928 3125855232
3749224448 3160096768 3125534720
3749224448 3159887872 3125642240
3749474304 3160248320 3125763072
3749212160 3159965696 3125745664
3750014976 3161268224 3127352320
3749994496 3160494080 3126403072
3749478400 3159994368 3125803008
