3943563264 3325272064 3286743040
3881607168 3300794368 3261749248
3851665408 3268804608 3229764608
3883253760 3302100992 3263235072
3862155264 3277484032 3238538240
3856404480 3271520256 3232832512
3848945664 3264593920 3225518080
3886039040 3305033728 3266200576
3869360128 3288170496 3249444864
3848978432 3264147456 3225525248
3844898816 3261288448 3222859776
3879608320 3298369536 3259835392
3871285248 3290071040 3251341312
3852374016 3267678208 3228684288
3848597504 3265851392 3226628096
3878682624 3298029568 3258949632
3851472896 3267956736 3229562880
3846119424 3261259776 3222596608
3875942400 3294613504 3256127488
3856056320 3270815744 3232501760
3851091968 3266359296 3227642880
3871248384 3290456064 3251492864
3851722752 3266789376 3228119040
3871789056 3290742784 3251938304
3856699392 3271380992 3233016832
3861696512 3276656640 3238231040
3844640768 3261419520 3222726656
3848318976 3263311872 3224834048
3867308032 3286433792 3247551488
3866771456 3283091456 3244277760
3881197568 3299790848 3261191168
3855659008 3272474624 3233788928
