3919749120 3297701888 3259168768
3868069888 3287183360 3248168960
3841847296 3258945536 3219933184
3869720576 3288764416 3249945600
3850620928 3265929216 3226987520
3845496832 3260547072 3221903360
3839414272 3254988800 3215929344
3875962880 3294908416 3256084480
3853332480 3272130560 3233405952
3839438848 3254562816 3215943680
3835953152 3252322304 3213904896
3875315712 3294015488 3255491584
3852120064 3270885376 3232156672
3841613824 3257139200 3218149376
3839160320 3256279040 3217143808
3865509888 3284770816 3245697024
3841003520 3257454592 3219064832
3836940288 3252002816 3213412352
3863752704 3282419712 3243933696
3845087232 3259813888 3221502976
3840503808 3255697408 3216985088
3866902528 3286069248 3247114240
3841323008 3256348672 3217682432
3862835200 3281711104 3242906624
3845746688 3260387328 3222076416
3850272768 3265191936 3226777600
3835654144 3252424704 3213758464
3839205376 3253972992 3215496192
3866783744 3285852160 3246974976
3855048704 3271290880 3232517120
3864211456 3282984960 3244389376
3844820992 3261603840 3222923264
