3829657600 3207335936 3169233920
3771387904 3186253824 3147937792
3770163200 3186671616 3148283904
3770810368 3187118080 3148765184
3771678720 3186163712 3147999232
3770359808 3185143808 3146929152
3770191872 3185213440 3146673152
3771289600 3186163712 3147851776
3769397248 3184238592 3145835520
3769671680 3184418816 3146174464
3768868864 3185000448 3146895360
3769937920 3184623616 3146392576
3769556992 3184222208 3146056704
3770048512 3184906240 3146565632
3769655296 3184488448 3145974784
3770695680 3185561600 3147172864
3769548800 3184168960 3146064896
3769147392 3183796224 3145614336
3770216448 3184594944 3146631168
3770404864 3184693248 3146763264
3769958400 3184562176 3146353664
3769131008 3184001024 3145597952
3770503168 3185238016 3147011072
3770564608 3185500160 3147075584
3771219968 3185491968 3147539456
3771461632 3186044928 3147961344
3769147392 3185410048 3147179008
3769659392 3184050176 3145965568
3769397248 3184189440 3145815040
3772526592 3188207616 3150034944
3771580416 3186241536 3148115968
3770667008 3185475584 3147194368
