3899994112 3277959168 3239433216
3845689344 3264675840 3225749504
3821015040 3237961728 3199075328
3851886592 3270737920 3231937536
3834220544 3249451008 3210582016
3830575104 3245670400 3207037952
3819126784 3234676736 3195634688
3856424960 3275460608 3236643840
3829743616 3248553984 3209845760
3819270144 3234537472 3195920384
3816714240 3233107968 3194702848
3819323392 3234385920 3195868160
3819266048 3234361344 3195648000
3827449856 3242967040 3203992576
3819081728 3234512896 3195484160
3847413760 3266551808 3227550720
3827015680 3243491328 3205105664
3817324544 3232366592 3193830400
3828219904 3243143168 3204658176
3830312960 3245060096 3206760448
3819798528 3234930688 3196223488
3839578112 3258748928 3219813376
3820769280 3235786752 3197121536
3849539584 3268382720 3229584384
3830849536 3245477888 3207192576
3833737216 3248680960 3210276864
3816345600 3233136640 3194496000
3819065344 3233824768 3195353088
3854610432 3273654272 3234784256
3837358080 3253440512 3214780416
3831554048 3248128000 3209544704
3830022144 3246821376 3208145920
