3815411712 3191042048 3154777088
3759042560 3171889152 3135546368
3759353856 3173785600 3137432576
3759058944 3171766272 3135430656
3759095808 3171885056 3135584256
3758559232 3171237888 3135029248
3759181824 3172245504 3135710208
3759013888 3171733504 3135342592
3758649344 3171934208 3135257600
3758923776 3171921920 3135411200
3758645248 3172892672 3136520192
3758927872 3172007936 3135432704
3758772224 3171540992 3135239168
3759009792 3171790848 3135344640
3758645248 3171938304 3135142912
3759087616 3172106240 3135537152
3758678016 3171500032 3135079424
3758661632 3171450880 3135069184
3758972928 3171753984 3135367168
3758534656 3171213312 3135062016
3758923776 3171680256 3135439872
3758645248 3171606528 3135159296
3759251456 3172073472 3135754240
3758702592 3171659776 3135190016
3759038464 3171934208 3135570944
3759108096 3171897344 3135540224
3758661632 3171880960 3135216640
3758649344 3171549184 3135121408
3758911488 3171774464 3135357952
3759890432 3173625856 3137378304
3759779840 3172589568 3136113664
3758940160 3171958784 3135411200
