3905474560 3278999552 3243948032
3850334208 3259011072 3223749632
3849605120 3258433536 3223046144
3849641984 3257860096 3222935552
3850653696 3259437056 3224103936
3849658368 3258753024 3222966272
3848859648 3257769984 3222348800
3850002432 3261014016 3225504768
3849674752 3258482688 3223083008
3849949184 3260870656 3225253888
3849760768 3260780544 3225139200
3848830976 3257925632 3222343680
3850137600 3258490880 3223349248
3849871360 3258621952 3223179264
3849084928 3257798656 3222461440
3850043392 3260432384 3225337856
3850436608 3258408960 3223611392
3848818688 3257139200 3222072320
3850039296 3258155008 3223439360
3849781248 3262361600 3227608064
3850526720 3258871808 3223644160
3849875456 3258023936 3223105536
3849388032 3257847808 3222657024
3848900608 3257331712 3222061056
3849154560 3257049088 3222362112
3850133504 3259031552 3223607296
3849469952 3257790464 3222687744
3849175040 3257597952 3222465536
3850399744 3258658816 3223804928
3849609216 3258281984 3222968320
3849482240 3257643008 3222696960
3849605120 3257499648 3222852608
