3912630272 3287498752 3251129344
3860430848 3269820416 3233823744
3856420864 3266392064 3229739008
3856642048 3266060288 3229981696
3858558976 3268349952 3231991808
3856547840 3266605056 3229868032
3856039936 3266101248 3229547520
3857879040 3269767168 3233153024
3857584128 3267596288 3231047680
3857395712 3269459968 3232664576
3856982016 3269259264 3232567296
3855908864 3265826816 3229162496
3856691200 3266465792 3230114816
3856424960 3266342912 3229870080
3855900672 3265568768 3229206528
3858423808 3270037504 3233833984
3858837504 3270877184 3234814976
3855372288 3265138688 3228694528
3857616896 3267149824 3231033344
3858026496 3272204288 3235950592
3857559552 3267268608 3230747648
3856429056 3266203648 3229798400
3856494592 3270840320 3234373632
3855716352 3265724416 3228932096
3856998400 3266445312 3230143488
3856949248 3267076096 3230218240
3856384000 3266150400 3229572096
3856814080 3266646016 3230124032
3858255872 3267952640 3231634432
3856424960 3266314240 3229691904
3857809408 3267272704 3230966784
3856420864 3265908736 3229640704
