3892330496 3263631360 3230833664
3836764160 3242926080 3210021888
3837022208 3243249664 3210297344
3836760064 3243134976 3210188800
3837288448 3243982848 3210673152
3836764160 3243528192 3210202112
3836502016 3243311104 3209999360
3837034496 3243991040 3210445824
3836764160 3243237376 3210024960
3837030400 3245629440 3212239872
3836768256 3245559808 3212273664
3836235776 3242856448 3209631744
3837030400 3243356160 3210252288
3837026304 3243282432 3210211328
3836502016 3243028480 3209789440
3836764160 3245412352 3212233728
3836755968 3242549248 3210092544
3836235776 3242020864 3209602048
3836760064 3242291200 3209918464
3836764160 3244957696 3212582912
3837022208 3243081728 3210309632
3837018112 3242872832 3210263552
3836506112 3242725376 3209883648
3836243968 3242516480 3209538560
3836760064 3242450944 3209950208
3837026304 3243364352 3210520576
3836764160 3242962944 3210072064
3836506112 3242450944 3209703424
3837296640 3242876928 3210508288
3837026304 3242733568 3210220544
3836502016 3242209280 3209618432
3837022208 3242577920 3210151936
