4062568448 3439497216 3401165824
4009181184 3425886208 3387394048
3948445696 3360690176 3321754624
3949871104 3361603584 3323250688
4054179840 3465801728 3427608576
3969417216 3383324672 3344823296
3987566592 3404353536 3365627904
4036251648 3449880576 3411540992
3986071552 3397562368 3359380480
3959959552 3373563904 3335192576
4034801664 3448725504 3410230272
4000022528 3418910720 3380155392
3948548096 3360194560 3321909248
4002557952 3414642688 3375979520
4006170624 3418271744 3379596288
4034080768 3447742464 3409479680
4039159808 3454898176 3417104384
3945218048 3356733440 3318451200
4009086976 3421020160 3382410240
3970977792 3386871808 3348840448
3957215232 3373236224 3335297024
4025098240 3436818432 3398815744
3977728000 3393765376 3355629568
4030046208 3441745920 3403283456
3962011648 3379957760 3341887488
3949522944 3361267712 3323014144
3990401024 3402330112 3363655680
4013518848 3425349632 3386753024
4022521856 3433828352 3395786752
3947061248 3363336192 3324920832
4032368640 3449073664 3410485248
3976720384 3393449984 3354759168
