3904950272 3278565376 3243572224
3849961472 3258454016 3223256064
3849342976 3258044416 3222707200
3849105408 3257421824 3222578176
3850354688 3258941440 3223690240
3849134080 3258306560 3222599680
3848585216 3257311232 3221995520
3849715712 3260600320 3225129984
3849342976 3257982976 3222647808
3849412608 3260444672 3224882176
3849224192 3260366848 3224779776
3848568832 3257446400 3221964800
3849613312 3258048512 3222978560
3849347072 3258216448 3222828032
3848822784 3257348096 3222111232
3849482240 3259994112 3224952832
3849814016 3257876480 3223157760
3848556544 3256696832 3221729280
3849752576 3257630720 3223035904
3849207808 3261911040 3227218944
3849990144 3258384384 3223261184
3849613312 3257552896 3222729728
3849125888 3257389056 3222282240
3848376320 3256840192 3221688320
3848867840 3256614912 3221988352
3849871360 3258540032 3223242752
3848933376 3257327616 3222327296
3848888320 3257151488 3222099968
3850088448 3258183680 3223433216
3849347072 3257806848 3222587392
3849195520 3257147392 3222313984
3849342976 3257008128 3222500352
