3894427648 3266203648 3232989184
3838861312 3245621248 3212208128
3839119360 3245907968 3212360704
3838857216 3245744128 3212289024
3839647744 3246792704 3212923904
3838861312 3246034944 3212269568
3838599168 3245850624 3211948032
3839131648 3246702592 3212563456
3838861312 3245838336 3212071936
3838865408 3248070656 3214296064
3838865408 3248259072 3214360576
3838332928 3245416448 3211686912
3839127552 3245785088 3212316672
3839123456 3245977600 3212369920
3838337024 3245637632 3211792384
3838861312 3248222208 3214381056
3838853120 3245199360 3212186624
3838332928 3244654592 3211677696
3838857216 3245182976 3212104704
3838861312 3247669248 3214671872
3839381504 3245727744 3212572672
3839115264 3245445120 3212414976
3838603264 3245219840 3211887616
3838341120 3244748800 3211444224
3838595072 3244990464 3211951104
3839385600 3246170112 3212710912
3838861312 3245633536 3212195840
3838603264 3245084672 3211713536
3839393792 3245449216 3212635136
3839123456 3245371392 3212320768
3838599168 3244789760 3211676672
3839119360 3245256704 3212306432
