3910701056 3284983808 3249122304
3857649664 3266621440 3230914560
3854585856 3264057344 3227899904
3854745600 3263680512 3228082176
3856396288 3265884160 3229828096
3854675968 3264466944 3228007424
3854131200 3263823872 3227626496
3855577088 3267211264 3231082496
3855495168 3265114112 3228930048
3855429632 3267162112 3230724096
3854950400 3266797568 3230437376
3854073856 3263696896 3227359232
3855118336 3264327680 3228326912
3854589952 3264229376 3228048384
3854065664 3263459328 3227415552
3856044032 3267026944 3231337472
3856642048 3265482752 3229903872
3853799424 3263016960 3226947584
3855577088 3264446464 3228914688
3855769600 3269369856 3233730560
3855450112 3264897024 3228817408
3854856192 3264073728 3228026880
3854602240 3266469888 3230474240
3853881344 3263389696 3227094016
3854909440 3263848448 3228038144
3855114240 3264851968 3228411904
3854548992 3263844352 3227743232
3854798848 3264192512 3228136448
3856154624 3265253376 3229441024
3854589952 3264188416 3227908096
3855310848 3264385024 3228641280
3854585856 3263508480 3227767808
