1374523392 762667008 742894592
1319702528 743772160 723964928
1320759296 743747584 723948544
1319690240 743743488 723944448
1321816064 743731200 723934208
1321816064 743723008 723928064
1320747008 743780352 723989504
1319677952 743723008 723932160
1322872832 743702528 723909632
1322872832 743698432 723907584
1321803776 745787392 725987328
1321803776 743690240 723902464
1321803776 743690240 723903488
1321803776 743690240 723903488
1320734720 743694336 723909632
1319665664 743682048 723901440
1322872832 743673856 723897344
1322872832 743669760 723897344
1317011456 739000320 719232000
1321803776 743661568 723893248
1321803776 743665664 723897344
1321803776 743690240 723921920
1320734720 743690240 723926016
1320734720 743661568 723897344
1321803776 743665664 723903488
1321803776 743706624 723938304
1320734720 743690240 723931136
1320734720 743665664 723904512
1320734720 743669760 723913728
1320734720 743698432 723944448
1319665664 743665664 723919872
1318596608 743665664 723934208
