3900719104 3273670656 3239205888
3845152768 3253182464 3218577408
3845148672 3253309440 3218510848
3844886528 3252760576 3218365440
3845976064 3253850112 3219270656
3844890624 3253305344 3218320384
3844366336 3252469760 3217768448
3845423104 3253690368 3218749440
3844640768 3252580352 3218020352
3845156864 3254972416 3220441088
3844894720 3255341056 3220442112
3844362240 3252387840 3217714176
3845156864 3252830208 3218543616
3845152768 3253198848 3218483200
3844366336 3252432896 3217794048
3845152768 3255144448 3220465664
3845193728 3252502528 3218421760
3844362240 3251732480 3217503232
3845160960 3252482048 3218484224
3844890624 3257118720 3222917120
3845685248 3253059584 3218879488
3845156864 3252310016 3218458624
3844894720 3252269056 3217997824
3844120576 3251601408 3217380352
3844624384 3251499008 3217771520
3845677056 3253321728 3218988032
3844927488 3252514816 3218123776
3844370432 3251998720 3217642496
3845697536 3253080064 3219047424
3845152768 3252625408 3218365440
3844628480 3252101120 3217940480
3845148672 3252137984 3218306048
