3929423872 3306090496 3268013056
3882168320 3293646848 3255665664
3872411648 3284447232 3245887488
3872657408 3284209664 3245975552
3876941824 3288399872 3250353152
3872534528 3284074496 3246004224
3872878592 3284492288 3246226432
3875078144 3288666112 3250505728
3875811328 3287375872 3249329152
3874443264 3288125440 3249915904
3874840576 3288539136 3250238464
3871375360 3283210240 3244792832
3872681984 3283976192 3245945856
3872415744 3283697664 3245677568
3871629312 3283255296 3244913664
3878006784 3291328512 3253411840
3877658624 3293224960 3255548928
3870838784 3281948672 3244134400
3874926592 3286269952 3248163840
3876548608 3292426240 3254511616
3874439168 3290136576 3252367360
3872157696 3283353600 3245551616
3872563200 3288592384 3250590720
3871444992 3283005440 3244657664
3874480128 3285753856 3247788032
3872940032 3284496384 3246337024
3872174080 3283771392 3245409280
3873406976 3285250048 3246820352
3876384768 3287539712 3249620992
3872153600 3283705856 3245456384
3876294656 3287838720 3249577984
3872149504 3283877888 3245429760
