3930804224 3307388928 3269322752
3883937792 3295453184 3257432064
3873722368 3285733376 3247144960
3873705984 3285364736 3247208448
3878420480 3289858048 3251817472
3873882112 3285286912 3247302656
3874263040 3285835776 3247577088
3876474880 3289993216 3251845120
3877580800 3288899584 3250851840
3875835904 3289468928 3251275776
3876237312 3289907200 3251631104
3872686080 3284455424 3246034944
3873992704 3285250048 3247249408
3873464320 3284967424 3246942208
3872677888 3284574208 3246186496
3879583744 3292844032 3254948864
3879211008 3294699520 3257051136
3872149504 3283206144 3245435904
3876335616 3287650304 3249546240
3878076416 3293962240 3256068096
3875786752 3291430912 3253710848
3873468416 3284606976 3246814208
3873935360 3289939968 3251917824
3872755712 3284172800 3245906944
3875909632 3287105536 3249161216
3874250752 3285745664 3247598592
3873222656 3284979712 3246619648
3874836480 3286638592 3248197632
3877863424 3288870912 3251046400
3873464320 3284938752 3246660608
3877785600 3289305088 3251067904
3873460224 3285127168 3246705664
