3839139840 3245883392 3212572672
3839164416 3245936640 3212558336
3839393792 3246346240 3212696576
3839664128 3246608384 3212983296
3839127552 3248185344 3214601216
3839393792 3246579712 3212742656
3839393792 3246305280 3212742656
3840217088 3247407104 3213485056
3839393792 3246809088 3212807168
3839660032 3246956544 3213134848
3839123456 3246501888 3212570624
3839959040 3247382528 3213390848
3839127552 3247923200 3214453760
3839389696 3246493696 3212691456
3839397888 3246854144 3212925952
3839127552 3246776320 3212660736
3839393792 3246030848 3212710912
3840438272 3249569792 3216302080
3839922176 3246096384 3213204480
3839684608 3245912064 3212864512
3839389696 3245940736 3212618752
3839385600 3245756416 3212812288
3839385600 3246280704 3212675072
3839918080 3246542848 3213108224
3839385600 3247890432 3214695424
3839393792 3246161920 3212588032
3839651840 3246419968 3212838912
3839696896 3246235648 3212853248
3839651840 3245805568 3212800000
3839397888 3245961216 3212697600
3838869504 3245846528 3212213248
3839426560 3245875200 3212700672
