3860635648 3270791168 3233974272
3860975616 3271331840 3234283520
3860889600 3271520256 3234163712
3860897792 3271421952 3234238464
3860361216 3272761344 3235845120
3860889600 3271118848 3234098176
3863322624 3273949184 3236843520
3861188608 3271917568 3234518016
3861397504 3271950336 3234829312
3861442560 3273773056 3236772864
3863318528 3274014720 3236680704
3861778432 3272589312 3235278848
3860623360 3273162752 3235989504
3861159936 3271888896 3234503680
3860893696 3271811072 3234365440
3861159936 3272089600 3234507776
3861794816 3272290304 3234994176
3861671936 3275538432 3237712896
3863326720 3274366976 3236699136
3861495808 3272527872 3234789376
3861409792 3271839744 3234765824
3860619264 3270918144 3234042880
3862024192 3272843264 3235333120
3861413888 3274739712 3237371904
3862515712 3274907648 3237807104
3860627456 3271503872 3233989632
3861147648 3272359936 3234533376
3861454848 3277139968 3239401472
3861147648 3272118272 3234490368
3863216128 3273814016 3236415488
3861745664 3272835072 3235005440
3877691392 3293282304 3255811072
