3937251328 3348275200 3310669824
3940532224 3351740416 3313939456
3985182720 3396644864 3358550016
3998400512 3411619840 3373696000
3935055872 3348312064 3310485504
3938529280 3349585920 3311796224
3955326976 3366473728 3328650240
4039344128 3450990592 3412842496
4004630528 3421057024 3382859776
3975569408 3389100032 3350999040
3954884608 3366506496 3328187392
3940884480 3352760320 3314405376
4006043648 3419959296 3381441536
4006297600 3418083328 3379699712
3966754816 3380338688 3342144512
3942739968 3354644480 3316219904
3949080576 3364974592 3327085568
3937665024 3351732224 3313520640
3954601984 3370799104 3332651008
3939749888 3351097344 3312928768
3938328576 3353993216 3316209664
4009119744 3420143616 3382509568
3995815936 3407106048 3369060352
3938963456 3355262976 3317085184
3970711552 3386638336 3348625408
3938054144 3349590016 3311468544
3956015104 3367931904 3329398784
4040380416 3457118208 3418283008
3938439168 3350253568 3311812608
3953496064 3364806656 3326714880
4032692224 3444654080 3406110720
4025348096 3441639424 3403274240
