3916382208 3327234048 3289677824
3916611584 3327668224 3289924608
3929530368 3341066240 3303001088
3917578240 3330850816 3293002752
3910848512 3323760640 3286217728
3912871936 3323834368 3286297600
3926659072 3337867264 3300117504
3916800000 3328163840 3290189824
3918180352 3329617920 3291730944
3974782976 3387887616 3350095872
3942707200 3354324992 3316124672
3914752000 3326210048 3288107008
3911450624 3325034496 3286992896
4004618240 3416145920 3378119680
3917021184 3330793472 3292620800
3916759040 3328430080 3290170368
3923849216 3337306112 3299634176
3912392704 3326517248 3288379392
3947593728 3363553280 3325479936
3913834496 3325284352 3287146496
3912740864 3323580416 3286078464
3912364032 3322937344 3285650432
3967614976 3379073024 3341065216
3913342976 3329318912 3291350016
3922116608 3335282688 3297546240
3916271616 3327553536 3289577472
3917438976 3329036288 3290655744
3913375744 3329925120 3291442176
3913142272 3324649472 3286424576
3925291008 3336376320 3298555904
3966857216 3378614272 3340127232
3930910720 3347062784 3308909568
