3906015232 3316961280 3279409152
3908165632 3319296000 3281571840
3929530368 3340906496 3302841344
3907133440 3320500224 3282662400
3904815104 3317854208 3280323584
3906875392 3317678080 3280150528
3921813504 3332857856 3295117312
3906506752 3317989376 3280015360
3909824512 3320991744 3283108864
3974520832 3387703296 3349931008
3937542144 3349245952 3311070208
3908431872 3319996416 3281896448
3905622016 3318992896 3281003520
4004532224 3415904256 3377878016
3906904064 3320512512 3282339840
3906404352 3318173696 3279922176
3923415040 3336962048 3299290112
3906629632 3320598528 3282471936
3921797120 3337879552 3299802112
3907817472 3319132160 3280994304
3906863104 3317542912 3280041984
3911532544 3322195968 3284934656
3942133760 3353444352 3315442688
3907375104 3323207680 3285241856
3913469952 3326484480 3288749056
3906187264 3317329920 3279355904
3906990080 3318697984 3280320512
3907399680 3323752448 3285311488
3906981888 3318579200 3280364544
3916038144 3327311872 3289491456
3941126144 3352981504 3314502656
3921289216 3337547776 3299398656
