3930181632 3341107200 3303533568
3933765632 3344871424 3307083776
3934539776 3345903616 3307820032
3997876224 3411267584 3373353984
3928248320 3341414400 3303650304
3931136000 3342323712 3304581120
3946901504 3357933568 3320145920
4034879488 3446423552 3408292864
3956621312 3368169472 3330055168
3975307264 3388764160 3350691840
3950219264 3361988608 3323700224
3933446144 3345231872 3306889216
3955138560 3369164800 3330725888
4005867520 3417501696 3379181568
3966230528 3380015104 3341840384
3942477824 3354304512 3315885056
3948433408 3364139008 3326320640
3930300416 3344523264 3306333184
3953758208 3369844736 3331714048
3932205056 3343740928 3305592832
3930894336 3346722816 3308945408
3992059904 3402956800 3365380096
3995021312 3406225408 3368187904
3931668480 3347881984 3309715456
3956326400 3372392448 3334425600
3937792000 3349250048 3311155200
3955752960 3367567360 3329051648
4031455232 3448377344 3409565696
3931267072 3343020032 3304581120
3944923136 3356327936 3318284288
4031811584 3443675136 3405134848
3972976640 3389382656 3351029760
