3858538496 3268534272 3231863808
3858878464 3268935680 3232137216
3858530304 3269107712 3232015360
3858800640 3269062656 3232101376
3858264064 3270389760 3233736704
3858530304 3268829184 3231977472
3860885504 3271196672 3234324480
3859091456 3269640192 3232460800
3859238912 3269464064 3232590848
3859345408 3271438336 3234648064
3860680704 3271258112 3234186240
3859681280 3270184960 3233128448
3858526208 3270873088 3233884160
3859050496 3269537792 3232348160
3858796544 3269427200 3232278528
3859062784 3269787648 3232421888
3859304448 3269775360 3232688128
3859574784 3273216000 3235592192
3861012480 3271606272 3234245632
3859398656 3270148096 3232641024
3859312640 3269468160 3232614400
3858522112 3268624384 3231943680
3859791872 3270365184 3233049600
3859316736 3272323072 3235204096
3860033536 3272351744 3235502080
3858530304 3269259264 3231927296
3859050496 3269828608 3232321536
3859357696 3274678272 3237236736
3859050496 3269861376 3232395264
3860574208 3271061504 3233912832
3859488768 3270221824 3232713728
3875160064 3290329088 3253156864
