3852247040 3261014016 3225702400
3852181504 3260837888 3225543680
3852238848 3261415424 3225650176
3852509184 3261292544 3225884672
3852234752 3262988288 3227575296
3852500992 3261624320 3225754624
3853348864 3262205952 3226652672
3852800000 3262238720 3226251264
3852922880 3261718528 3226192896
3852791808 3261775872 3226207232
3853094912 3262136320 3226385408
3853127680 3262386176 3226668032
3852234752 3263393792 3227721728
3852496896 3261968384 3225973760
3852767232 3261702144 3226099712
3852509184 3262275584 3226045440
3852648448 3261489152 3226053632
3853283328 3265269760 3229228032
3853656064 3262595072 3226936320
3852988416 3261730816 3226149888
3853021184 3261542400 3226170368
3852492800 3260928000 3225852928
3852820480 3261947904 3226135552
3853025280 3261739008 3226315776
3853160448 3263627264 3228489728
3852238848 3261214720 3225524224
3853021184 3262091264 3226189824
3853066240 3266609152 3230922752
3852759040 3262042112 3226185728
3853004800 3261661184 3226353664
3852664832 3261489152 3225815040
3866832896 3280220160 3244871680
