3847266304 3255136256 3220589568
3847053312 3255078912 3220374528
3847258112 3255754752 3220659200
3847528448 3255713792 3220932608
3847254016 3257303040 3222556672
3847258112 3255963648 3220618240
3847569408 3255980032 3220981760
3847819264 3256610816 3221371904
3847569408 3255693312 3220860928
3847811072 3256053760 3221118976
3847098368 3255742464 3220595712
3848085504 3256676352 3221596160
3847254016 3257556992 3222685696
3847516160 3256033280 3220856832
3847524352 3256082432 3221053440
3847528448 3256348672 3220888576
3847532544 3255459840 3220817920
3848302592 3259232256 3224291328
3848060928 3256209408 3221506048
3847823360 3255541760 3220943872
3847778304 3255660544 3221026816
3847512064 3255250944 3220806656
3847536640 3255721984 3220722688
3848044544 3255980032 3221347328
3847610368 3257327616 3222904832
3847258112 3255521280 3220591616
3847778304 3256086528 3221088256
3847823360 3258527744 3223737344
3847778304 3255939072 3221148672
3847622656 3255382016 3220860928
3847057408 3255287808 3220354048
3852632064 3265007616 3230565376
