3857227776 3267002368 3230493696
3857305600 3267190784 3230700544
3857219584 3267448832 3230610432
3857489920 3267293184 3230729216
3856953344 3268788224 3232396288
3857219584 3267215360 3230601216
3859320832 3269222400 3232637952
3857780736 3268034560 3231069184
3857928192 3267813376 3231177728
3857772544 3269799936 3233267712
3859140608 3269246976 3232470016
3858370560 3268452352 3231715328
3856953344 3269165056 3232477184
3857477632 3267801088 3230884864
3857485824 3267674112 3230885888
3857489920 3268071424 3230996480
3857907712 3267993600 3231239168
3858264064 3271475200 3234114560
3859292160 3269660672 3232585728
3857825792 3268378624 3231196160
3858001920 3267821568 3231248384
3857211392 3266985984 3230614528
3858362368 3268530176 3231555584
3858006016 3270578176 3233794048
3858616320 3270500352 3233993728
3857219584 3267502080 3230489600
3857739776 3268071424 3230955520
3857784832 3272863744 3235798016
3857739776 3268177920 3230983168
3858784256 3268997120 3232204800
3857821696 3268362240 3231258624
3873247232 3288162304 3251384320
