3842547712 3249860608 3215736832
3842310144 3249860608 3215767552
3842801664 3250405376 3216025600
3842809856 3250479104 3216182272
3842535424 3252080640 3217886208
3842539520 3250532352 3215909888
3842539520 3250384896 3216045056
3843362816 3251232768 3216711680
3842801664 3250622464 3216147456
3843067904 3250720768 3216401408
3842269184 3250278400 3215772672
3843366912 3251314688 3216755712
3842273280 3251814400 3217780736
3842535424 3250343936 3215962112
3842805760 3250708480 3216288768
3842535424 3250933760 3216020480
3842801664 3249991680 3216004096
3843584000 3253575680 3219549184
3843330048 3250417664 3216628736
3842830336 3250106368 3216184320
3842797568 3250237440 3216026624
3842793472 3249606656 3215954944
3842531328 3250241536 3215993856
3843325952 3250524160 3216535552
3842531328 3251675136 3217951744
3842539520 3249901568 3215870976
3843059712 3250360320 3216221184
3843104768 3250270208 3216234496
3843059712 3250229248 3216334848
3842805760 3249803264 3216039936
3842277376 3249844224 3215467520
3847553024 3259006976 3225213952
