3905032192 3315924992 3278372864
3908153344 3319209984 3281485824
3929530368 3340836864 3302771712
3906138112 3319431168 3281593344
3903868928 3316830208 3279303680
3905617920 3316600832 3279081472
3921457152 3332681728 3294945280
3905527808 3316932608 3278958592
3909562368 3320909824 3283026944
3974520832 3387621376 3349849088
3937456128 3349090304 3310914560
3907391488 3318878208 3280782336
3904372736 3317936128 3279946752
4004532224 3415830528 3377808384
3905642496 3319439360 3281266688
3905413120 3317104640 3278853120
3923378176 3336855552 3299183616
3905400832 3319566336 3281439744
3913351168 3329359872 3291282432
3906543616 3318046720 3279908864
3905589248 3316453376 3278952448
3911532544 3322114048 3284856832
3933437952 3344953344 3306951680
3906105344 3322118144 3284152320
3913158656 3326353408 3288622080
3904954368 3316285440 3278311424
3906019328 3317661696 3279284224
3906138112 3322662912 3284221952
3905990656 3317518336 3279303680
3915976704 3327176704 3289360384
3932692480 3344470016 3305991168
3921190912 3337379840 3299230720
