1318653952 743657472 723947520
1319751680 743735296 724015104
1319706624 743673856 723943424
1319706624 743677952 723947520
1323761664 746569728 726966272
1320763392 743686144 723943424
1319694336 743723008 723980288
1319727104 743755776 724013056
1321820160 743714816 723963904
1321820160 743718912 723968000
1320751104 743723008 723972096
1320783872 743751680 724000768
1320751104 745807872 726046720
1320751104 743718912 723970048
1319682048 743710720 723968000
1319682048 743706624 723963904
1322876928 743723008 723968000
1322876928 743723008 723968000
1321807872 743714816 723968000
1321840640 743755776 724004864
1321807872 743718912 723968000
1321807872 743710720 723963904
1324937216 747819008 728170496
1320738816 743636992 723970048
1321807872 743714816 723974144
1321807872 743469056 723974144
1320738816 743817216 724076544
1320771584 743624704 724004864
1320738816 743682048 723974144
1320738816 743649280 724031488
1319669760 743608320 723978240
1318645760 718827520 724017152
