3907928064 3318837248 3281281024
3916599296 3327639552 3289904128
3929530368 3341058048 3302992896
3909062656 3322449920 3284604928
3906555904 3319562240 3282019328
3908546560 3319623680 3282086912
3926564864 3337768960 3300019200
3908284416 3319758848 3281780736
3918155776 3329589248 3291702272
3974520832 3387883520 3350091776
3942608896 3354218496 3316018176
3910545408 3322007552 3283904512
3907248128 3320815616 3282781184
4004593664 3416113152 3378086912
3908550656 3322388480 3284215808
3908337664 3320029184 3281769472
3923812352 3337256960 3299585024
3908120576 3322310656 3284176896
3939131392 3355086848 3317009408
3909627904 3321081856 3282944000
3908526080 3319377920 3281875968
3911794688 3322363904 3285076992
3959181312 3370635264 3332631552
3909066752 3325112320 3287143424
3922067456 3335225344 3297489920
3907833856 3319152640 3281176576
3908931584 3320639488 3282254848
3909079040 3325698048 3287230464
3908878336 3320446976 3282219008
3925204992 3336286208 3298465792
3958411264 3370151936 3331668992
3930775552 3346923520 3308770304
