3834945536 3240005632 3208111104
3834970112 3240312832 3208343552
3834937344 3240579072 3208335360
3835207680 3240869888 3208571904
3834933248 3242217472 3210214400
3835199488 3240624128 3208451072
3834937344 3240771584 3208422400
3835498496 3241414656 3208873984
3834937344 3240697856 3208352768
3835203584 3240955904 3208567808
3834929152 3240751104 3208227840
3835240448 3241299968 3208740864
3834671104 3242278912 3210160128
3834933248 3240677376 3208261632
3834941440 3240927232 3208477696
3834933248 3240615936 3208237056
3834937344 3239784448 3208148992
3835981824 3243298816 3211654144
3835465728 3240161280 3208672256
3835228160 3240161280 3208427520
3834933248 3239690240 3208077312
3834929152 3239993344 3208378368
3834929152 3240169472 3208231936
3835199488 3240390656 3208409088
3835191296 3241930752 3210371072
3834937344 3240263680 3208243200
3834933248 3240419328 3208202240
3834978304 3240103936 3208259584
3834933248 3239923712 3208244224
3834941440 3240087552 3208307712
3834675200 3240030208 3208030208
3834970112 3239927808 3208204288
