3858014208 3267850240 3231250432
3858092032 3268165632 3231506432
3858006016 3268407296 3231393792
3858014208 3268288512 3231491072
3857739776 3269738496 3233163264
3858006016 3268161536 3231385600
3860254720 3270381568 3233575936
3858567168 3268993024 3231884288
3858714624 3268759552 3231974400
3858558976 3270750208 3234068480
3860049920 3270414336 3233454080
3859156992 3269423104 3232499712
3857739776 3270193152 3233306624
3858264064 3268804608 3231724544
3858272256 3268694016 3231671296
3858538496 3269070848 3231822848
3858743296 3269025792 3232066560
3859050496 3272527872 3234969600
3860164608 3270815744 3233557504
3858612224 3269443584 3232033792
3858788352 3268763648 3232007168
3857997824 3267948544 3231377408
3859218432 3269603328 3232412672
3858792448 3271602176 3234582528
3859472384 3271585792 3234868224
3858006016 3268526080 3231291392
3858526208 3269103616 3231742976
3858571264 3273940992 3236605952
3858526208 3269160960 3231791104
3859955712 3270184960 3233162240
3858665472 3269406720 3232068608
3874500608 3289382912 3252395008
