3940859904 3351916544 3314286592
3945025536 3356258304 3318455296
4002242560 3413741568 3375642624
3998662656 3411931136 3374007296
3938459648 3351764992 3313890304
3942170624 3353288704 3315466240
3972907008 3384135680 3346304000
4039868416 3451326464 3413166080
4005154816 3421437952 3383208960
3975831552 3389444096 3351334912
3959185408 3370876928 3332551680
3944853504 3356557312 3318193152
4018905088 3432861696 3394318336
4006633472 3418578944 3380107264
3967016960 3380686848 3342467072
3943002112 3354988544 3316529152
3949600768 3365576704 3327646720
3952742400 3366936576 3328704512
3959652352 3375644672 3337488384
3943419904 3354832896 3316647936
3941896192 3357577216 3319790592
4009381888 3420454912 3382804480
3996323840 3407679488 3369626624
3942866944 3358945280 3320762368
3971301376 3387351040 3349289984
3951374336 3362721792 3324574720
3956277248 3368251392 3329717248
4040642560 3457409024 3418560512
3942027264 3353882624 3315438592
3958493184 3369906176 3331773440
4033556480 3445346304 3406787584
4038946816 3455320064 3416942592
