3873480704 3284189184 3246732288
3873845248 3284754432 3247159296
3873472512 3284865024 3246892032
3874004992 3285217280 3247473664
3872944128 3285803008 3248361472
3873734656 3284447232 3246976000
3878486016 3289563136 3251866624
3874033664 3285225472 3247319040
3874639872 3285929984 3248125952
3874287616 3287285760 3249693696
3878187008 3289829376 3251758080
3874885632 3286257664 3248283648
3873206272 3286532096 3248677888
3874332672 3285606400 3247676416
3874000896 3287519232 3249453056
3873742848 3285417984 3247247360
3875139584 3286114304 3248484352
3874254848 3288350720 3250277376
3877572608 3288903680 3250837504
3874340864 3285827584 3247721472
3873992704 3284787200 3247376384
3873464320 3284107264 3246895104
3876143104 3287289856 3249338368
3874258944 3290058752 3252166656
3876208640 3289415680 3251749888
3873472512 3284643840 3246732288
3873992704 3285712896 3247425536
3874299904 3290517504 3252195328
3873992704 3285377024 3247313920
3877715968 3288801280 3251028992
3875225600 3287031808 3248633856
3893747712 3309830144 3271739392
