3856179200 3265511424 3229412352
3855994880 3265523712 3229451264
3855908864 3265925120 3229415424
3856179200 3265683456 3229572096
3855904768 3267182592 3231217664
3856171008 3265699840 3229454336
3857768448 3267309568 3231188992
3856470016 3266482176 3229898752
3856617472 3266166784 3229970432
3856723968 3268222976 3232065536
3857600512 3267317760 3231047680
3857059840 3266859008 3230505984
3855904768 3267604480 3231311872
3856166912 3266248704 3229670400
3856175104 3266060288 3229740032
3856441344 3266478080 3229752320
3856797696 3266228224 3229976576
3856953344 3269869568 3232925696
3857825792 3267698688 3231159296
3856777216 3266510848 3229991936
3856691200 3266187264 3230029824
3856162816 3265220608 3229459456
3856928768 3266682880 3230224384
3856695296 3266158592 3229999104
3857219584 3268747264 3232722944
3855908864 3265691648 3229257728
3856429056 3266473984 3229843456
3856474112 3270963200 3234552832
3856429056 3266392064 3229817856
3857543168 3266871296 3230772224
3856674816 3266490368 3229987840
3871870976 3285958656 3249774592
