3845169152 3252764672 3218374656
3844931584 3252748288 3218266112
3845160960 3253411840 3218544640
3845431296 3253370880 3218811904
3845156864 3254923264 3220459520
3845160960 3253604352 3218514944
3845435392 3253510144 3218723840
3845722112 3254267904 3219273728
3845173248 3253374976 3218679808
3845701632 3253620736 3218979840
3844915200 3253321728 3218385920
3845988352 3254280192 3219412992
3845156864 3255054336 3220512768
3845156864 3253444608 3218626560
3845427200 3253776384 3218955264
3845419008 3253915648 3218717696
3845423104 3252948992 3218637824
3846205440 3256725504 3222174720
3845951488 3253649408 3219331072
3845451776 3253121024 3218768896
3845419008 3253198848 3218728960
3845414912 3252809728 3218636800
3845152768 3253293056 3218532352
3845947392 3253448704 3219162112
3845177344 3254702080 3220613120
3845160960 3253030912 3218509824
3845681152 3253436416 3218883584
3845726208 3255996416 3221545984
3845681152 3253415936 3219013632
3845451776 3252932608 3218667520
3844898816 3252760576 3218086912
3850448896 3262038016 3227928576
