3887882240 3298861056 3261329408
3896610816 3307671552 3270003712
3888406528 3299844096 3261792256
3889221632 3302359040 3264548864
3887624192 3300454400 3262950400
3888910336 3299753984 3262251008
3899613184 3310686208 3272954880
3888914432 3300134912 3262200832
3893788672 3304976384 3267104768
3964284928 3377352704 3339691008
3899965440 3311370240 3273251840
3890143232 3301634048 3263604736
3887808512 3301175296 3263253504
3964616704 3375972352 3337995264
3888783360 3302395904 3264254976
3888300032 3300048896 3261830144
3894673408 3305631744 3267975168
3888930816 3302838272 3264731136
3897552896 3311558656 3273485312
3889807360 3301126144 3262997504
3888869376 3299594240 3262155776
3892092928 3302703104 3265474560
3896012800 3307208704 3269235712
3889180672 3305005056 3267056640
3896700928 3309711360 3272003584
3888418816 3299590144 3261654016
3888852992 3300524032 3262191616
3889434624 3305754624 3267363840
3889057792 3300556800 3262459904
3898580992 3309752320 3271956480
3895156736 3306807296 3268371456
3902398464 3318693888 3280564224
