3854147584 3263066112 3227452416
3854073856 3265081344 3229523968
3854073856 3263541248 3227499520
3854077952 3267424256 3231537152
3854594048 3263930368 3228126208
3855581184 3264962560 3229076480
3854082048 3263451136 3227423744
3855634432 3265060864 3229052928
3854598144 3264249856 3228079104
3854815232 3264057344 3228303360
3853815808 3263275008 3227229184
3855122432 3264933888 3228608512
3855953920 3265044480 3229295616
3854876672 3264139264 3228298240
3856379904 3267747840 3231850496
3854344192 3264221184 3227802624
3854598144 3263356928 3227978752
3855077376 3268562944 3233056768
3854069760 3263578112 3227473920
3856257024 3264946176 3229492224
3854598144 3264335872 3228049408
3855355904 3264593920 3228583936
3855847424 3265085440 3229101056
3854614528 3264004096 3227917312
3855028224 3264446464 3228418048
3855122432 3264126976 3228292096
3854520320 3263234048 3227635712
3854598144 3264229376 3228043264
3854823424 3263815680 3228030976
3854331904 3263516672 3227631616
3854458880 3263979520 3227727872
3855724544 3265134592 3229023232
