3857555456 3267481600 3230924800
3857481728 3269287936 3232855040
3857481728 3267616768 3230799872
3857485824 3271680000 3234895872
3858001920 3268337664 3231549440
3859779584 3269881856 3233285120
3857489920 3267686400 3230798848
3859599360 3269849088 3233072128
3858006016 3268485120 3231428608
3858272256 3268374528 3231752192
3857223680 3269668864 3232615424
3858530304 3269144576 3232050176
3859726336 3269918720 3233214464
3858546688 3268493312 3231851520
3860430848 3272884224 3236022272
3857489920 3268227072 3231008768
3858030592 3268083712 3231405056
3859513344 3273981952 3237391360
3857477632 3267989504 3230848000
3860271104 3270512640 3233688576
3858006016 3268513792 3231371264
3858980864 3269165056 3232283648
3859898368 3270197248 3233282048
3858055168 3268501504 3231342592
3859025920 3269136384 3232230400
3858530304 3268681728 3231814656
3857678336 3267932160 3230996480
3858006016 3268870144 3231448064
3858497536 3268739072 3231848448
3857739776 3268177920 3231068160
3858038784 3268636672 3231304704
3859533824 3270074368 3232889856
