3833364480 3238400000 3206785024
3833888768 3238772736 3207257088
3833626624 3239075840 3207088128
3833630720 3243384832 3211120640
3833622528 3238920192 3207101440
3833626624 3239194624 3207193600
3833634816 3238932480 3207067648
3834159104 3239493632 3207518208
3833888768 3239608320 3207246848
3833892864 3239342080 3207192576
3833368576 3238875136 3206830080
3833888768 3239628800 3207396352
3833888768 3239174144 3207214080
3833892864 3238985728 3207108608
3833626624 3241263104 3209114624
3833634816 3239235584 3206959104
3833888768 3237974016 3207053312
3833364480 3237982208 3206619136
3833884672 3238596608 3206967296
3834146816 3238604800 3207267328
3833888768 3238780928 3207201792
3833892864 3238592512 3207042048
3833622528 3238031360 3206838272
3833622528 3238625280 3206879232
3833626624 3238371328 3206866944
3833888768 3238666240 3207138304
3833626624 3238404096 3206815744
3833888768 3239014400 3207236608
3833626624 3238260736 3206936576
3833622528 3238076416 3206926336
3833622528 3238486016 3206809600
3833884672 3238854656 3207048192
