3949375488 3362516992 3324785664
3965833216 3378946048 3341272064
4011896832 3423567872 3385400320
3982000128 3397636096 3359406080
3935862784 3347537920 3309384704
3974090752 3392229376 3354293248
3933261824 3344601088 3306649600
3953610752 3367206912 3329092608
3934851072 3346628608 3308306432
3944189952 3355840512 3317627904
3981864960 3395895296 3357460480
3999293440 3411095552 3372749824
3964628992 3375910912 3337908224
3954106368 3370475520 3332346880
3986546688 3405484032 3366830080
3955953664 3373117440 3334236160
3937607680 3353190400 3315412992
4041576448 3457040384 3419440128
3987083264 3398799360 3360508928
4002410496 3413708800 3375794176
3935653888 3347165184 3309015040
3968344064 3379355648 3341672448
4003213312 3414364160 3376463872
3982020608 3398393856 3360009216
3949694976 3361169408 3322869760
3937816576 3349475328 3311025152
4040568832 3452624896 3413928960
3960979456 3377651712 3338944512
3947462656 3363127296 3325146112
3935133696 3346767872 3308539904
3953639424 3365511168 3326950400
3948343296 3360210944 3321754624
