3948589056 3361714176 3324005376
3965046784 3378143232 3340481536
3907022848 3318431744 3280301056
3923066880 3338518528 3300459520
3908296704 3319865344 3281794048
3921035264 3334344704 3296621568
3906732032 3318038528 3280115712
3925766144 3337076736 3299140608
3907809280 3319439360 3281223680
3919265792 3330736128 3292684288
3907051520 3321057280 3282626560
3910041600 3321757696 3283427328
3957415936 3368886272 3330889728
3924127744 3335704576 3297600512
3943391232 3362226176 3323571200
3907358720 3319635968 3280880640
3909226496 3322875904 3285182464
3964993536 3380518912 3342939136
3986296832 3397988352 3359699968
3927007232 3338211328 3300340736
3908313088 3319635968 3281673216
3966234624 3377094656 3339470848
3927302144 3338412032 3300527104
3940880384 3357331456 3318985728
3922710528 3334225920 3296124928
3909591040 3321376768 3282982912
3908169728 3320123392 3281490944
3925663744 3342307328 3303629824
3921260544 3336880128 3298916352
3907883008 3319472128 3281290240
3947868160 3359682560 3321162752
3922206720 3334029312 3295598592
