3853885440 3262742528 3227154432
3853811712 3264737280 3229202432
3853811712 3263213568 3227196416
3853815808 3267063808 3231215616
3854331904 3263590400 3227814912
3855245312 3264528384 3228679168
3853819904 3263070208 3227082752
3855323136 3264684032 3228703744
3854336000 3263885312 3227741184
3854540800 3263725568 3228000256
3853553664 3262939136 3226919936
3854860288 3264626688 3228323840
3855630336 3264643072 3228922880
3854614528 3263803392 3227983872
3856044032 3267297280 3231422464
3854082048 3263885312 3227481088
3854336000 3262984192 3227657216
3854708736 3268132864 3232672768
3853807616 3263201280 3227143168
3855671296 3264512000 3229075456
3854336000 3263995904 3227749376
3854807040 3264180224 3228206080
3855491072 3264610304 3228672000
3854340096 3263631360 3227578368
3854729216 3264032768 3228057600
3854598144 3263762432 3227952128
3853983744 3262857216 3227291648
3854336000 3263868928 3227720704
3854274560 3263389696 3227661312
3853807616 3263107072 3227276288
3853910016 3263545344 3227345920
3855405056 3264757760 3228688384
