3950161920 3363274752 3325528064
3966619648 3379650560 3341974528
4012683264 3424243712 3386067968
4041302016 3457183744 3418908672
3944423424 3356098560 3317921792
4006309888 3424530432 3386385408
3941355520 3352592384 3314635776
3960430592 3374030848 3335877632
3943161856 3355009024 3316539392
3949871104 3363573760 3325349888
4028837888 3442774016 3404334080
4000079872 3411906560 3373559808
3965853696 3377377280 3339368448
3959795712 3376115712 3337978880
3988545536 3407597568 3368931328
3956740096 3373887488 3334994944
3985473536 3401277440 3363480576
4043825152 3459489792 3421886464
3987869696 3402362880 3363995648
4029419520 3440746496 3402830848
3944116224 3355607040 3317411840
3969564672 3380699136 3342907392
4009738240 3420872704 3382971392
3993571328 3410063360 3371676672
3955687424 3367546880 3329119232
3946303488 3358199808 3319735296
4041355264 3453317120 3414620160
4020543488 3437137920 3398420480
3953606656 3369177088 3331179520
3943464960 3355009024 3316764672
3954692096 3366498304 3327937536
3954499584 3366313984 3327851520
