3852836864 3261587456 3226124288
3852763136 3263614976 3228161024
3852763136 3262058496 3226166272
3852767232 3265978368 3230215168
3853283328 3262414848 3226772480
3853942784 3263111168 3227354112
3852771328 3261988864 3226128384
3854082048 3263344640 3227499520
3853287424 3262750720 3226737664
3853418496 3262480384 3226891264
3852505088 3261771776 3225888768
3853811712 3263533056 3227320320
3854376960 3263238144 3227657216
3853565952 3262631936 3226920960
3854778368 3265978368 3230205952
3853033472 3262787584 3226517504
3853287424 3261763584 3226577920
3853381632 3266637824 3231338496
3852759040 3261988864 3226140672
3854413824 3263082496 3227794432
3853287424 3262701568 3226669056
3853660160 3262865408 3227039744
3854176256 3263127552 3227335680
3853254656 3262390272 3226513408
3853549568 3262656512 3226869760
3853549568 3262500864 3226887168
3852910592 3261616128 3226217472
3853287424 3262664704 3226698752
3853115392 3262033920 3226521600
3853021184 3261915136 3226270720
3852779520 3262160896 3226175488
3854209024 3263434752 3227509760
