3843325952 3250778112 3216657408
3843850240 3253538816 3219185664
3843850240 3251879936 3217127424
3843592192 3255504896 3221002240
3843846144 3251441664 3217305600
3843850240 3252162560 3217386496
3843596288 3251642368 3216982016
3844382720 3252416512 3217797120
3844112384 3252019200 3217418240
3844116480 3252101120 3217410048
3843330048 3251515392 3216681984
3844636672 3252760576 3217994752
3844374528 3252064256 3217662976
3844128768 3251941376 3217527808
3844636672 3254738944 3220025344
3844120576 3252441088 3217486848
3843850240 3250802688 3217234944
3842801664 3252891648 3218792448
3843584000 3251068928 3216911360
3844632576 3251605504 3217842176
3844374528 3251974144 3217592320
3843854336 3251400704 3217077248
3843596288 3251290112 3216927744
3843584000 3251191808 3217009664
3843850240 3250847744 3216970752
3844374528 3251609600 3217542144
3843588096 3250782208 3216728064
3844112384 3251986432 3217610752
3843588096 3251109888 3217044480
3843846144 3251236864 3217071104
3843321856 3251257344 3216729088
3844632576 3252359168 3217794048
