3834675200 3239960576 3208002560
3835199488 3240374272 3208591360
3834937344 3240640512 3208358912
3834941440 3244941312 3212402688
3834933248 3240534016 3208421376
3834937344 3240722432 3208479744
3834945536 3240669184 3208359936
3835469824 3241218048 3208887296
3835199488 3241246720 3208543232
3835203584 3241091072 3208551424
3834679296 3240603648 3208023040
3835199488 3241365504 3208719360
3835199488 3240833024 3208534016
3835203584 3240681472 3208415232
3834937344 3243044864 3210475520
3834945536 3241054208 3208301568
3835199488 3239727104 3208387584
3834413056 3239514112 3207810048
3835195392 3240202240 3208261632
3835457536 3240321024 3208636416
3835461632 3240484864 3208582144
3835203584 3240140800 3208306688
3834933248 3239796736 3208132608
3834933248 3240026112 3208166400
3834937344 3239927808 3208123392
3835199488 3240370176 3208499200
3834937344 3239919616 3208082432
3835199488 3240636416 3208567808
3834937344 3239899136 3208201216
3834933248 3239800832 3208249344
3834671104 3240083456 3208058880
3835195392 3240640512 3208444928
