3874070528 3287089152 3249500160
3873996800 3286863872 3249271808
3873734656 3285098496 3247089664
3873738752 3288993792 3251100672
3874254848 3285544960 3247794176
3879301120 3292299264 3254731776
3873480704 3284758528 3246902272
3878805504 3289976832 3252115456
3873996800 3285610496 3247507456
3875794944 3287207936 3249249280
3873476608 3287158784 3248889856
3875307520 3286884352 3248668672
3878109184 3289518080 3251618816
3874799616 3286228992 3248259072
3879768064 3293462528 3255192576
3874004992 3285823488 3247373312
3874807808 3285544960 3247956992
3878858752 3294326784 3256838144
3873992704 3285532672 3247297536
3879649280 3290767360 3252977664
3874521088 3285573632 3247755264
3877003264 3287785472 3250216960
3879350272 3290554368 3252732928
3874455552 3285995520 3247808512
3877318656 3288567808 3250538496
3875307520 3286581248 3248502784
3873931264 3285590016 3247213568
3874258944 3288981504 3250418688
3876462592 3287621632 3249736704
3873992704 3285401600 3247337472
3875115008 3287068672 3248598016
3877486592 3289239552 3250916352
