3866730496 3279638528 3242226688
3866656768 3279335424 3242012672
3866656768 3277615104 3239938048
3866398720 3281469440 3243811840
3867176960 3278106624 3240545280
3870584832 3281285120 3243974656
3866402816 3277234176 3239694336
3870294016 3281297408 3243658240
3866656768 3278053376 3240183808
3867901952 3279048704 3241370624
3866136576 3279466496 3241564160
3867967488 3279364096 3241408512
3869827072 3281059840 3243357184
3867721728 3278614528 3240991744
3871186944 3284619264 3246620672
3866664960 3278233600 3240107008
3867467776 3278176256 3240720384
3869974528 3285430272 3248002048
3866652672 3278024704 3239965696
3871002624 3282055168 3244368896
3867443200 3278286848 3240603648
3868880896 3279708160 3242227712
3870822400 3281743872 3244107776
3867291648 3278524416 3240530944
3869061120 3280338944 3242483712
3867705344 3278815232 3241059328
3866591232 3278106624 3239949312
3867181056 3278954496 3240591360
3868217344 3279355904 3241648128
3866652672 3277942784 3240071168
3867410432 3279175680 3240889344
3869614080 3281072128 3242890240
