3950161920 3363233792 3325491200
3966619648 3379605504 3341929472
4012683264 3424206848 3386032128
4032905216 3448750080 3414676480
3943378944 3355021312 3317889024
4000944128 3419389952 3381268480
3940118528 3351584768 3314603008
3959762944 3373326336 3335746560
3942154240 3353968640 3316517888
3949539328 3363205120 3325289472
4028837888 3442733056 3404293120
4000079872 3411877888 3373531136
3965804544 3377287168 3339278336
3959795712 3376074752 3337937920
3988471808 3407478784 3368812544
3956740096 3373858816 3334966272
3985473536 3401248768 3363451904
4043714560 3459342336 3421739008
3987869696 3402313728 3363961856
4029358080 3440648192 3402732544
3943108608 3354558464 3317374976
3969531904 3380625408 3342836736
4009644032 3420737536 3382836224
3993571328 3410022400 3371635712
3955277824 3367100416 3329040384
3945246720 3357114368 3319706624
4041355264 3453284352 3414587392
4011884544 3428716544 3394197504
3952902144 3368734720 3331089408
3942449152 3353960448 3316731904
3954417664 3366432768 3327872000
3953897472 3365679104 3327794176
