3948851200 3362070528 3324348416
3965571072 3378511872 3340840960
3965448192 3376971776 3338821632
3925725184 3341443072 3303229440
3927400448 3338874880 3300743168
3957346304 3375386624 3337536512
3924934656 3336351744 3298418688
3940626432 3352059904 3314071552
3926360064 3338178560 3299896320
3932368896 3344072704 3305888768
3925843968 3339681792 3301248000
3998769152 3410640896 3372296192
3963461632 3374800896 3336797184
3944091648 3360350208 3322222592
3984785408 3403726848 3365061632
3926007808 3338227712 3299374080
3935223808 3350888448 3313138688
4039499776 3455004672 3417406464
3986821120 3398361088 3360070656
3942113280 3353448448 3315544064
3927257088 3338567680 3300462592
3967283200 3378315264 3340669952
3942576128 3353800704 3315901440
3966324736 3382677504 3344294912
3937271808 3348688896 3310541824
3928899584 3340574720 3302148096
3981262848 3393388544 3354706944
3926528000 3343282176 3304577024
3935191040 3350884352 3312909312
3926802432 3338227712 3300025344
3952836608 3364757504 3326204928
3936387072 3348041728 3309598720
