3894247424 3307347968 3269663744
3883147264 3296038912 3258515456
3889180672 3302465536 3264592896
3881881600 3293483008 3255391232
3881861120 3293233152 3255282688
3882389504 3293515776 3255736320
3895250944 3306704896 3268663296
3896016896 3309555712 3271553024
3881598976 3292860416 3254899712
3883847680 3294916608 3257115648
3886891008 3298398208 3260336128
3898937344 3312513024 3274399744
3910742016 3321978880 3284170752
3882573824 3294203904 3256095744
3893936128 3305656320 3267339264
3884621824 3296149504 3257930752
3894190080 3305230336 3267547136
3888635904 3299127296 3261800448
3896217600 3307585536 3269419008
3882868736 3294314496 3256130560
3881336832 3292626944 3254604800
3894714368 3310309376 3272645632
3894722560 3306201088 3268015104
3897454592 3311480832 3273463808
3893932032 3310383104 3272082432
3881865216 3293073408 3255069696
3882123264 3293847552 3255499776
3884363776 3296100352 3257703424
3883696128 3295125504 3256915968
3882409984 3293716480 3255600128
3884908544 3298697216 3260372992
3897114624 3308871680 3270556672
