3851759616 3262345216 3227087872
3852685312 3263447040 3228001280
3853443072 3262091264 3226819584
3851993088 3261030400 3225346048
3851972608 3261423616 3225362432
3852500992 3261558784 3225786368
3852505088 3261726720 3225846784
3852349440 3261267968 3225616384
3851710464 3260833792 3225140224
3852275712 3261313024 3225700352
3852599296 3261661184 3225918464
3852820480 3264163840 3228277760
3853004800 3261730816 3226373120
3851980800 3261161472 3225440256
3851714560 3260641280 3224963072
3852509184 3261251584 3225757696
3851706368 3260497920 3225059328
3853291520 3261661184 3226585088
3852435456 3260977152 3225654272
3851911168 3260694528 3225315328
3851972608 3260977152 3225237504
3851968512 3265843200 3229936640
3851976704 3261059072 3225354240
3852427264 3261509632 3225646080
3851972608 3263660032 3227920384
3851976704 3260628992 3225282560
3852234752 3260841984 3225391104
3852824576 3261943808 3226245120
3853021184 3261648896 3226345472
3851997184 3261120512 3225424896
3852746752 3263361024 3228098560
3851767808 3260493824 3224973312
