3896606720 3309858816 3272182784
3892232192 3305189376 3267605504
3902373888 3315765248 3277849600
3890905088 3302498304 3264349184
3890749440 3302068224 3264108544
3891118080 3302195200 3264402432
3931463680 3342860288 3304812544
3983056896 3396685824 3358648320
3890282496 3301519360 3263554560
3894681600 3306049536 3268196352
3899850752 3311366144 3273246720
3973820416 3387404288 3349227520
3999285248 3410542592 3372728320
3893911552 3305361408 3267247104
3942481920 3354337280 3315991552
3900354560 3311935488 3273691136
3931963392 3347673088 3309984768
3905589248 3316035584 3278698496
3982884864 3394433024 3356250112
3894091776 3305484288 3267276800
3889238016 3300614144 3262600192
3935125504 3350728704 3313089536
3956125696 3367522304 3329309696
3984732160 3400781824 3362767872
3938541568 3354857472 3316531200
3890442240 3301654528 3263616000
3891171328 3302813696 3264467968
3896213504 3307974656 3269557248
3892629504 3304103936 3265882112
3891503104 3302830080 3264685056
3896979456 3310723072 3272353792
3950788608 3362537472 3324201984
