3907661824 3320934400 3283138560
3909517312 3322433536 3284828160
3921039360 3334410240 3296453632
3908276224 3319857152 3281629184
3907805184 3319283712 3281306624
3907993600 3319287808 3281457152
3932774400 3344400384 3306306560
4010463232 3423903744 3385834496
3928223744 3344515072 3306503168
3968028672 3379384320 3341508608
3917656064 3329171456 3291033600
3981025280 3394600960 3356344320
4079271936 3490529280 3452674048
3909902336 3321348096 3283208192
3944054784 3355815936 3317407744
3912679424 3326341120 3288051712
3933536256 3349274624 3311554560
3919458304 3330109440 3292755968
4001615872 3413102592 3374897152
3909644288 3321196544 3282949120
3905699840 3316944896 3278898176
3936436224 3352207360 3314504704
3957436416 3368935424 3330683904
4020895744 3436974080 3398866944
3939852288 3356274688 3317905408
3907072000 3318448128 3280392192
3908526080 3320143872 3281743872
3912749056 3324575744 3286130688
3933245440 3349454848 3311215616
3908571136 3320176640 3281912832
3928891392 3342594048 3304202240
3957600256 3369340928 3330907136
