3932266496 3345567744 3307638784
3978039296 3391238144 3353538560
3950579712 3363971072 3325971456
3932692480 3344461824 3306174464
3932495872 3343872000 3305886720
3932430336 3343540224 3305709568
3933560832 3345113088 3306985472
4012138496 3425804288 3387705344
3943292928 3363696640 3325659136
3973619712 3384926208 3347043328
4013580288 3425042432 3386891264
3983470592 3396997120 3358734336
4092768256 3504054272 3466177536
3935166464 3346755584 3308605440
3944579072 3356585984 3318086656
4039618560 3453534208 3415203840
3958927360 3374759936 3337022464
3948359680 3359096832 3321730048
4007792640 3419226112 3381006336
3934937088 3346407424 3308116992
3978145792 3389489152 3351436288
3937222656 3352862720 3315151872
3957960704 3369738240 3331386368
4022886400 3439112192 3401004032
3940638720 3356958720 3318555648
3953569792 3369586688 3331529728
3933036544 3349569536 3311139840
3939577856 3351388160 3312901120
3962875904 3379060736 3340816384
3933429760 3345035264 3306694656
3940249600 3353907200 3315489792
3959762944 3371683840 3333200896
