3849125888 3259641856 3224660992
3849940992 3260530688 3225383936
3850399744 3258896384 3223891968
3849621504 3258224640 3222928384
3849613312 3258568704 3222925312
3849879552 3258880000 3223399424
3849883648 3258892288 3223357440
3849535488 3258245120 3222942720
3849351168 3257843712 3222630400
3849891840 3258523648 3223189504
3849699328 3258470400 3223183360
3850145792 3260919808 3225555968
3850039296 3258392576 3223293952
3849621504 3258454016 3223000064
3849093120 3257958400 3222565888
3849887744 3258413056 3223290880
3849347072 3257573376 3222534144
3850592256 3258609664 3223832576
3849953280 3257933824 3223112704
3849428992 3257720832 3222771712
3849613312 3258023936 3222905856
3849609216 3260854272 3225462784
3849617408 3258073088 3222903808
3849515008 3258028032 3222802432
3849613312 3258191872 3222895616
3849617408 3257925632 3222935552
3849613312 3257892864 3222978560
3850162176 3258720256 3223563264
3850661888 3258736640 3223966720
3849637888 3258294272 3222995968
3849846784 3260080128 3225265152
3848953856 3257409536 3222292480
