3872206848 3285327872 3247692800
3873705984 3286556672 3249119232
3878072320 3289387008 3251582976
3872702464 3284062208 3246103552
3872419840 3283771392 3245869056
3872948224 3284066304 3246348288
3873214464 3284578304 3246597120
3873488896 3286876160 3248990208
3872157696 3283431424 3245543424
3873951744 3285078016 3247351808
3876241408 3287711744 3249731584
3876098048 3289571328 3251569664
3878621184 3289743360 3252001792
3872993280 3284574208 3246516224
3871899648 3283619840 3245393920
3874750464 3286204416 3248052224
3872415744 3283214336 3245558784
3878006784 3288436736 3251158016
3873689600 3285188608 3247089664
3873247232 3284758528 3246598144
3872157696 3283382272 3245415424
3872677888 3288256512 3250631680
3872686080 3284238336 3246086144
3875000320 3286192128 3248225280
3872157696 3288408064 3250142208
3872423936 3283619840 3245664256
3872944128 3284590592 3246270464
3874496512 3286151168 3247789056
3874254848 3285602304 3247454208
3872968704 3284234240 3246164992
3874893824 3288604672 3250351104
3874439168 3286114304 3247844352
