3838615552 3245637632 3212133376
3838869504 3248070656 3214399488
3839131648 3246272512 3212564480
3838611456 3245522944 3212066816
3838865408 3246243840 3212317696
3839131648 3246702592 3212572672
3839397888 3246813184 3212679168
3838603264 3245752320 3211876352
3838865408 3246108672 3212206080
3839131648 3246641152 3212512256
3838873600 3246211072 3212292096
3839139840 3248336896 3214583808
3838865408 3245780992 3212272640
3838873600 3246125056 3212408832
3838607360 3245658112 3212001280
3839401984 3246223360 3212707840
3838599168 3245154304 3211929600
3839385600 3245899776 3212471296
3838869504 3245400064 3212152832
3838607360 3245096960 3211874304
3839127552 3245654016 3212297216
3839123456 3245858816 3212319744
3838869504 3245756416 3212172288
3838607360 3245338624 3211937792
3839127552 3245379584 3212175360
3838869504 3245670400 3212080128
3838865408 3245084672 3211932672
3839131648 3245674496 3212471296
3839651840 3245768704 3212846080
3838865408 3245674496 3212297216
3838865408 3247329280 3214232576
3838345216 3244933120 3211784192
