3875876864 3288981504 3251298304
3877376000 3290275840 3252767744
3882553344 3296038912 3258195968
3876372480 3287707648 3249641472
3876089856 3287478272 3249537024
3876618240 3287707648 3249944576
3876884480 3288289280 3250253824
3877437440 3290931200 3252954112
3875827712 3287064576 3249120256
3877720064 3288985600 3251196928
3880599552 3292086272 3254046720
3880226816 3293732864 3255686144
3883237376 3294486528 3256688640
3876737024 3288371200 3250272256
3875569664 3287306240 3249015808
3878662144 3290165248 3251972096
3875823616 3286843392 3249169408
3882332160 3292848128 3255535616
3877744640 3289034752 3250895872
3877023744 3288461312 3250284544
3875565568 3286872064 3248867328
3876347904 3291955200 3254291456
3876356096 3287842816 3249660928
3878793216 3292876800 3254876160
3875565568 3291910144 3253616640
3876093952 3287257088 3249268736
3876614144 3288137728 3249803264
3878420480 3290124288 3251737600
3877924864 3289272320 3251089408
3876638720 3287982080 3249885184
3878866944 3292581888 3254279168
3878486016 3290267648 3251962880
