3853856768 3264737280 3229213696
3854831616 3265863680 3230224384
3856121856 3265114112 3229645824
3854090240 3263483904 3227521024
3854069760 3263909888 3227600896
3854598144 3264049152 3227963392
3854602240 3264204800 3228010496
3854630912 3263905792 3227993088
3853807616 3263246336 3227254784
3854684160 3263545344 3227970560
3855073280 3264430080 3228469248
3855482880 3266895872 3230745600
3856130048 3265093632 3229500416
3854102528 3263684608 3227665408
3853811712 3263193088 3227202560
3854716928 3263901696 3228093440
3854065664 3263000576 3227223040
3856158720 3264659456 3229271040
3854675968 3263762432 3227967488
3854389248 3263410176 3227622400
3854069760 3263651840 3227432960
3854065664 3268366336 3232108544
3854073856 3263610880 3227445248
3854827520 3264323584 3228139520
3854069760 3266187264 3230048256
3854336000 3263188992 3227459584
3854331904 3263500288 3227625472
3855425536 3264675840 3228661760
3855118336 3264229376 3228504064
3854356480 3263746048 3227624448
3855110144 3266125824 3230608384
3854155776 3263365120 3227506688
