3924643840 3338055680 3300171776
3977777152 3390812160 3353148416
3944386560 3357847552 3319874560
3925352448 3336990720 3298739200
3924836352 3336339456 3298362368
3924828160 3336126464 3298295808
3933298688 3344719872 3306595328
4011429888 3424960512 3386874880
3943030784 3363233792 3325208576
3973103616 3384283136 3346398208
3994959872 3406544896 3368404992
3982315520 3395985408 3357723648
4090609664 3501973504 3464110080
3934842880 3346300928 3308160000
3944316928 3356176384 3317712896
3988549632 3402313728 3363976192
3939053568 3354767360 3317042176
3942735872 3353227264 3315873792
4006723584 3418271744 3380057088
3930107904 3341717504 3303438336
3977883648 3389140992 3351092224
3936698368 3352514560 3314803712
3957698560 3369316352 3331002368
4022054912 3438178304 3400070144
3940114432 3356590080 3318189056
3923787776 3335200768 3297143808
3925569536 3339870208 3301455872
3934199808 3346120704 3307654144
3947921408 3364327424 3326083072
3925671936 3337441280 3299138560
3934167040 3347947520 3309541376
3958857728 3370627072 3332179968
