3929743360 3343155200 3305234432
3978039296 3391094784 3353395200
3949793280 3363278848 3325302784
3930443776 3342061568 3303785472
3929948160 3341443072 3303461888
3929923584 3341176832 3303346176
3933560832 3344973824 3306846208
4012027904 3425538048 3387447296
3943292928 3363532800 3325496320
3973550080 3384700928 3346813952
4012978176 3424555008 3386411008
3983040512 3396706304 3358443520
4092059648 3503439872 3465578496
3935141888 3346587648 3308441600
3944579072 3356430336 3317950464
4022726656 3436503040 3398156288
3958927360 3374612480 3336875008
3948044288 3358519296 3321157632
4007387136 3418927104 3380707328
3934650368 3346255872 3307969536
3978145792 3389362176 3351313408
3936960512 3352743936 3315033088
3957960704 3369582592 3331241984
4022730752 3438813184 3400705024
3940376576 3356811264 3318408192
3953307648 3369410560 3331353600
3930738688 3347128320 3308701696
3939110912 3351019520 3312547840
3962613760 3378892800 3340648448
3930865664 3342581760 3304253440
3939049472 3352813568 3314399232
3959582720 3371335680 3332877312
