3863031808 3275710464 3238498304
3864268800 3276660736 3239684096
3867410432 3278159872 3240817664
3863265280 3274133504 3236694016
3863244800 3274153984 3236615168
3863773184 3274395648 3237060608
3863777280 3274768384 3237138432
3863949312 3274592256 3237254144
3862982656 3273883648 3236376576
3864150016 3274948608 3237560320
3865747456 3276681216 3239126016
3865882624 3278721024 3241153536
3867504640 3278299136 3240948736
3863613440 3274657792 3236976640
3862986752 3274153984 3236294656
3864662016 3275714560 3238033408
3862978560 3273814016 3236378624
3867037696 3277455360 3240385536
3864248320 3275264000 3237437440
3863674880 3274981376 3237108736
3863244800 3274174464 3236425728
3863502848 3278606336 3241363456
3863511040 3274731520 3236876288
3864969216 3275907072 3238220800
3863244800 3279097856 3241133056
3863248896 3274313728 3236638720
3863506944 3274878976 3236902912
3864662016 3276075008 3238046720
3864555520 3275722752 3237861376
3863531520 3274575872 3236792320
3864948736 3278004224 3240426496
3864358912 3275509760 3237616640
