3862245376 3274866688 3237748736
3863482368 3275911168 3238886400
3866537984 3277213696 3239949312
3862478848 3273318400 3235913728
3862458368 3273404416 3235905536
3862986752 3273584640 3236318208
3862990848 3273908224 3236341760
3863150592 3273932800 3236464640
3862196224 3273048064 3235643392
3863339008 3274104832 3236784128
3864875008 3275730944 3238251520
3864797184 3277758464 3240260608
3866619904 3277389824 3240107008
3862814720 3273830400 3236227072
3862200320 3273367552 3235575808
3863830528 3274768384 3237207040
3862192128 3272933376 3235599360
3866169344 3276505088 3239500800
3863437312 3274375168 3236658176
3862888448 3274096640 3236315136
3862458368 3273392128 3235676160
3862716416 3278032896 3240621056
3862724608 3273928704 3236105216
3864133632 3275046912 3237395456
3862458368 3278303232 3240396800
3862724608 3273535488 3235906560
3862720512 3274027008 3236148224
3863875584 3275280384 3237314560
3863769088 3274878976 3237063680
3862745088 3273740288 3236025344
3864399872 3277197312 3239630848
3863511040 3274629120 3236808704
