3853070336 3264045056 3228569600
3854045184 3265216512 3229528064
3855405056 3264237568 3228770304
3853565952 3262758912 3226865664
3853545472 3263148032 3226900480
3853811712 3263270912 3227253760
3853815808 3263483904 3227346944
3853795328 3263164416 3227298816
3853283328 3262525440 3226625024
3853873152 3263049728 3227259904
3854168064 3263541248 3227648000
3854610432 3266052096 3229983744
3855097856 3264077824 3228547072
3853578240 3262963712 3227005952
3853287424 3262427136 3226519552
3854155776 3263102976 3227380736
3853279232 3262291968 3226536960
3855204352 3263766528 3228441600
3854114816 3262951424 3227292672
3853570048 3262590976 3226910720
3853545472 3262844928 3226737664
3853541376 3267596288 3231416320
3853549568 3262844928 3226797056
3853967360 3263524864 3227396096
3853545472 3265425408 3229390848
3853549568 3262402560 3226791936
3853545472 3262693376 3226914816
3854589952 3263881216 3227961344
3854594048 3263414272 3227812864
3853570048 3262939136 3226938368
3854524416 3265376256 3229860864
3853537280 3262488576 3226737664
