3860148224 3272409088 3235620864
3861123072 3273375744 3236651008
3864162304 3274551296 3237484544
3860381696 3271061504 3233828864
3860361216 3271200768 3233887232
3860889600 3271372800 3234230272
3860893696 3271647232 3234248704
3861016576 3271655424 3234349056
3860099072 3270598656 3233517568
3861147648 3271573504 3234536448
3862511616 3273064448 3235829760
3862556672 3275194368 3237885952
3864231936 3274403840 3237628928
3860680704 3271454720 3234169856
3860103168 3270942720 3233488896
3861659648 3272249344 3234987008
3860357120 3270623232 3233586176
3863851008 3273850880 3237090304
3861291008 3271962624 3234507776
3860766720 3271733248 3234162688
3860361216 3271204864 3233651712
3860619264 3275825152 3238533120
3860627456 3271589888 3233912832
3861913600 3272642560 3235130368
3860361216 3275821056 3238342656
3860627456 3271127040 3233870848
3860885504 3271684096 3234079744
3861778432 3272773632 3235112960
3861671936 3272343552 3234992128
3860647936 3271417856 3233953792
3861966848 3274719232 3237389312
3861270528 3271987200 3234551808
