3876663296 3289931776 3252248576
3878424576 3291279360 3253760000
3883868160 3297345536 3259490304
3877158912 3288727552 3250644992
3877138432 3288477696 3250528256
3877666816 3288711168 3250936832
3877933056 3289288704 3251253248
3878584320 3292061696 3254060032
3876614144 3288064000 3250111488
3878805504 3290087424 3252287488
3881881600 3293347840 3255291904
3881410560 3294916608 3256826880
3884625920 3295862784 3258058752
3877810176 3289354240 3251251200
3876618240 3288297472 3249986560
3879534592 3291275264 3253062656
3876872192 3287822336 3250140160
3883597824 3294072832 3256752128
3878576128 3290128384 3251977216
3878096896 3289489408 3251311616
3876614144 3287863296 3249842176
3877396480 3292934144 3255270400
3877404672 3288834048 3250652160
3879976960 3293995008 3255998464
3876614144 3292856320 3254555648
3877142528 3288293376 3250295808
3877400576 3289096192 3250753536
3879542784 3291222016 3252827136
3878711296 3290292224 3252097024
3877425152 3288936448 3250828288
3880026112 3293720576 3255401472
3879653376 3291377664 3253063680
