3899633664 3312680960 3274987520
3901153280 3314212864 3276624896
3913969664 3327508480 3289569280
3899973632 3311669248 3273495552
3899777024 3311157248 3273185280
3900039168 3311177728 3273373696
3932250112 3343728640 3305657344
4009287680 3422887936 3384828928
3918209024 3334217728 3296225280
3954651136 3365851136 3327993856
3910930432 3322544128 3284412416
3979354112 3393036288 3354827776
4060205056 3471298560 3433472000
3904360448 3315920896 3277802496
3943530496 3355156480 3316799488
3906793472 3318489088 3280235520
3932749824 3348574208 3310865408
3912839168 3323371520 3286034432
4000837632 3412180992 3373988864
3904450560 3315888128 3277675520
3897802752 3309207552 3271164928
3935911936 3351580672 3313912832
3956912128 3368366080 3330128896
4019789824 3435687936 3397642240
3939328000 3355664384 3317334016
3899207680 3310460928 3272422400
3900186624 3311910912 3273539584
3906797568 3318710272 3280287744
3901689856 3313246208 3275023360
3900465152 3311874048 3273712640
3927535616 3341361152 3302982656
3956457472 3368038400 3329678336
