3863556096 3276427264 3239138304
3864793088 3277447168 3240331264
3868008448 3278999552 3241579520
3864051712 3274907648 3237347328
3863769088 3274883072 3237296128
3864297472 3275112448 3237711872
3864301568 3275505664 3237798912
3864473600 3277479936 3239918592
3863769088 3274596352 3237040128
3864961024 3275726848 3238255616
3866333184 3277488128 3239870464
3866443776 3279560704 3241883648
3868364800 3279130624 3241690112
3864137728 3275370496 3237628928
3863511040 3274829824 3236916224
3865473024 3276533760 3238771712
3863764992 3274514432 3237016576
3867873280 3278245888 3241119744
3864797184 3276005376 3238135808
3864461312 3275722752 3237768192
3863769088 3274870784 3237080064
3864027136 3279511552 3242040320
3864297472 3275407360 3237513216
3865530368 3276681216 3238934528
3863769088 3279769600 3241741312
3864035328 3274985472 3237258240
3864293376 3275599872 3237540864
3865448448 3276820480 3238712320
3865341952 3276484608 3238557696
3864055808 3275337728 3237472256
3865747456 3278884864 3241127936
3864920064 3276328960 3238346752
