# Power spectrum from CO𝘕CEPT job 3340722 at t = 5.8476093 Gyr, a = 0.49999999.
# 
# Below, the following component mapping is used:
#   GADGET halo: 0
# 
#            grid size 2048            
# ╭───────────────────────────────────╮
#                         component 0  
#                        σ₈ = 5.36e-01 
#  k [Mpc⁻¹]     modes    power [Mpc³] 
1.6444274e-02         3  2.8571476e+04 
2.5346356e-02        10  2.0945357e+04 
3.7898992e-02        27  1.5500072e+04 
5.1056691e-02        45  1.1199301e+04 
6.3292620e-02        67  8.4275767e+03 
7.7668197e-02       141  6.5718583e+03 
9.4506018e-02       217  4.7118598e+03 
1.1085512e-01       265  3.3783698e+03 
1.2673551e-01       375  2.6733039e+03 
1.4310520e-01       469  2.2993742e+03 
1.5921320e-01       573  2.0101867e+03 
1.7505023e-01       679  1.8127543e+03 
1.9158744e-01       889  1.4908336e+03 
2.0864874e-01      1053  1.3308717e+03 
2.2492023e-01      1105  1.2175300e+03 
2.4162157e-01      1467  1.0633207e+03 
2.5841415e-01      1501  9.7235682e+02 
2.7456390e-01      1737  8.8315220e+02 
2.9089046e-01      1963  8.1491959e+02 
3.0709736e-01      2125  7.4806077e+02 
3.2358821e-01      2517  7.0565559e+02 
3.3996065e-01      2575  6.7063664e+02 
3.5647498e-01      3081  6.2732774e+02 
3.7295848e-01      3133  5.7493238e+02 
3.8900984e-01      3429  5.4721719e+02 
4.0558736e-01      3991  5.0586823e+02 
4.2213935e-01      4009  4.8555711e+02 
4.3838736e-01      4497  4.5613245e+02 
4.5476989e-01      4747  4.5374631e+02 
4.7136961e-01      5289  4.2728119e+02 
4.8803303e-01      5581  4.1240774e+02 
5.0455551e-01      5901  3.9789076e+02 
5.2095127e-01      6295  3.7717008e+02 
5.3726294e-01      6601  3.6221488e+02 
5.5363157e-01      7161  3.5545760e+02 
5.7007373e-01      7531  3.3924924e+02 
5.8656738e-01      8037  3.2539060e+02 
6.0304067e-01      8437  3.1441551e+02 
6.1937943e-01      8827  3.0589199e+02 
6.3585243e-01      9513  2.9464654e+02 
6.5225570e-01      9709  2.9217617e+02 
6.6876924e-01     10641  2.7868071e+02 
6.8512868e-01     10567  2.7425190e+02 
7.0151250e-01     11685  2.6480599e+02 
7.1826316e-01     12169  2.6058323e+02 
7.3452255e-01     12091  2.5509623e+02 
7.5081025e-01     13257  2.4286211e+02 
7.6730652e-01     13657  2.4160546e+02 
7.8373756e-01     14241  2.3278837e+02 
8.0014453e-01     14851  2.2844088e+02 
8.1663338e-01     15609  2.2788265e+02 
8.3318393e-01     16189  2.2249047e+02 
8.4948675e-01     16471  2.1515615e+02 
8.6584974e-01     17481  2.1210907e+02 
8.8236887e-01     18253  2.0873425e+02 
8.9891593e-01     18801  2.0004719e+02 
9.1537361e-01     19495  1.9468939e+02 
9.3179045e-01     20101  1.9361958e+02 
9.4826074e-01     20985  1.9058193e+02 
9.6466432e-01     21451  1.8560915e+02 
9.8111737e-01     22533  1.8287871e+02 
9.9753917e-01     22945  1.7993292e+02 
1.0139094e+00     23811  1.7855041e+02 
1.0303265e+00     24625  1.7343723e+02 
1.0468144e+00     25705  1.7146818e+02 
1.0633358e+00     26241  1.6740349e+02 
1.0797558e+00     27043  1.6533432e+02 
1.0962211e+00     28029  1.6187978e+02 
1.1126210e+00     28489  1.5929771e+02 
1.1290879e+00     30039  1.5568209e+02 
1.1456116e+00     30301  1.5323574e+02 
1.1619125e+00     31033  1.5232186e+02 
1.1783370e+00     32529  1.4978276e+02 
1.1947869e+00     32935  1.4647032e+02 
1.2112565e+00     34437  1.4509154e+02 
1.2277117e+00     34645  1.4230708e+02 
1.2440502e+00     35979  1.4032329e+02 
1.2605211e+00     36949  1.3809061e+02 
1.2770144e+00     38113  1.3499800e+02 
1.2934226e+00     38475  1.3307008e+02 
1.3097903e+00     39865  1.3135044e+02 
1.3263446e+00     41493  1.2928957e+02 
1.3428874e+00     41665  1.2759890e+02 
1.3592087e+00     42631  1.2535062e+02 
1.3756346e+00     44085  1.2358374e+02 
1.3921820e+00     45505  1.2237355e+02 
1.4086373e+00     45735  1.2059959e+02 
1.4250178e+00     47125  1.1869876e+02 
1.4414920e+00     48585  1.1747788e+02 
1.4579305e+00     48961  1.1613668e+02 
1.4743321e+00     50743  1.1440073e+02 
1.4907389e+00     51165  1.1333342e+02 
1.5071924e+00     53257  1.1083210e+02 
1.5236603e+00     53655  1.0942547e+02 
1.5400190e+00     54793  1.0834852e+02 
1.5565192e+00     57057  1.0638782e+02 
1.5729869e+00     56839  1.0540153e+02 
1.5894023e+00     59101  1.0382853e+02 
1.6058601e+00     59709  1.0316820e+02 
1.6222933e+00     61225  1.0173111e+02 
1.6387728e+00     62607  9.9755325e+01 
1.6551975e+00     63253  9.8397284e+01 
1.6716037e+00     65061  9.7396506e+01 
1.6880337e+00     66031  9.6394809e+01 
1.7044751e+00     67525  9.4698378e+01 
1.7209058e+00     68769  9.3063344e+01 
1.7373469e+00     70105  9.2809714e+01 
1.7538178e+00     71787  9.1099662e+01 
1.7702475e+00     72337  8.9673031e+01 
1.7866732e+00     74401  8.8605886e+01 
1.8031286e+00     75531  8.7391216e+01 
1.8196372e+00     77473  8.6984414e+01 
1.8360112e+00     77193  8.5373964e+01 
1.8523516e+00     79765  8.4461733e+01 
1.8688946e+00     82143  8.3899638e+01 
1.8854177e+00     82393  8.2873204e+01 
1.9018266e+00     83833  8.2301269e+01 
1.9181986e+00     85059  8.1037848e+01 
1.9346415e+00     87253  7.9791150e+01 
1.9511396e+00     88857  7.9064720e+01 
1.9675969e+00     89659  7.8306982e+01 
1.9840224e+00     91533  7.6864424e+01 
2.0004207e+00     92401  7.6027292e+01 
2.0168900e+00     95353  7.5207729e+01 
2.0333318e+00     95271  7.4615449e+01 
2.0497666e+00     98269  7.3919016e+01 
2.0661874e+00     98217  7.2324686e+01 
2.0826377e+00    101899  7.1890019e+01 
2.0991461e+00    102009  7.1361565e+01 
2.1155531e+00    103993  7.0575890e+01 
2.1320003e+00    105553  6.9243724e+01 
2.1484303e+00    107139  6.8335783e+01 
2.1648814e+00    109189  6.7928069e+01 
2.1812685e+00    109341  6.6816187e+01 
2.1976836e+00    113179  6.6162176e+01 
2.2141473e+00    113053  6.5472431e+01 
2.2305825e+00    116517  6.4871245e+01 
2.2471141e+00    117607  6.4021297e+01 
2.2635356e+00    118365  6.3582467e+01 
2.2799533e+00    121189  6.2984887e+01 
2.2964184e+00    122289  6.2147342e+01 
2.3128267e+00    124147  6.1160030e+01 
2.3292896e+00    126385  6.0560598e+01 
2.3457569e+00    127941  5.9980012e+01 
2.3621623e+00    128947  5.9284166e+01 
2.3786241e+00    132393  5.8536780e+01 
2.3950976e+00    132949  5.7962522e+01 
2.4115030e+00    134649  5.7297034e+01 
2.4279489e+00    137623  5.6580922e+01 
2.4443643e+00    137641  5.6111836e+01 
2.4607764e+00    141321  5.5198932e+01 
2.4772237e+00    142087  5.5027448e+01 
2.4936741e+00    144945  5.4204960e+01 
2.5100982e+00    145717  5.3740143e+01 
2.5265007e+00    148251  5.3258495e+01 
2.5430151e+00    151537  5.2664872e+01 
2.5594785e+00    151321  5.1987235e+01 
2.5758655e+00    153909  5.1164231e+01 
2.5923078e+00    156511  5.0915132e+01 
2.6088067e+00    158709  5.0316023e+01 
2.6252397e+00    159301  5.0016405e+01 
2.6416584e+00    162643  4.9539157e+01 
2.6581561e+00    164613  4.9033241e+01 
2.6745973e+00    165817  4.8549488e+01 
2.6909855e+00    167313  4.8129540e+01 
2.7074110e+00    171067  4.7395753e+01 
2.7238484e+00    171465  4.7182772e+01 
2.7402879e+00    175225  4.6423188e+01 
2.7567697e+00    176743  4.6179252e+01 
2.7731423e+00    176841  4.5596142e+01 
2.7895596e+00    182221  4.5261628e+01 
2.8060814e+00    183117  4.4649411e+01 
2.8224975e+00    184411  4.4135849e+01 
2.8389274e+00    187617  4.3717211e+01 
2.8553653e+00    188905  4.3470472e+01 
2.8717627e+00    191131  4.2877341e+01 
2.8882218e+00    194565  4.2520942e+01 
2.9046964e+00    196141  4.2335201e+01 
2.9211615e+00    198591  4.1827113e+01 
2.9375998e+00    200065  4.1249105e+01 
2.9540649e+00    203797  4.0845829e+01 
2.9705354e+00    204549  4.0669472e+01 
2.9869717e+00    207595  4.0095372e+01 
3.0033875e+00    208581  3.9836397e+01 
3.0197883e+00    211837  3.9464658e+01 
3.0362229e+00    213999  3.8944064e+01 
3.0526866e+00    217057  3.8820055e+01 
3.0691428e+00    218893  3.8357218e+01 
3.0855555e+00    220269  3.7943586e+01 
3.1019930e+00    224323  3.7546023e+01 
3.1184617e+00    225873  3.7135659e+01 
3.1349207e+00    228757  3.6895337e+01 
3.1513532e+00    230283  3.6619167e+01 
3.1677965e+00    233341  3.6156393e+01 
3.1842470e+00    235693  3.6089990e+01 
3.2006723e+00    237399  3.5456025e+01 
3.2171142e+00    241009  3.5145892e+01 
3.2335887e+00    243417  3.4903195e+01 
3.2500136e+00    244129  3.4573370e+01 
3.2664410e+00    248991  3.4255664e+01 
3.2829239e+00    250369  3.3983377e+01 
3.2993618e+00    252829  3.3717974e+01 
3.3157727e+00    254511  3.3374041e+01 
3.3322186e+00    258997  3.3067998e+01 
3.3486800e+00    260157  3.2739259e+01 
3.3650923e+00    262381  3.2586416e+01 
3.3815241e+00    266131  3.2177689e+01 
3.3979483e+00    267117  3.1937548e+01 
3.4143703e+00    271273  3.1602124e+01 
3.4308564e+00    274563  3.1432679e+01 
3.4473137e+00    275473  3.1021797e+01 
3.4637222e+00    278193  3.0836053e+01 
3.4801264e+00    280657  3.0573660e+01 
3.4965868e+00    285319  3.0312288e+01 
3.5130530e+00    286401  2.9997170e+01 
3.5294760e+00    288889  2.9703811e+01 
3.5459357e+00    293391  2.9461909e+01 
3.5624090e+00    294577  2.9182442e+01 
3.5788404e+00    297573  2.8990557e+01 
3.5952642e+00    299563  2.8736302e+01 
3.6117160e+00    303997  2.8507403e+01 
3.6281560e+00    305025  2.8324395e+01 
3.6445790e+00    308533  2.8034783e+01 
3.6610225e+00    311619  2.7768367e+01 
3.6774766e+00    314257  2.7501491e+01 
3.6939086e+00    316617  2.7249472e+01 
3.7103462e+00    320131  2.7125001e+01 
3.7268028e+00    322729  2.6903303e+01 
3.7432601e+00    326289  2.6589572e+01 
3.7596895e+00    326989  2.6438622e+01 
3.7760900e+00    331131  2.6205039e+01 
3.7925450e+00    334801  2.6065148e+01 
3.8089767e+00    335833  2.5749176e+01 
3.8254063e+00    340827  2.5615231e+01 
3.8418656e+00    342721  2.5443334e+01 
3.8583499e+00    347925  2.5134671e+01 
3.8747993e+00    346915  2.4982716e+01 
3.8912071e+00    352221  2.4742710e+01 
3.9076586e+00    354793  2.4570121e+01 
3.9240896e+00    357109  2.4367238e+01 
3.9405276e+00    361299  2.4255039e+01 
3.9569713e+00    363205  2.3967906e+01 
3.9734255e+00    367881  2.3830814e+01 
3.9898789e+00    369439  2.3623912e+01 
4.0063139e+00    372729  2.3481328e+01 
4.0227443e+00    375709  2.3271394e+01 
4.0391807e+00    378925  2.3179853e+01 
4.0556139e+00    381963  2.2966957e+01 
4.0720410e+00    384733  2.2747585e+01 
4.0884797e+00    388377  2.2547124e+01 
4.1049168e+00    391507  2.2396346e+01 
4.1213716e+00    394989  2.2201624e+01 
4.1378384e+00    398773  2.2152688e+01 
4.1542692e+00    399259  2.1952626e+01 
4.1707055e+00    405537  2.1641035e+01 
4.1871461e+00    405997  2.1632833e+01 
4.2035544e+00    409845  2.1408913e+01 
4.2199761e+00    413587  2.1233817e+01 
4.2364682e+00    419449  2.1130225e+01 
4.2529646e+00    420693  2.0910171e+01 
4.2694067e+00    423043  2.0780559e+01 
4.2858500e+00    427017  2.0643252e+01 
4.3022780e+00    429181  2.0432397e+01 
4.3186990e+00    432945  2.0274068e+01 
4.3351542e+00    437731  2.0090665e+01 
4.3516058e+00    439321  1.9962774e+01 
4.3680369e+00    443253  1.9803826e+01 
4.3844739e+00    446419  1.9673837e+01 
4.4009137e+00    449925  1.9563380e+01 
4.4173500e+00    453157  1.9418658e+01 
4.4337621e+00    455217  1.9259689e+01 
4.4502129e+00    461923  1.9116728e+01 
4.4666919e+00    463969  1.9001197e+01 
4.4830981e+00    464349  1.8844668e+01 
4.4995168e+00    471667  1.8752313e+01 
4.5159908e+00    474141  1.8581483e+01 
4.5324513e+00    478093  1.8458929e+01 
4.5488951e+00    480195  1.8325128e+01 
4.5653382e+00    484537  1.8210099e+01 
4.5817810e+00    487537  1.8110680e+01 
4.5981919e+00    489405  1.7924345e+01 
4.6146248e+00    496279  1.7809727e+01 
4.6310751e+00    496965  1.7682143e+01 
4.6475317e+00    503953  1.7582236e+01 
4.6639737e+00    503335  1.7438357e+01 
4.6804197e+00    511209  1.7358909e+01 
4.6968700e+00    510829  1.7198031e+01 
4.7132818e+00    515577  1.7140391e+01 
4.7297165e+00    520003  1.6998694e+01 
4.7461617e+00    523329  1.6867405e+01 
4.7626176e+00    527653  1.6767783e+01 
4.7790675e+00    530551  1.6642880e+01 
4.7955192e+00    534849  1.6567478e+01 
4.8119483e+00    536725  1.6394480e+01 
4.8283904e+00    542703  1.6302685e+01 
4.8448413e+00    544753  1.6223244e+01 
4.8612558e+00    547917  1.6096504e+01 
4.8776855e+00    552805  1.6020593e+01 
4.8941426e+00    557611  1.5889093e+01 
4.9105783e+00    558561  1.5774144e+01 
4.9269930e+00    563689  1.5667291e+01 
4.9434389e+00    568527  1.5561414e+01 
4.9599169e+00    572929  1.5455722e+01 
4.9763535e+00    573841  1.5368643e+01 
4.9927621e+00    578085  1.5286537e+01 
5.0092162e+00    584803  1.5127393e+01 
5.0256809e+00    586701  1.5060520e+01 
5.0420988e+00    588805  1.4972078e+01 
5.0585219e+00    595203  1.4863752e+01 
5.0750102e+00    600577  1.4779798e+01 
5.0914658e+00    601441  1.4682919e+01 
5.1078963e+00    605967  1.4632311e+01 
5.1243245e+00    609169  1.4508729e+01 
5.1407632e+00    614625  1.4416449e+01 
5.1572525e+00    620617  1.4335143e+01 
5.1736802e+00    618447  1.4220998e+01 
5.1900865e+00    626233  1.4122856e+01 
5.2065263e+00    629233  1.4041892e+01 
5.2229477e+00    632739  1.3949839e+01 
5.2394225e+00    641245  1.3873295e+01 
5.2558876e+00    640269  1.3795896e+01 
5.2723274e+00    646813  1.3703399e+01 
5.2887662e+00    648807  1.3628459e+01 
5.3051775e+00    652489  1.3566614e+01 
5.3216250e+00    659569  1.3457100e+01 
5.3380578e+00    659715  1.3389313e+01 
5.3545077e+00    668893  1.3290904e+01 
5.3709724e+00    669441  1.3188183e+01 
5.3874098e+00    674509  1.3133092e+01 
5.4038391e+00    677143  1.3021602e+01 
5.4202707e+00    683109  1.2988070e+01 
5.4367136e+00    685897  1.2892277e+01 
5.4531674e+00    693039  1.2795228e+01 
5.4696047e+00    692185  1.2729797e+01 
5.4860342e+00    701001  1.2651971e+01 
5.5025128e+00    704959  1.2576393e+01 
5.5189514e+00    705505  1.2515921e+01 
5.5353814e+00    713205  1.2451416e+01 
5.5518089e+00    713053  1.2348318e+01 
5.5682266e+00    721599  1.2303907e+01 
5.5846814e+00    724285  1.2220022e+01 
5.6011307e+00    729825  1.2142688e+01 
5.6175533e+00    730555  1.2054593e+01 
5.6339838e+00    738613  1.2006734e+01 
5.6504606e+00    744105  1.1948755e+01 
5.6669328e+00    746233  1.1867752e+01 
5.6833538e+00    748455  1.1808791e+01 
5.6997676e+00    754033  1.1748573e+01 
5.7162136e+00    760233  1.1661298e+01 
5.7326818e+00    764947  1.1600969e+01 
5.7491222e+00    765985  1.1512726e+01 
5.7655481e+00    772869  1.1459382e+01 
5.7819998e+00    777079  1.1389505e+01 
5.7984483e+00    781137  1.1314216e+01 
5.8148836e+00    785101  1.1261127e+01 
5.8313155e+00    789169  1.1177476e+01 
5.8477542e+00    795171  1.1138596e+01 
5.8641874e+00    797281  1.1047883e+01 
5.8806056e+00    802761  1.1008454e+01 
5.8970410e+00    808075  1.0940107e+01 
5.9135163e+00    815109  1.0889182e+01 
5.9299586e+00    814705  1.0819819e+01 
5.9463797e+00    821329  1.0762404e+01 
5.9628322e+00    827415  1.0719684e+01 
5.9792896e+00    830797  1.0635050e+01 
5.9957448e+00    836025  1.0597144e+01 
6.0121876e+00    839431  1.0529873e+01 
6.0286108e+00    842409  1.0473827e+01 
6.0450360e+00    849313  1.0408819e+01 
6.0614598e+00    851143  1.0376707e+01 
6.0778967e+00    860337  1.0302216e+01 
6.0943551e+00    862621  1.0222975e+01 
6.1107986e+00    867453  1.0186080e+01 
6.1272335e+00    871939  1.0138298e+01 
6.1437037e+00    880029  1.0078623e+01 
6.1601638e+00    880549  1.0013076e+01 
6.1765859e+00    885019  9.9475469e+00 
6.1930151e+00    890997  9.9084991e+00 
6.2094533e+00    895573  9.8687665e+00 
6.2259001e+00    901029  9.8018348e+00 
6.2423180e+00    902251  9.7396754e+00 
6.2587679e+00    913789  9.6815547e+00 
6.2752238e+00    912837  9.6686265e+00 
6.2916633e+00    921451  9.5910523e+00 
6.3081060e+00    922473  9.5468473e+00 
6.3245487e+00    931549  9.4849551e+00 
6.3410046e+00    933333  9.4493141e+00 
6.3574714e+00    942631  9.4049957e+00 
6.3739027e+00    939061  9.3502783e+00 
6.3903148e+00    949797  9.3027637e+00 
6.4067751e+00    955099  9.2661585e+00 
6.4232209e+00    956937  9.2041805e+00 
6.4396348e+00    962053  9.1542470e+00 
6.4560791e+00    969963  9.1002382e+00 
6.4725348e+00    972985  9.0554186e+00 
6.4889691e+00    978001  9.0121957e+00 
6.5054175e+00    983793  8.9807339e+00 
6.5218514e+00    987091  8.9183433e+00 
6.5383043e+00    995025  8.8671848e+00 
6.5547504e+00    997033  8.8212322e+00 
6.5711722e+00   1002063  8.7931317e+00 
6.5876093e+00   1008385  8.7323114e+00 
6.6040739e+00   1016053  8.7035665e+00 
6.6205340e+00   1017405  8.6466991e+00 
6.6369452e+00   1020859  8.6144606e+00 
6.6533914e+00   1031313  8.5748937e+00 
6.6698535e+00   1032877  8.5102090e+00 
6.6862930e+00   1039267  8.4764577e+00 
6.7027180e+00   1040901  8.4338483e+00 
6.7191400e+00   1049245  8.3887299e+00 
6.7355887e+00   1054275  8.3365102e+00 
6.7520281e+00   1058473  8.3083530e+00 
6.7684774e+00   1066317  8.2613195e+00 
6.7849380e+00   1069585  8.2244567e+00 
6.8013799e+00   1074787  8.1860550e+00 
6.8178081e+00   1077873  8.1549118e+00 
6.8342439e+00   1086349  8.1009744e+00 
6.8506971e+00   1090743  8.0495010e+00 
6.8671327e+00   1093909  8.0119503e+00 
6.8835509e+00   1099665  7.9801216e+00 
6.8999862e+00   1106005  7.9385919e+00 
6.9164360e+00   1112815  7.8958906e+00 
6.9328703e+00   1114101  7.8771891e+00 
6.9493314e+00   1126789  7.8188428e+00 
6.9657917e+00   1125447  7.7784896e+00 
6.9822190e+00   1131937  7.7354847e+00 
6.9986546e+00   1138165  7.7118962e+00 
7.0150913e+00   1141977  7.6708576e+00 
7.0315386e+00   1150819  7.6307546e+00 
7.0479914e+00   1153413  7.5974327e+00 
7.0644214e+00   1158289  7.5577187e+00 
7.0808622e+00   1166019  7.5219914e+00 
7.0973145e+00   1170133  7.4957832e+00 
7.1137628e+00   1177057  7.4458925e+00 
7.1302069e+00   1180035  7.4306537e+00 
7.1466382e+00   1185973  7.3947184e+00 
7.1630684e+00   1190841  7.3420348e+00 
7.1795007e+00   1197337  7.3309999e+00 
7.1959427e+00   1203399  7.2850774e+00 
7.2123865e+00   1208245  7.2509953e+00 
7.2288154e+00   1212145  7.2184259e+00 
7.2452654e+00   1222887  7.1777022e+00 
7.2617193e+00   1223329  7.1474783e+00 
7.2781551e+00   1231653  7.1076758e+00 
7.2945936e+00   1234441  7.0791035e+00 
7.3110369e+00   1243887  7.0479871e+00 
7.3274937e+00   1247713  7.0218815e+00 
7.3439337e+00   1252081  6.9739978e+00 
7.3603633e+00   1257807  6.9453500e+00 
7.3768275e+00   1268185  6.9213958e+00 
7.3932778e+00   1267569  6.8855340e+00 
7.4097159e+00   1277059  6.8581181e+00 
7.4261689e+00   1281325  6.8282959e+00 
7.4426029e+00   1285809  6.8010389e+00 
7.4590356e+00   1291681  6.7585904e+00 
7.4754791e+00   1299975  6.7236475e+00 
7.4919143e+00   1300825  6.7036128e+00 
7.5083555e+00   1312917  6.6609551e+00 
7.5248185e+00   1315711  6.6339192e+00 
7.5412578e+00   1320385  6.6087630e+00 
7.5576660e+00   1322721  6.5774479e+00 
7.5741030e+00   1335625  6.5437237e+00 
7.5905568e+00   1337991  6.5165730e+00 
7.6070124e+00   1347277  6.4810161e+00 
7.6234686e+00   1349421  6.4629671e+00 
7.6399016e+00   1355407  6.4160871e+00 
7.6563422e+00   1362001  6.4009137e+00 
7.6727822e+00   1367481  6.3751468e+00 
7.6892171e+00   1372735  6.3532950e+00 
7.7056535e+00   1378989  6.3098296e+00 
7.7220826e+00   1383937  6.2890722e+00 
7.7385317e+00   1393737  6.2690941e+00 
7.7549972e+00   1398907  6.2294099e+00 
7.7714359e+00   1400545  6.2028894e+00 
7.7878584e+00   1408305  6.1741610e+00 
7.8043010e+00   1416235  6.1517245e+00 
7.8207494e+00   1420389  6.1215713e+00 
7.8371832e+00   1426477  6.0849672e+00 
7.8536297e+00   1433797  6.0588264e+00 
7.8700776e+00   1439547  6.0335715e+00 
7.8865056e+00   1441777  6.0091174e+00 
7.9029482e+00   1454193  5.9855434e+00 
7.9194041e+00   1456651  5.9714181e+00 
7.9358365e+00   1461357  5.9325557e+00 
7.9522857e+00   1472557  5.9154916e+00 
7.9687278e+00   1471645  5.8767978e+00 
7.9851609e+00   1483635  5.8610385e+00 
8.0016137e+00   1486885  5.8313152e+00 
8.0180685e+00   1496445  5.8165530e+00 
8.0344953e+00   1494487  5.7712823e+00 
8.0509214e+00   1507785  5.7614977e+00 
8.0673762e+00   1512529  5.7305902e+00 
8.0838192e+00   1517707  5.7129865e+00 
8.1002613e+00   1525077  5.6827596e+00 
8.1167081e+00   1530793  5.6593959e+00 
8.1331378e+00   1533885  5.6436811e+00 
8.1495856e+00   1547191  5.6250406e+00 
8.1660353e+00   1546641  5.5855273e+00 
8.1824618e+00   1554709  5.5720084e+00 
8.1989027e+00   1562539  5.5442693e+00 
8.2153437e+00   1566657  5.5222597e+00 
8.2317820e+00   1575301  5.4943318e+00 
8.2482314e+00   1580733  5.4701642e+00 
8.2646698e+00   1585843  5.4511295e+00 
8.2811101e+00   1594153  5.4277878e+00 
8.2975451e+00   1596969  5.3958387e+00 
8.3139975e+00   1610923  5.3837058e+00 
8.3304471e+00   1608045  5.3616502e+00 
8.3468765e+00   1620649  5.3358441e+00 
8.3633076e+00   1620795  5.3156102e+00 
8.3797531e+00   1635949  5.2935130e+00 
8.3962078e+00   1636129  5.2660710e+00 
8.4126442e+00   1644273  5.2455283e+00 
8.4290928e+00   1652407  5.2261819e+00 
8.4455480e+00   1657593  5.1993758e+00 
8.4619847e+00   1662145  5.1804600e+00 
8.4784114e+00   1668411  5.1584739e+00 
8.4948518e+00   1677397  5.1385999e+00 
8.5112976e+00   1683205  5.1184735e+00 
8.5277318e+00   1687497  5.0984896e+00 
8.5441735e+00   1698223  5.0781476e+00 
8.5606239e+00   1701765  5.0548037e+00 
8.5770760e+00   1712041  5.0345553e+00 
8.5935126e+00   1711831  5.0184848e+00 
8.6099490e+00   1724697  4.9960434e+00 
8.6263880e+00   1725685  4.9758469e+00 
8.6428227e+00   1737111  4.9587894e+00 
8.6592728e+00   1741861  4.9317292e+00 
8.6757125e+00   1748793  4.9025523e+00 
8.6921509e+00   1753621  4.8914218e+00 
8.7085953e+00   1764523  4.8712821e+00 
8.7250257e+00   1763601  4.8568138e+00 
8.7414581e+00   1777957  4.8371970e+00 
8.7579031e+00   1780011  4.8172117e+00 
8.7743518e+00   1791409  4.7898797e+00 
8.7907969e+00   1794117  4.7741575e+00 
8.8072524e+00   1805653  4.7592167e+00 
8.8236950e+00   1805623  4.7313143e+00 
8.8401267e+00   1816365  4.7165326e+00 
8.8565793e+00   1823797  4.6969754e+00 
8.8730249e+00   1828611  4.6831809e+00 
8.8894569e+00   1833685  4.6679138e+00 
8.9058937e+00   1844037  4.6425396e+00 
8.9223418e+00   1849177  4.6308283e+00 
8.9387826e+00   1856659  4.6125947e+00 
8.9552239e+00   1862529  4.5883484e+00 
8.9716499e+00   1866697  4.5791490e+00 
8.9880813e+00   1877955  4.5622076e+00 
9.0045361e+00   1885297  4.5402086e+00 
9.0209840e+00   1890565  4.5217191e+00 
9.0374230e+00   1896663  4.5001796e+00 
9.0538584e+00   1903669  4.4879495e+00 
9.0702925e+00   1910349  4.4682364e+00 
9.0867408e+00   1920517  4.4469625e+00 
9.1031903e+00   1925031  4.4312448e+00 
9.1196251e+00   1930333  4.4120029e+00 
9.1360794e+00   1943845  4.3950319e+00 
9.1525332e+00   1944711  4.3755691e+00 
9.1689468e+00   1947193  4.3670887e+00 
9.1853784e+00   1963905  4.3504839e+00 
9.2018301e+00   1965457  4.3326027e+00 
9.2182787e+00   1977807  4.3171073e+00 
9.2347236e+00   1978357  4.2989346e+00 
9.2511658e+00   1990621  4.2854055e+00 
9.2676108e+00   1994679  4.2636725e+00 
9.2840573e+00   2003473  4.2503228e+00 
9.3004966e+00   2008473  4.2355829e+00 
9.3169244e+00   2014027  4.2223176e+00 
9.3333676e+00   2026545  4.1989464e+00 
9.3498165e+00   2030485  4.1872364e+00 
9.3662489e+00   2035537  4.1689501e+00 
9.3826908e+00   2048271  4.1546180e+00 
9.3991456e+00   2052049  4.1397278e+00 
9.4155882e+00   2060529  4.1226291e+00 
9.4320299e+00   2065843  4.1128459e+00 
9.4484538e+00   2070145  4.0944699e+00 
9.4648785e+00   2080941  4.0787254e+00 
9.4813304e+00   2091085  4.0651459e+00 
9.4977771e+00   2094591  4.0464845e+00 
9.5142116e+00   2102233  4.0305507e+00 
9.5306537e+00   2110593  4.0141681e+00 
9.5471004e+00   2118763  4.0022268e+00 
9.5635341e+00   2121313  3.9902833e+00 
9.5799691e+00   2134197  3.9722160e+00 
9.5964092e+00   2136493  3.9587210e+00 
9.6128619e+00   2152539  3.9492297e+00 
9.6293107e+00   2150905  3.9283299e+00 
9.6457461e+00   2162493  3.9100200e+00 
9.6621938e+00   2169811  3.8965897e+00 
9.6786293e+00   2173273  3.8893951e+00 
9.6950643e+00   2185173  3.8705455e+00 
9.7115164e+00   2192431  3.8622911e+00 
9.7279619e+00   2197593  3.8409331e+00 
9.7444015e+00   2206813  3.8312549e+00 
9.7608410e+00   2211561  3.8158525e+00 
9.7772916e+00   2225683  3.8046097e+00 
9.7937329e+00   2222761  3.7894456e+00 
9.8101648e+00   2238657  3.7731268e+00 
9.8266047e+00   2240611  3.7584298e+00 
9.8430453e+00   2252505  3.7532998e+00 
9.8594817e+00   2255845  3.7327981e+00 
9.8759142e+00   2265253  3.7218147e+00 
9.8923583e+00   2275143  3.6979598e+00 
9.9088236e+00   2285713  3.6950122e+00 
9.9252601e+00   2282277  3.6773838e+00 
9.9416778e+00   2296099  3.6619753e+00 
9.9581343e+00   2307645  3.6494963e+00 
9.9745847e+00   2310073  3.6366800e+00 
9.9910298e+00   2321419  3.6276445e+00 
1.0007469e+01   2323209  3.6138084e+00 
1.0023910e+01   2337913  3.5997021e+00 
1.0040365e+01   2341713  3.5830511e+00 
1.0056805e+01   2349763  3.5786228e+00 
1.0073230e+01   2352573  3.5627101e+00 
1.0089673e+01   2369725  3.5465713e+00 
1.0106115e+01   2368519  3.5380288e+00 
1.0122546e+01   2381061  3.5226069e+00 
1.0139000e+01   2391997  3.5102888e+00 
1.0155451e+01   2394081  3.4990882e+00 
1.0171886e+01   2403871  3.4859045e+00 
1.0188319e+01   2409297  3.4717288e+00 
1.0204768e+01   2423149  3.4619948e+00 
1.0221224e+01   2427835  3.4524248e+00 
1.0237669e+01   2434545  3.4386873e+00 
1.0254102e+01   2441149  3.4259979e+00 
1.0270534e+01   2449191  3.4122793e+00 
1.0286983e+01   2461633  3.4012518e+00 
1.0303428e+01   2464441  3.3898704e+00 
1.0319845e+01   2468097  3.3766672e+00 
1.0336277e+01   2485999  3.3662580e+00 
1.0352736e+01   2490381  3.3517184e+00 
1.0369178e+01   2497897  3.3429039e+00 
1.0385609e+01   2502831  3.3346420e+00 
1.0402059e+01   2519065  3.3161395e+00 
1.0418514e+01   2520541  3.3108458e+00 
1.0434952e+01   2529381  3.2977650e+00 
1.0451392e+01   2537851  3.2817194e+00 
1.0467843e+01   2548197  3.2778810e+00 
1.0484287e+01   2551477  3.2603937e+00 
1.0500712e+01   2558919  3.2527667e+00 
1.0517133e+01   2565685  3.2417007e+00 
1.0533574e+01   2581681  3.2303102e+00 
1.0550031e+01   2586609  3.2209349e+00 
1.0566476e+01   2593915  3.2046397e+00 
1.0582911e+01   2599881  3.1948503e+00 
1.0599359e+01   2613469  3.1814387e+00 
1.0615805e+01   2616847  3.1766217e+00 
1.0632237e+01   2623749  3.1638952e+00 
1.0648679e+01   2637157  3.1530944e+00 
1.0665135e+01   2644347  3.1419301e+00 
1.0681573e+01   2647585  3.1295237e+00 
1.0697997e+01   2656581  3.1206432e+00 
1.0714441e+01   2669041  3.1107643e+00 
1.0730887e+01   2675287  3.1024990e+00 
1.0747328e+01   2682609  3.0893274e+00 
1.0763767e+01   2691769  3.0811721e+00 
1.0780201e+01   2697195  3.0732711e+00 
1.0796646e+01   2711077  3.0604925e+00 
1.0813103e+01   2719461  3.0478162e+00 
1.0829552e+01   2723005  3.0410134e+00 
1.0845990e+01   2733835  3.0282485e+00 
1.0862431e+01   2739657  3.0196193e+00 
1.0878864e+01   2748061  3.0070045e+00 
1.0895302e+01   2758371  2.9959645e+00 
1.0911748e+01   2766325  2.9903471e+00 
1.0928188e+01   2774241  2.9769015e+00 
1.0944636e+01   2784979  2.9695704e+00 
1.0961069e+01   2786053  2.9593901e+00 
1.0977513e+01   2805945  2.9490282e+00 
1.0993964e+01   2804113  2.9416102e+00 
1.1010400e+01   2818539  2.9319879e+00 
1.1026845e+01   2823733  2.9190076e+00 
1.1043284e+01   2833081  2.9117842e+00 
1.1059731e+01   2844183  2.9004622e+00 
1.1076175e+01   2847529  2.8946643e+00 
1.1092614e+01   2861157  2.8816929e+00 
1.1109055e+01   2863585  2.8727252e+00 
1.1125498e+01   2879571  2.8628210e+00 
1.1141944e+01   2881657  2.8530366e+00 
1.1158382e+01   2893309  2.8468375e+00 
1.1174827e+01   2902527  2.8367450e+00 
1.1191261e+01   2904373  2.8259399e+00 
1.1207680e+01   2915877  2.8169032e+00 
1.1224111e+01   2925247  2.8088359e+00 
1.1240570e+01   2943069  2.7967516e+00 
1.1257030e+01   2942677  2.7868666e+00 
1.1273468e+01   2952325  2.7788384e+00 
1.1289907e+01   2961027  2.7691787e+00 
1.1306353e+01   2970937  2.7653075e+00 
1.1322798e+01   2978853  2.7545433e+00 
1.1339228e+01   2982199  2.7485319e+00 
1.1355671e+01   3001233  2.7396024e+00 
1.1372129e+01   3005173  2.7289724e+00 
1.1388560e+01   3008233  2.7192613e+00 
1.1404992e+01   3023247  2.7112111e+00 
1.1421430e+01   3027997  2.7052263e+00 
1.1437879e+01   3044301  2.6925587e+00 
1.1454326e+01   3045127  2.6843662e+00 
1.1470769e+01   3060109  2.6827330e+00 
1.1487224e+01   3067401  2.6683853e+00 
1.1503662e+01   3070897  2.6623602e+00 
1.1520101e+01   3085791  2.6543116e+00 
1.1536542e+01   3089425  2.6436986e+00 
1.1552979e+01   3100845  2.6372395e+00 
1.1569428e+01   3112795  2.6277696e+00 
1.1585871e+01   3115357  2.6184735e+00 
1.1602308e+01   3129021  2.6125346e+00 
1.1618736e+01   3129187  2.6031481e+00 
1.1635167e+01   3147525  2.5965237e+00 
1.1651627e+01   3159073  2.5867599e+00 
1.1668079e+01   3161457  2.5790149e+00 
1.1684516e+01   3171499  2.5684280e+00 
1.1700953e+01   3178765  2.5625393e+00 
1.1717383e+01   3187437  2.5535703e+00 
1.1733816e+01   3197371  2.5477278e+00 
1.1750260e+01   3209433  2.5398804e+00 
1.1766700e+01   3214333  2.5298007e+00 
1.1783144e+01   3228441  2.5232758e+00 
1.1799588e+01   3233203  2.5125193e+00 
1.1816033e+01   3245605  2.5063758e+00 
1.1832480e+01   3252789  2.4989487e+00 
1.1848911e+01   3257875  2.4914339e+00 
1.1865350e+01   3272709  2.4811347e+00 
1.1881795e+01   3279373  2.4773673e+00 
1.1898233e+01   3287587  2.4695778e+00 
1.1914675e+01   3299625  2.4610881e+00 
1.1931131e+01   3311521  2.4553142e+00 
1.1947582e+01   3314685  2.4476529e+00 
1.1964016e+01   3324415  2.4391000e+00 
1.1980455e+01   3333945  2.4317418e+00 
1.1996900e+01   3345673  2.4244614e+00 
1.2013335e+01   3348667  2.4155715e+00 
1.2029777e+01   3365553  2.4112676e+00 
1.2046223e+01   3369649  2.4027461e+00 
1.2062665e+01   3381933  2.3958677e+00 
1.2079111e+01   3390139  2.3885963e+00 
1.2095543e+01   3394641  2.3812761e+00 
1.2111983e+01   3410917  2.3735606e+00 
1.2128427e+01   3415939  2.3658812e+00 
1.2144869e+01   3427497  2.3604956e+00 
1.2161310e+01   3435817  2.3534565e+00 
1.2177748e+01   3443223  2.3451193e+00 
1.2194191e+01   3456721  2.3390771e+00 
1.2210641e+01   3465909  2.3334114e+00 
1.2227085e+01   3471721  2.3260615e+00 
1.2243522e+01   3481891  2.3186215e+00 
1.2259959e+01   3490041  2.3113125e+00 
1.2276400e+01   3503713  2.3025948e+00 
1.2292846e+01   3510111  2.2972159e+00 
1.2309288e+01   3520033  2.2906558e+00 
1.2325725e+01   3527569  2.2830272e+00 
1.2342165e+01   3540405  2.2774952e+00 
1.2358615e+01   3550231  2.2697415e+00 
1.2375052e+01   3553917  2.2633709e+00 
1.2391490e+01   3568753  2.2557962e+00 
1.2407934e+01   3576999  2.2499654e+00 
1.2424376e+01   3585421  2.2440496e+00 
1.2440822e+01   3598681  2.2361021e+00 
1.2457270e+01   3604473  2.2290072e+00 
1.2473712e+01   3615655  2.2251199e+00 
1.2490148e+01   3621525  2.2188809e+00 
1.2506592e+01   3636649  2.2105381e+00 
1.2523036e+01   3642387  2.2058089e+00 
1.2539468e+01   3648541  2.1963333e+00 
1.2555912e+01   3668629  2.1905732e+00 
1.2572357e+01   3667707  2.1824617e+00 
1.2588792e+01   3682657  2.1789347e+00 
1.2605229e+01   3688881  2.1738407e+00 
1.2621669e+01   3701749  2.1659976e+00 
1.2638111e+01   3710599  2.1598485e+00 
1.2654551e+01   3719361  2.1555124e+00 
1.2670991e+01   3729961  2.1470852e+00 
1.2687440e+01   3743475  2.1410227e+00 
1.2703881e+01   3744913  2.1366370e+00 
1.2720314e+01   3759513  2.1288302e+00 
1.2736753e+01   3766669  2.1232776e+00 
1.2753193e+01   3779983  2.1180676e+00 
1.2769642e+01   3790461  2.1086913e+00 
1.2786089e+01   3797989  2.1051907e+00 
1.2802526e+01   3805767  2.0990820e+00 
1.2818977e+01   3823429  2.0925404e+00 
1.2835419e+01   3822189  2.0862485e+00 
1.2851855e+01   3839947  2.0796688e+00 
1.2868296e+01   3843517  2.0740888e+00 
1.2884736e+01   3859965  2.0683044e+00 
1.2901193e+01   3870265  2.0620476e+00 
1.2917622e+01   3867603  2.0561120e+00 
1.2934054e+01   3890533  2.0496563e+00 
1.2950499e+01   3893481  2.0463733e+00 
1.2966938e+01   3908431  2.0380601e+00 
1.2983387e+01   3916477  2.0339451e+00 
1.2999830e+01   3927381  2.0284303e+00 
1.3016262e+01   3929269  2.0216612e+00 
1.3032707e+01   3954687  2.0153035e+00 
1.3049152e+01   3948889  2.0113591e+00 
1.3065587e+01   3969133  2.0032139e+00 
1.3082032e+01   3974883  1.9995419e+00 
1.3098476e+01   3987133  1.9941198e+00 
1.3114914e+01   3993957  1.9859071e+00 
1.3131356e+01   4007377  1.9800474e+00 
1.3147808e+01   4019439  1.9759702e+00 
1.3164251e+01   4023241  1.9712755e+00 
1.3180690e+01   4037425  1.9666509e+00 
1.3197128e+01   4043343  1.9594536e+00 
1.3213566e+01   4056925  1.9536843e+00 
1.3230004e+01   4063737  1.9484026e+00 
1.3246441e+01   4076791  1.9432034e+00 
1.3262898e+01   4093677  1.9366571e+00 
1.3279345e+01   4092769  1.9313838e+00 
1.3295783e+01   4108105  1.9254052e+00 
1.3312218e+01   4113075  1.9223492e+00 
1.3328655e+01   4128817  1.9161075e+00 
1.3345096e+01   4134873  1.9109831e+00 
1.3361534e+01   4148731  1.9062314e+00 
1.3377979e+01   4157973  1.8992900e+00 
1.3394430e+01   4172869  1.8954534e+00 
1.3410882e+01   4178353  1.8914472e+00 
1.3427319e+01   4186107  1.8856591e+00 
1.3443756e+01   4199497  1.8800475e+00 
1.3460194e+01   4205565  1.8741045e+00 
1.3476630e+01   4220875  1.8686929e+00 
1.3493070e+01   4225933  1.8655860e+00 
1.3509525e+01   4251717  1.8591898e+00 
1.3525973e+01   4241443  1.8543981e+00 
1.3542408e+01   4265589  1.8492054e+00 
1.3558845e+01   4264249  1.8429254e+00 
1.3575281e+01   4284381  1.8394895e+00 
1.3591733e+01   4294687  1.8331683e+00 
1.3608175e+01   4298641  1.8266000e+00 
1.3624615e+01   4316037  1.8241129e+00 
1.3641058e+01   4319971  1.8194183e+00 
1.3657498e+01   4334721  1.8142425e+00 
1.3673940e+01   4343569  1.8098420e+00 
1.3690384e+01   4355217  1.8044492e+00 
1.3706818e+01   4359871  1.8000006e+00 
1.3723254e+01   4376533  1.7951269e+00 
1.3739697e+01   4384953  1.7907020e+00 
1.3756138e+01   4397167  1.7854114e+00 
1.3772579e+01   4404441  1.7796599e+00 
1.3789025e+01   4422121  1.7778505e+00 
1.3805467e+01   4423419  1.7716090e+00 
1.3821899e+01   4437157  1.7665216e+00 
1.3838348e+01   4454329  1.7612559e+00 
1.3854801e+01   4459389  1.7561863e+00 
1.3871227e+01   4462087  1.7533226e+00 
1.3887666e+01   4487157  1.7487513e+00 
1.3904114e+01   4487845  1.7438281e+00 
1.3920549e+01   4502311  1.7378360e+00 
1.3936998e+01   4515609  1.7330486e+00 
1.3953444e+01   4523293  1.7283475e+00 
1.3969882e+01   4530525  1.7241664e+00 
1.3986314e+01   4543075  1.7202342e+00 
1.4002750e+01   4553601  1.7143368e+00 
1.4019203e+01   4573213  1.7110427e+00 
1.4035643e+01   4569475  1.7064925e+00 
1.4052080e+01   4591089  1.7010610e+00 
1.4068524e+01   4596253  1.6965537e+00 
1.4084960e+01   4606701  1.6925185e+00 
1.4101403e+01   4623319  1.6883926e+00 
1.4117848e+01   4628589  1.6842397e+00 
1.4134293e+01   4644337  1.6789000e+00 
1.4150740e+01   4652227  1.6746137e+00 
1.4167179e+01   4660413  1.6709312e+00 
1.4183624e+01   4678945  1.6674872e+00 
1.4200081e+01   4687191  1.6618754e+00 
1.4216525e+01   4694245  1.6559191e+00 
1.4232950e+01   4698025  1.6522037e+00 
1.4249382e+01   4719597  1.6474425e+00 
1.4265824e+01   4725775  1.6436786e+00 
1.4282265e+01   4739961  1.6391920e+00 
1.4298712e+01   4752325  1.6354530e+00 
1.4315154e+01   4759023  1.6311767e+00 
1.4331599e+01   4774237  1.6266707e+00 
1.4348040e+01   4780405  1.6244577e+00 
1.4364476e+01   4792101  1.6190654e+00 
1.4380920e+01   4807663  1.6153431e+00 
1.4397368e+01   4816401  1.6097146e+00 
1.4413807e+01   4823509  1.6054250e+00 
1.4430248e+01   4840743  1.6020027e+00 
1.4446693e+01   4846849  1.5979771e+00 
1.4463127e+01   4857709  1.5929255e+00 
1.4479568e+01   4871907  1.5891715e+00 
1.4496011e+01   4881601  1.5846002e+00 
1.4512454e+01   4894389  1.5810233e+00 
1.4528896e+01   4901329  1.5771321e+00 
1.4545329e+01   4913583  1.5715309e+00 
1.4561780e+01   4932313  1.5694225e+00 
1.4578221e+01   4931233  1.5663349e+00 
1.4594654e+01   4949439  1.5611897e+00 
1.4611099e+01   4960093  1.5572358e+00 
1.4627549e+01   4975845  1.5538905e+00 
1.4643986e+01   4973809  1.5493350e+00 
1.4660424e+01   4999375  1.5451446e+00 
1.4676868e+01   4999281  1.5410747e+00 
1.4693310e+01   5020633  1.5388934e+00 
1.4709759e+01   5026719  1.5338074e+00 
1.4726199e+01   5036893  1.5299496e+00 
1.4742643e+01   5052285  1.5262243e+00 
1.4759077e+01   5052547  1.5236542e+00 
1.4775512e+01   5075413  1.5188570e+00 
1.4791960e+01   5084049  1.5146958e+00 
1.4808394e+01   5088469  1.5108221e+00 
1.4824829e+01   5108391  1.5062359e+00 
1.4841279e+01   5118805  1.5029894e+00 
1.4857729e+01   5132721  1.4987528e+00 
1.4874168e+01   5134123  1.4953916e+00 
1.4890598e+01   5148289  1.4916044e+00 
1.4907045e+01   5169609  1.4880376e+00 
1.4923494e+01   5170585  1.4840364e+00 
1.4939933e+01   5188107  1.4802887e+00 
1.4956381e+01   5197321  1.4772743e+00 
1.4972817e+01   5204481  1.4733217e+00 
1.4989249e+01   5217199  1.4679022e+00 
1.5005692e+01   5233909  1.4663559e+00 
1.5022139e+01   5244033  1.4627903e+00 
1.5038578e+01   5250349  1.4584842e+00 
1.5055017e+01   5267823  1.4545543e+00 
1.5071468e+01   5280397  1.4517609e+00 
1.5087908e+01   5284129  1.4487943e+00 
1.5104335e+01   5295771  1.4445010e+00 
1.5120780e+01   5317405  1.4401422e+00 
1.5137232e+01   5324901  1.4381667e+00 
1.5153675e+01   5333755  1.4338242e+00 
1.5170115e+01   5345937  1.4290008e+00 
1.5186558e+01   5359657  1.4267029e+00 
1.5202999e+01   5366821  1.4241363e+00 
1.5219436e+01   5382075  1.4195676e+00 
1.5235879e+01   5392261  1.4163931e+00 
1.5252325e+01   5407353  1.4122448e+00 
1.5268764e+01   5412259  1.4090684e+00 
1.5285199e+01   5426973  1.4057224e+00 
1.5301652e+01   5448109  1.4023632e+00 
1.5318098e+01   5444749  1.3993667e+00 
1.5334529e+01   5462499  1.3953738e+00 
1.5350972e+01   5476897  1.3916742e+00 
1.5367421e+01   5487741  1.3884950e+00 
1.5383850e+01   5489011  1.3848531e+00 
1.5400292e+01   5517945  1.3820127e+00 
1.5416747e+01   5523913  1.3781460e+00 
1.5433187e+01   5529295  1.3745493e+00 
1.5449617e+01   5541585  1.3711861e+00 
1.5466049e+01   5554501  1.3675194e+00 
1.5482493e+01   5571717  1.3647010e+00 
1.5498948e+01   5587903  1.3612987e+00 
1.5515389e+01   5584453  1.3584411e+00 
1.5531826e+01   5609505  1.3542917e+00 
1.5548272e+01   5613739  1.3511460e+00 
1.5564703e+01   5622837  1.3467476e+00 
1.5581143e+01   5644501  1.3448818e+00 
1.5597584e+01   5646693  1.3426016e+00 
1.5614024e+01   5668363  1.3389431e+00 
1.5630474e+01   5677237  1.3334566e+00 
1.5646919e+01   5688513  1.3312453e+00 
1.5663358e+01   5696839  1.3277920e+00 
1.5679803e+01   5716845  1.3251106e+00 
1.5696249e+01   5721301  1.3219815e+00 
1.5712684e+01   5733921  1.3186830e+00 
1.5729129e+01   5751391  1.3159040e+00 
1.5745567e+01   5753065  1.3126324e+00 
1.5762010e+01   5778813  1.3095811e+00 
1.5778451e+01   5777623  1.3059344e+00 
1.5794884e+01   5794701  1.3047754e+00 
1.5811332e+01   5813953  1.2992908e+00 
1.5827775e+01   5814963  1.2963000e+00 
1.5844216e+01   5836669  1.2946291e+00 
1.5860663e+01   5843749  1.2911515e+00 
1.5877110e+01   5859633  1.2897020e+00 
1.5893551e+01   5865199  1.2850222e+00 
1.5909984e+01   5877273  1.2832549e+00 
1.5926423e+01   5894521  1.2790808e+00 
1.5942870e+01   5907055  1.2761882e+00 
1.5959317e+01   5918409  1.2738062e+00 
1.5975751e+01   5923525  1.2716826e+00 
1.5992190e+01   5944341  1.2684128e+00 
1.6008634e+01   5952907  1.2635381e+00 
1.6025064e+01   5958177  1.2614876e+00 
1.6041507e+01   5986729  1.2581582e+00 
1.6057961e+01   5991607  1.2556609e+00 
1.6074397e+01   5997009  1.2527685e+00 
1.6090834e+01   6017809  1.2505236e+00 
1.6107287e+01   6032451  1.2461563e+00 
1.6123732e+01   6036661  1.2437801e+00 
1.6140164e+01   6048429  1.2412062e+00 
1.6156608e+01   6069241  1.2381469e+00 
1.6173051e+01   6072799  1.2353884e+00 
1.6189485e+01   6087333  1.2324019e+00 
1.6205923e+01   6100189  1.2291834e+00 
1.6222357e+01   6110199  1.2268673e+00 
1.6238808e+01   6135469  1.2245181e+00 
1.6255257e+01   6135757  1.2203919e+00 
1.6271696e+01   6151389  1.2171136e+00 
1.6288137e+01   6163015  1.2153929e+00 
1.6304574e+01   6172905  1.2113236e+00 
1.6321021e+01   6194425  1.2099634e+00 
1.6337463e+01   6196047  1.2072332e+00 
1.6353903e+01   6216145  1.2037511e+00 
1.6370354e+01   6230473  1.2012964e+00 
1.6386794e+01   6232095  1.1969872e+00 
1.6403226e+01   6249913  1.1953986e+00 
1.6419670e+01   6266493  1.1934740e+00 
1.6436110e+01   6270925  1.1898158e+00 
1.6452549e+01   6292635  1.1880792e+00 
1.6469004e+01   6306181  1.1856074e+00 
1.6485446e+01   6309697  1.1815934e+00 
1.6501881e+01   6324579  1.1796489e+00 
1.6518325e+01   6342217  1.1766544e+00 
1.6534765e+01   6347277  1.1746447e+00 
1.6551201e+01   6364285  1.1721844e+00 
1.6567645e+01   6378303  1.1688250e+00 
1.6584080e+01   6382993  1.1664913e+00 
1.6600517e+01   6404353  1.1636337e+00 
1.6616958e+01   6412287  1.1607820e+00 
1.6633401e+01   6430825  1.1583629e+00 
1.6649852e+01   6444501  1.1551459e+00 
1.6666291e+01   6446653  1.1535561e+00 
1.6682729e+01   6469255  1.1503794e+00 
1.6699173e+01   6477417  1.1485057e+00 
1.6715616e+01   6491929  1.1450815e+00 
1.6732056e+01   6503031  1.1433489e+00 
1.6748502e+01   6521089  1.1412238e+00 
1.6764947e+01   6527925  1.1377608e+00 
1.6781376e+01   6533347  1.1350067e+00 
1.6797810e+01   6557797  1.1332285e+00 
1.6814259e+01   6572589  1.1297706e+00 
1.6830706e+01   6579466  1.1278985e+00 
