# Power spectrum from CO𝘕CEPT job 3340574 at t = 3.2729591 Gyr, a = 0.33333333.
# 
# Below, the following component mapping is used:
#   GADGET halo: 0
# 
#            grid size 2048            
# ╭───────────────────────────────────╮
#                         component 0  
#                        σ₈ = 3.60e-01 
#  k [Mpc⁻¹]     modes    power [Mpc³] 
1.6444274e-02         3  1.3499702e+04 
2.5346356e-02        10  9.8829663e+03 
3.7898992e-02        27  7.1890429e+03 
5.1056691e-02        45  5.3280083e+03 
6.3292620e-02        67  3.9192790e+03 
7.7668197e-02       141  3.0046332e+03 
9.4506018e-02       217  2.1946392e+03 
1.1085512e-01       265  1.5750007e+03 
1.2673551e-01       375  1.2410137e+03 
1.4310520e-01       469  1.0843680e+03 
1.5921320e-01       573  8.9628675e+02 
1.7505023e-01       679  7.8787618e+02 
1.9158744e-01       889  6.5770382e+02 
2.0864874e-01      1053  5.6835205e+02 
2.2492023e-01      1105  5.1534221e+02 
2.4162157e-01      1467  4.4061935e+02 
2.5841415e-01      1501  4.0922355e+02 
2.7456390e-01      1737  3.6464770e+02 
2.9089046e-01      1963  3.3576373e+02 
3.0709736e-01      2125  2.9539890e+02 
3.2358821e-01      2517  2.7388523e+02 
3.3996065e-01      2575  2.5681534e+02 
3.5647498e-01      3081  2.4109298e+02 
3.7295848e-01      3133  2.1028038e+02 
3.8900984e-01      3429  1.9992966e+02 
4.0558736e-01      3991  1.8813854e+02 
4.2213935e-01      4009  1.7793070e+02 
4.3838736e-01      4497  1.6677800e+02 
4.5476989e-01      4747  1.6049042e+02 
4.7136961e-01      5289  1.4720331e+02 
4.8803303e-01      5581  1.4298486e+02 
5.0455551e-01      5901  1.3614094e+02 
5.2095127e-01      6295  1.2591306e+02 
5.3726294e-01      6601  1.2024116e+02 
5.5363157e-01      7161  1.1779670e+02 
5.7007373e-01      7531  1.1097703e+02 
5.8656738e-01      8037  1.0478316e+02 
6.0304067e-01      8437  1.0102686e+02 
6.1937943e-01      8827  9.7012135e+01 
6.3585243e-01      9513  9.2868622e+01 
6.5225570e-01      9709  9.0732142e+01 
6.6876924e-01     10641  8.7415108e+01 
6.8512868e-01     10567  8.4895609e+01 
7.0151250e-01     11685  8.1610104e+01 
7.1826316e-01     12169  7.9049134e+01 
7.3452255e-01     12091  7.6508099e+01 
7.5081025e-01     13257  7.4291986e+01 
7.6730652e-01     13657  7.2003484e+01 
7.8373756e-01     14241  6.8962424e+01 
8.0014453e-01     14851  6.8379159e+01 
8.1663338e-01     15609  6.6432829e+01 
8.3318393e-01     16189  6.3750278e+01 
8.4948675e-01     16471  6.1919461e+01 
8.6584974e-01     17481  6.0380688e+01 
8.8236887e-01     18253  5.8626939e+01 
8.9891593e-01     18801  5.7649791e+01 
9.1537361e-01     19495  5.5696278e+01 
9.3179045e-01     20101  5.4720792e+01 
9.4826074e-01     20985  5.3396638e+01 
9.6466432e-01     21451  5.2315473e+01 
9.8111737e-01     22533  5.1723449e+01 
9.9753917e-01     22945  4.9681543e+01 
1.0139094e+00     23811  4.8689829e+01 
1.0303265e+00     24625  4.8398066e+01 
1.0468144e+00     25705  4.6862274e+01 
1.0633358e+00     26241  4.6832451e+01 
1.0797558e+00     27043  4.4675552e+01 
1.0962211e+00     28029  4.4535492e+01 
1.1126210e+00     28489  4.3201921e+01 
1.1290879e+00     30039  4.3014960e+01 
1.1456116e+00     30301  4.2501305e+01 
1.1619125e+00     31033  4.1441069e+01 
1.1783370e+00     32529  4.0820635e+01 
1.1947869e+00     32935  4.0115609e+01 
1.2112565e+00     34437  3.8772352e+01 
1.2277117e+00     34645  3.8560354e+01 
1.2440502e+00     35979  3.7904897e+01 
1.2605211e+00     36949  3.7380634e+01 
1.2770144e+00     38113  3.6263747e+01 
1.2934226e+00     38475  3.6126632e+01 
1.3097903e+00     39865  3.5748045e+01 
1.3263446e+00     41493  3.5011395e+01 
1.3428874e+00     41665  3.4411951e+01 
1.3592087e+00     42631  3.3915418e+01 
1.3756346e+00     44085  3.3575697e+01 
1.3921820e+00     45505  3.3145475e+01 
1.4086373e+00     45735  3.2570456e+01 
1.4250178e+00     47125  3.2172064e+01 
1.4414920e+00     48585  3.1355327e+01 
1.4579305e+00     48961  3.1411970e+01 
1.4743321e+00     50743  3.0988273e+01 
1.4907389e+00     51165  3.0389950e+01 
1.5071924e+00     53257  3.0010806e+01 
1.5236603e+00     53655  2.9500740e+01 
1.5400190e+00     54793  2.9199041e+01 
1.5565192e+00     57057  2.8979638e+01 
1.5729869e+00     56839  2.8266899e+01 
1.5894023e+00     59101  2.8087867e+01 
1.6058601e+00     59709  2.7614509e+01 
1.6222933e+00     61225  2.7373309e+01 
1.6387728e+00     62607  2.7175955e+01 
1.6551975e+00     63253  2.6720350e+01 
1.6716037e+00     65061  2.6438142e+01 
1.6880337e+00     66031  2.6315027e+01 
1.7044751e+00     67525  2.5671108e+01 
1.7209058e+00     68769  2.5612805e+01 
1.7373469e+00     70105  2.5179217e+01 
1.7538178e+00     71787  2.4860259e+01 
1.7702475e+00     72337  2.4808550e+01 
1.7866732e+00     74401  2.4429578e+01 
1.8031286e+00     75531  2.4108541e+01 
1.8196372e+00     77473  2.3916200e+01 
1.8360112e+00     77193  2.3414322e+01 
1.8523516e+00     79765  2.3404674e+01 
1.8688946e+00     82143  2.3108549e+01 
1.8854177e+00     82393  2.2718446e+01 
1.9018266e+00     83833  2.2624192e+01 
1.9181986e+00     85059  2.2261112e+01 
1.9346415e+00     87253  2.2150095e+01 
1.9511396e+00     88857  2.1823830e+01 
1.9675969e+00     89659  2.1709995e+01 
1.9840224e+00     91533  2.1515727e+01 
2.0004207e+00     92401  2.1066101e+01 
2.0168900e+00     95353  2.0940206e+01 
2.0333318e+00     95271  2.0837391e+01 
2.0497666e+00     98269  2.0441671e+01 
2.0661874e+00     98217  2.0348115e+01 
2.0826377e+00    101899  2.0217673e+01 
2.0991461e+00    102009  1.9958503e+01 
2.1155531e+00    103993  1.9847774e+01 
2.1320003e+00    105553  1.9651078e+01 
2.1484303e+00    107139  1.9415403e+01 
2.1648814e+00    109189  1.9303574e+01 
2.1812685e+00    109341  1.9067232e+01 
2.1976836e+00    113179  1.8866438e+01 
2.2141473e+00    113053  1.8738600e+01 
2.2305825e+00    116517  1.8539617e+01 
2.2471141e+00    117607  1.8437973e+01 
2.2635356e+00    118365  1.8157730e+01 
2.2799533e+00    121189  1.8208927e+01 
2.2964184e+00    122289  1.7857436e+01 
2.3128267e+00    124147  1.7670534e+01 
2.3292896e+00    126385  1.7511039e+01 
2.3457569e+00    127941  1.7317840e+01 
2.3621623e+00    128947  1.7309306e+01 
2.3786241e+00    132393  1.7023067e+01 
2.3950976e+00    132949  1.6977615e+01 
2.4115030e+00    134649  1.6823651e+01 
2.4279489e+00    137623  1.6624511e+01 
2.4443643e+00    137641  1.6421153e+01 
2.4607764e+00    141321  1.6342669e+01 
2.4772237e+00    142087  1.6251838e+01 
2.4936741e+00    144945  1.5997204e+01 
2.5100982e+00    145717  1.5964261e+01 
2.5265007e+00    148251  1.5760033e+01 
2.5430151e+00    151537  1.5748047e+01 
2.5594785e+00    151321  1.5581585e+01 
2.5758655e+00    153909  1.5367552e+01 
2.5923078e+00    156511  1.5249273e+01 
2.6088067e+00    158709  1.5168892e+01 
2.6252397e+00    159301  1.5072965e+01 
2.6416584e+00    162643  1.4880997e+01 
2.6581561e+00    164613  1.4770681e+01 
2.6745973e+00    165817  1.4627334e+01 
2.6909855e+00    167313  1.4537367e+01 
2.7074110e+00    171067  1.4371606e+01 
2.7238484e+00    171465  1.4231176e+01 
2.7402879e+00    175225  1.4203966e+01 
2.7567697e+00    176743  1.3974175e+01 
2.7731423e+00    176841  1.3989221e+01 
2.7895596e+00    182221  1.3818488e+01 
2.8060814e+00    183117  1.3694846e+01 
2.8224975e+00    184411  1.3608915e+01 
2.8389274e+00    187617  1.3532618e+01 
2.8553653e+00    188905  1.3457715e+01 
2.8717627e+00    191131  1.3325671e+01 
2.8882218e+00    194565  1.3200640e+01 
2.9046964e+00    196141  1.3069345e+01 
2.9211615e+00    198591  1.2992597e+01 
2.9375998e+00    200065  1.2906832e+01 
2.9540649e+00    203797  1.2745170e+01 
2.9705354e+00    204549  1.2683004e+01 
2.9869717e+00    207595  1.2584495e+01 
3.0033875e+00    208581  1.2466492e+01 
3.0197883e+00    211837  1.2353826e+01 
3.0362229e+00    213999  1.2271673e+01 
3.0526866e+00    217057  1.2212695e+01 
3.0691428e+00    218893  1.2090228e+01 
3.0855555e+00    220269  1.2013135e+01 
3.1019930e+00    224323  1.1943405e+01 
3.1184617e+00    225873  1.1798700e+01 
3.1349207e+00    228757  1.1763534e+01 
3.1513532e+00    230283  1.1671295e+01 
3.1677965e+00    233341  1.1555128e+01 
3.1842470e+00    235693  1.1467114e+01 
3.2006723e+00    237399  1.1354219e+01 
3.2171142e+00    241009  1.1280486e+01 
3.2335887e+00    243417  1.1197350e+01 
3.2500136e+00    244129  1.1142758e+01 
3.2664410e+00    248991  1.1026600e+01 
3.2829239e+00    250369  1.0965198e+01 
3.2993618e+00    252829  1.0881555e+01 
3.3157727e+00    254511  1.0821998e+01 
3.3322186e+00    258997  1.0717862e+01 
3.3486800e+00    260157  1.0641449e+01 
3.3650923e+00    262381  1.0540105e+01 
3.3815241e+00    266131  1.0469453e+01 
3.3979483e+00    267117  1.0349591e+01 
3.4143703e+00    271273  1.0330329e+01 
3.4308564e+00    274563  1.0256211e+01 
3.4473137e+00    275473  1.0180047e+01 
3.4637222e+00    278193  1.0095189e+01 
3.4801264e+00    280657  1.0030389e+01 
3.4965868e+00    285319  9.9583435e+00 
3.5130530e+00    286401  9.8735983e+00 
3.5294760e+00    288889  9.7964790e+00 
3.5459357e+00    293391  9.7612185e+00 
3.5624090e+00    294577  9.6650040e+00 
3.5788404e+00    297573  9.6001966e+00 
3.5952642e+00    299563  9.5610176e+00 
3.6117160e+00    303997  9.4675397e+00 
3.6281560e+00    305025  9.3914029e+00 
3.6445790e+00    308533  9.3236143e+00 
3.6610225e+00    311619  9.2547734e+00 
3.6774766e+00    314257  9.2127540e+00 
3.6939086e+00    316617  9.1306914e+00 
3.7103462e+00    320131  9.0892211e+00 
3.7268028e+00    322729  9.0088657e+00 
3.7432601e+00    326289  8.9410481e+00 
3.7596895e+00    326989  8.8949513e+00 
3.7760900e+00    331131  8.8096687e+00 
3.7925450e+00    334801  8.7809616e+00 
3.8089767e+00    335833  8.7200860e+00 
3.8254063e+00    340827  8.6287481e+00 
3.8418656e+00    342721  8.5694344e+00 
3.8583499e+00    347925  8.5006633e+00 
3.8747993e+00    346915  8.4732668e+00 
3.8912071e+00    352221  8.4177749e+00 
3.9076586e+00    354793  8.3214476e+00 
3.9240896e+00    357109  8.3287055e+00 
3.9405276e+00    361299  8.2498721e+00 
3.9569713e+00    363205  8.1958145e+00 
3.9734255e+00    367881  8.1346558e+00 
3.9898789e+00    369439  8.0966944e+00 
4.0063139e+00    372729  8.0399722e+00 
4.0227443e+00    375709  7.9938841e+00 
4.0391807e+00    378925  7.9247738e+00 
4.0556139e+00    381963  7.8512388e+00 
4.0720410e+00    384733  7.8093387e+00 
4.0884797e+00    388377  7.7560881e+00 
4.1049168e+00    391507  7.7252169e+00 
4.1213716e+00    394989  7.6660456e+00 
4.1378384e+00    398773  7.6339543e+00 
4.1542692e+00    399259  7.5730643e+00 
4.1707055e+00    405537  7.5166983e+00 
4.1871461e+00    405997  7.4728319e+00 
4.2035544e+00    409845  7.4279825e+00 
4.2199761e+00    413587  7.3659409e+00 
4.2364682e+00    419449  7.3173706e+00 
4.2529646e+00    420693  7.2516495e+00 
4.2694067e+00    423043  7.2196753e+00 
4.2858500e+00    427017  7.1805968e+00 
4.3022780e+00    429181  7.1385515e+00 
4.3186990e+00    432945  7.0816025e+00 
4.3351542e+00    437731  7.0384350e+00 
4.3516058e+00    439321  7.0050940e+00 
4.3680369e+00    443253  6.9492247e+00 
4.3844739e+00    446419  6.8980973e+00 
4.4009137e+00    449925  6.8730398e+00 
4.4173500e+00    453157  6.8367831e+00 
4.4337621e+00    455217  6.7781837e+00 
4.4502129e+00    461923  6.7159544e+00 
4.4666919e+00    463969  6.6918567e+00 
4.4830981e+00    464349  6.6502478e+00 
4.4995168e+00    471667  6.6162415e+00 
4.5159908e+00    474141  6.5693871e+00 
4.5324513e+00    478093  6.5268823e+00 
4.5488951e+00    480195  6.4753821e+00 
4.5653382e+00    484537  6.4432721e+00 
4.5817810e+00    487537  6.4000516e+00 
4.5981919e+00    489405  6.3564810e+00 
4.6146248e+00    496279  6.3228673e+00 
4.6310751e+00    496965  6.2857949e+00 
4.6475317e+00    503953  6.2663193e+00 
4.6639737e+00    503335  6.2096595e+00 
4.6804197e+00    511209  6.1641200e+00 
4.6968700e+00    510829  6.1529339e+00 
4.7132818e+00    515577  6.1107993e+00 
4.7297165e+00    520003  6.0590676e+00 
4.7461617e+00    523329  6.0300172e+00 
4.7626176e+00    527653  5.9912681e+00 
4.7790675e+00    530551  5.9540245e+00 
4.7955192e+00    534849  5.9060145e+00 
4.8119483e+00    536725  5.8836371e+00 
4.8283904e+00    542703  5.8468133e+00 
4.8448413e+00    544753  5.8148356e+00 
4.8612558e+00    547917  5.7754479e+00 
4.8776855e+00    552805  5.7435339e+00 
4.8941426e+00    557611  5.7111761e+00 
4.9105783e+00    558561  5.6747730e+00 
4.9269930e+00    563689  5.6276004e+00 
4.9434389e+00    568527  5.6077387e+00 
4.9599169e+00    572929  5.5843287e+00 
4.9763535e+00    573841  5.5374846e+00 
4.9927621e+00    578085  5.5129579e+00 
5.0092162e+00    584803  5.4916478e+00 
5.0256809e+00    586701  5.4470401e+00 
5.0420988e+00    588805  5.4107672e+00 
5.0585219e+00    595203  5.3835612e+00 
5.0750102e+00    600577  5.3481768e+00 
5.0914658e+00    601441  5.3217108e+00 
5.1078963e+00    605967  5.2893751e+00 
5.1243245e+00    609169  5.2558628e+00 
5.1407632e+00    614625  5.2274947e+00 
5.1572525e+00    620617  5.1965456e+00 
5.1736802e+00    618447  5.1797243e+00 
5.1900865e+00    626233  5.1436558e+00 
5.2065263e+00    629233  5.1037159e+00 
5.2229477e+00    632739  5.0829652e+00 
5.2394225e+00    641245  5.0513700e+00 
5.2558876e+00    640269  5.0231316e+00 
5.2723274e+00    646813  4.9972725e+00 
5.2887662e+00    648807  4.9830473e+00 
5.3051775e+00    652489  4.9300135e+00 
5.3216250e+00    659569  4.9094570e+00 
5.3380578e+00    659715  4.8851540e+00 
5.3545077e+00    668893  4.8553440e+00 
5.3709724e+00    669441  4.8252017e+00 
5.3874098e+00    674509  4.7993527e+00 
5.4038391e+00    677143  4.7797498e+00 
5.4202707e+00    683109  4.7442311e+00 
5.4367136e+00    685897  4.7121868e+00 
5.4531674e+00    693039  4.6992126e+00 
5.4696047e+00    692185  4.6691031e+00 
5.4860342e+00    701001  4.6667356e+00 
5.5025128e+00    704959  4.6207995e+00 
5.5189514e+00    705505  4.5999116e+00 
5.5353814e+00    713205  4.5715755e+00 
5.5518089e+00    713053  4.5560390e+00 
5.5682266e+00    721599  4.5294917e+00 
5.5846814e+00    724285  4.5069807e+00 
5.6011307e+00    729825  4.4678025e+00 
5.6175533e+00    730555  4.4454023e+00 
5.6339838e+00    738613  4.4262761e+00 
5.6504606e+00    744105  4.3896288e+00 
5.6669328e+00    746233  4.3724408e+00 
5.6833538e+00    748455  4.3554513e+00 
5.6997676e+00    754033  4.3263790e+00 
5.7162136e+00    760233  4.3102903e+00 
5.7326818e+00    764947  4.2895263e+00 
5.7491222e+00    765985  4.2472555e+00 
5.7655481e+00    772869  4.2380967e+00 
5.7819998e+00    777079  4.2114760e+00 
5.7984483e+00    781137  4.1962343e+00 
5.8148836e+00    785101  4.1742499e+00 
5.8313155e+00    789169  4.1463554e+00 
5.8477542e+00    795171  4.1236095e+00 
5.8641874e+00    797281  4.1045872e+00 
5.8806056e+00    802761  4.0860897e+00 
5.8970410e+00    808075  4.0620868e+00 
5.9135163e+00    815109  4.0405805e+00 
5.9299586e+00    814705  4.0206735e+00 
5.9463797e+00    821329  3.9974834e+00 
5.9628322e+00    827415  3.9772668e+00 
5.9792896e+00    830797  3.9467917e+00 
5.9957448e+00    836025  3.9284738e+00 
6.0121876e+00    839431  3.9097351e+00 
6.0286108e+00    842409  3.8945528e+00 
6.0450360e+00    849313  3.8745920e+00 
6.0614598e+00    851143  3.8530397e+00 
6.0778967e+00    860337  3.8337482e+00 
6.0943551e+00    862621  3.8133654e+00 
6.1107986e+00    867453  3.7859815e+00 
6.1272335e+00    871939  3.7743071e+00 
6.1437037e+00    880029  3.7531217e+00 
6.1601638e+00    880549  3.7320609e+00 
6.1765859e+00    885019  3.7211006e+00 
6.1930151e+00    890997  3.6975710e+00 
6.2094533e+00    895573  3.6778360e+00 
6.2259001e+00    901029  3.6608429e+00 
6.2423180e+00    902251  3.6356910e+00 
6.2587679e+00    913789  3.6195750e+00 
6.2752238e+00    912837  3.6053069e+00 
6.2916633e+00    921451  3.5932280e+00 
6.3081060e+00    922473  3.5707489e+00 
6.3245487e+00    931549  3.5521178e+00 
6.3410046e+00    933333  3.5414531e+00 
6.3574714e+00    942631  3.5135391e+00 
6.3739027e+00    939061  3.5039982e+00 
6.3903148e+00    949797  3.4809446e+00 
6.4067751e+00    955099  3.4667877e+00 
6.4232209e+00    956937  3.4522237e+00 
6.4396348e+00    962053  3.4354984e+00 
6.4560791e+00    969963  3.4106760e+00 
6.4725348e+00    972985  3.3986485e+00 
6.4889691e+00    978001  3.3825825e+00 
6.5054175e+00    983793  3.3670650e+00 
6.5218514e+00    987091  3.3533868e+00 
6.5383043e+00    995025  3.3329779e+00 
6.5547504e+00    997033  3.3166787e+00 
6.5711722e+00   1002063  3.3058544e+00 
6.5876093e+00   1008385  3.2823002e+00 
6.6040739e+00   1016053  3.2667960e+00 
6.6205340e+00   1017405  3.2561877e+00 
6.6369452e+00   1020859  3.2363178e+00 
6.6533914e+00   1031313  3.2239580e+00 
6.6698535e+00   1032877  3.2055330e+00 
6.6862930e+00   1039267  3.1913795e+00 
6.7027180e+00   1040901  3.1757596e+00 
6.7191400e+00   1049245  3.1664843e+00 
6.7355887e+00   1054275  3.1432636e+00 
6.7520281e+00   1058473  3.1308599e+00 
6.7684774e+00   1066317  3.1177052e+00 
6.7849380e+00   1069585  3.1012030e+00 
6.8013799e+00   1074787  3.0818023e+00 
6.8178081e+00   1077873  3.0756752e+00 
6.8342439e+00   1086349  3.0564568e+00 
6.8506971e+00   1090743  3.0406302e+00 
6.8671327e+00   1093909  3.0270865e+00 
6.8835509e+00   1099665  3.0154600e+00 
6.8999862e+00   1106005  3.0018325e+00 
6.9164360e+00   1112815  2.9888253e+00 
6.9328703e+00   1114101  2.9754891e+00 
6.9493314e+00   1126789  2.9614068e+00 
6.9657917e+00   1125447  2.9461603e+00 
6.9822190e+00   1131937  2.9338516e+00 
6.9986546e+00   1138165  2.9202958e+00 
7.0150913e+00   1141977  2.9112172e+00 
7.0315386e+00   1150819  2.8914757e+00 
7.0479914e+00   1153413  2.8830423e+00 
7.0644214e+00   1158289  2.8707654e+00 
7.0808622e+00   1166019  2.8529455e+00 
7.0973145e+00   1170133  2.8415826e+00 
7.1137628e+00   1177057  2.8287041e+00 
7.1302069e+00   1180035  2.8161436e+00 
7.1466382e+00   1185973  2.8070362e+00 
7.1630684e+00   1190841  2.7959636e+00 
7.1795007e+00   1197337  2.7725391e+00 
7.1959427e+00   1203399  2.7649496e+00 
7.2123865e+00   1208245  2.7491162e+00 
7.2288154e+00   1212145  2.7376493e+00 
7.2452654e+00   1222887  2.7250112e+00 
7.2617193e+00   1223329  2.7120713e+00 
7.2781551e+00   1231653  2.7013156e+00 
7.2945936e+00   1234441  2.6937830e+00 
7.3110369e+00   1243887  2.6829240e+00 
7.3274937e+00   1247713  2.6682016e+00 
7.3439337e+00   1252081  2.6599317e+00 
7.3603633e+00   1257807  2.6440325e+00 
7.3768275e+00   1268185  2.6299594e+00 
7.3932778e+00   1267569  2.6194844e+00 
7.4097159e+00   1277059  2.6130141e+00 
7.4261689e+00   1281325  2.5962186e+00 
7.4426029e+00   1285809  2.5864035e+00 
7.4590356e+00   1291681  2.5768579e+00 
7.4754791e+00   1299975  2.5619192e+00 
7.4919143e+00   1300825  2.5545130e+00 
7.5083555e+00   1312917  2.5430194e+00 
7.5248185e+00   1315711  2.5317174e+00 
7.5412578e+00   1320385  2.5229189e+00 
7.5576660e+00   1322721  2.5077732e+00 
7.5741030e+00   1335625  2.4943997e+00 
7.5905568e+00   1337991  2.4876238e+00 
7.6070124e+00   1347277  2.4757404e+00 
7.6234686e+00   1349421  2.4654735e+00 
7.6399016e+00   1355407  2.4540016e+00 
7.6563422e+00   1362001  2.4443570e+00 
7.6727822e+00   1367481  2.4343403e+00 
7.6892171e+00   1372735  2.4255273e+00 
7.7056535e+00   1378989  2.4122618e+00 
7.7220826e+00   1383937  2.4047499e+00 
7.7385317e+00   1393737  2.3968473e+00 
7.7549972e+00   1398907  2.3869751e+00 
7.7714359e+00   1400545  2.3723215e+00 
7.7878584e+00   1408305  2.3637787e+00 
7.8043010e+00   1416235  2.3520061e+00 
7.8207494e+00   1420389  2.3460065e+00 
7.8371832e+00   1426477  2.3346886e+00 
7.8536297e+00   1433797  2.3245854e+00 
7.8700776e+00   1439547  2.3135323e+00 
7.8865056e+00   1441777  2.3060332e+00 
7.9029482e+00   1454193  2.2960296e+00 
7.9194041e+00   1456651  2.2824612e+00 
7.9358365e+00   1461357  2.2746788e+00 
7.9522857e+00   1472557  2.2647113e+00 
7.9687278e+00   1471645  2.2564567e+00 
7.9851609e+00   1483635  2.2483120e+00 
8.0016137e+00   1486885  2.2400525e+00 
8.0180685e+00   1496445  2.2312548e+00 
8.0344953e+00   1494487  2.2205993e+00 
8.0509214e+00   1507785  2.2091310e+00 
8.0673762e+00   1512529  2.2039027e+00 
8.0838192e+00   1517707  2.1932364e+00 
8.1002613e+00   1525077  2.1852756e+00 
8.1167081e+00   1530793  2.1791265e+00 
8.1331378e+00   1533885  2.1656405e+00 
8.1495856e+00   1547191  2.1572919e+00 
8.1660353e+00   1546641  2.1478067e+00 
8.1824618e+00   1554709  2.1423485e+00 
8.1989027e+00   1562539  2.1331225e+00 
8.2153437e+00   1566657  2.1220514e+00 
8.2317820e+00   1575301  2.1134362e+00 
8.2482314e+00   1580733  2.1029730e+00 
8.2646698e+00   1585843  2.0946525e+00 
8.2811101e+00   1594153  2.0857159e+00 
8.2975451e+00   1596969  2.0809651e+00 
8.3139975e+00   1610923  2.0713107e+00 
8.3304471e+00   1608045  2.0652057e+00 
8.3468765e+00   1620649  2.0554787e+00 
8.3633076e+00   1620795  2.0444879e+00 
8.3797531e+00   1635949  2.0427398e+00 
8.3962078e+00   1636129  2.0313667e+00 
8.4126442e+00   1644273  2.0230043e+00 
8.4290928e+00   1652407  2.0132383e+00 
8.4455480e+00   1657593  2.0073872e+00 
8.4619847e+00   1662145  1.9956279e+00 
8.4784114e+00   1668411  1.9930309e+00 
8.4948518e+00   1677397  1.9830123e+00 
8.5112976e+00   1683205  1.9726080e+00 
8.5277318e+00   1687497  1.9661471e+00 
8.5441735e+00   1698223  1.9591215e+00 
8.5606239e+00   1701765  1.9544720e+00 
8.5770760e+00   1712041  1.9459906e+00 
8.5935126e+00   1711831  1.9373749e+00 
8.6099490e+00   1724697  1.9269865e+00 
8.6263880e+00   1725685  1.9219748e+00 
8.6428227e+00   1737111  1.9121419e+00 
8.6592728e+00   1741861  1.9072226e+00 
8.6757125e+00   1748793  1.9003693e+00 
8.6921509e+00   1753621  1.8936848e+00 
8.7085953e+00   1764523  1.8828171e+00 
8.7250257e+00   1763601  1.8782020e+00 
8.7414581e+00   1777957  1.8708876e+00 
8.7579031e+00   1780011  1.8645662e+00 
8.7743518e+00   1791409  1.8569932e+00 
8.7907969e+00   1794117  1.8515340e+00 
8.8072524e+00   1805653  1.8438957e+00 
8.8236950e+00   1805623  1.8381739e+00 
8.8401267e+00   1816365  1.8293202e+00 
8.8565793e+00   1823797  1.8213646e+00 
8.8730249e+00   1828611  1.8149859e+00 
8.8894569e+00   1833685  1.8089126e+00 
8.9058937e+00   1844037  1.8008537e+00 
8.9223418e+00   1849177  1.7972113e+00 
8.9387826e+00   1856659  1.7882036e+00 
8.9552239e+00   1862529  1.7816059e+00 
8.9716499e+00   1866697  1.7726612e+00 
8.9880813e+00   1877955  1.7687110e+00 
9.0045361e+00   1885297  1.7612646e+00 
9.0209840e+00   1890565  1.7548945e+00 
9.0374230e+00   1896663  1.7500480e+00 
9.0538584e+00   1903669  1.7418548e+00 
9.0702925e+00   1910349  1.7359030e+00 
9.0867408e+00   1920517  1.7273172e+00 
9.1031903e+00   1925031  1.7230868e+00 
9.1196251e+00   1930333  1.7190224e+00 
9.1360794e+00   1943845  1.7105732e+00 
9.1525332e+00   1944711  1.7060237e+00 
9.1689468e+00   1947193  1.6985204e+00 
9.1853784e+00   1963905  1.6915413e+00 
9.2018301e+00   1965457  1.6871115e+00 
9.2182787e+00   1977807  1.6798797e+00 
9.2347236e+00   1978357  1.6734987e+00 
9.2511658e+00   1990621  1.6691390e+00 
9.2676108e+00   1994679  1.6589095e+00 
9.2840573e+00   2003473  1.6566701e+00 
9.3004966e+00   2008473  1.6502317e+00 
9.3169244e+00   2014027  1.6441201e+00 
9.3333676e+00   2026545  1.6367227e+00 
9.3498165e+00   2030485  1.6325241e+00 
9.3662489e+00   2035537  1.6247285e+00 
9.3826908e+00   2048271  1.6202487e+00 
9.3991456e+00   2052049  1.6146957e+00 
9.4155882e+00   2060529  1.6084631e+00 
9.4320299e+00   2065843  1.6029401e+00 
9.4484538e+00   2070145  1.5979290e+00 
9.4648785e+00   2080941  1.5921530e+00 
9.4813304e+00   2091085  1.5879733e+00 
9.4977771e+00   2094591  1.5791909e+00 
9.5142116e+00   2102233  1.5750951e+00 
9.5306537e+00   2110593  1.5694439e+00 
9.5471004e+00   2118763  1.5633053e+00 
9.5635341e+00   2121313  1.5568243e+00 
9.5799691e+00   2134197  1.5526165e+00 
9.5964092e+00   2136493  1.5472040e+00 
9.6128619e+00   2152539  1.5417027e+00 
9.6293107e+00   2150905  1.5370921e+00 
9.6457461e+00   2162493  1.5281909e+00 
9.6621938e+00   2169811  1.5236995e+00 
9.6786293e+00   2173273  1.5200769e+00 
9.6950643e+00   2185173  1.5128315e+00 
9.7115164e+00   2192431  1.5096794e+00 
9.7279619e+00   2197593  1.5052680e+00 
9.7444015e+00   2206813  1.4982575e+00 
9.7608410e+00   2211561  1.4921468e+00 
9.7772916e+00   2225683  1.4881985e+00 
9.7937329e+00   2222761  1.4843175e+00 
9.8101648e+00   2238657  1.4774529e+00 
9.8266047e+00   2240611  1.4737183e+00 
9.8430453e+00   2252505  1.4659397e+00 
9.8594817e+00   2255845  1.4615720e+00 
9.8759142e+00   2265253  1.4562583e+00 
9.8923583e+00   2275143  1.4523799e+00 
9.9088236e+00   2285713  1.4483990e+00 
9.9252601e+00   2282277  1.4430255e+00 
9.9416778e+00   2296099  1.4376808e+00 
9.9581343e+00   2307645  1.4337166e+00 
9.9745847e+00   2310073  1.4301413e+00 
9.9910298e+00   2321419  1.4231005e+00 
1.0007469e+01   2323209  1.4176119e+00 
1.0023910e+01   2337913  1.4156625e+00 
1.0040365e+01   2341713  1.4078771e+00 
1.0056805e+01   2349763  1.4036690e+00 
1.0073230e+01   2352573  1.3979844e+00 
1.0089673e+01   2369725  1.3948419e+00 
1.0106115e+01   2368519  1.3913272e+00 
1.0122546e+01   2381061  1.3833072e+00 
1.0139000e+01   2391997  1.3814575e+00 
1.0155451e+01   2394081  1.3769582e+00 
1.0171886e+01   2403871  1.3708569e+00 
1.0188319e+01   2409297  1.3653800e+00 
1.0204768e+01   2423149  1.3608020e+00 
1.0221224e+01   2427835  1.3575318e+00 
1.0237669e+01   2434545  1.3526534e+00 
1.0254102e+01   2441149  1.3498707e+00 
1.0270534e+01   2449191  1.3457087e+00 
1.0286983e+01   2461633  1.3401235e+00 
1.0303428e+01   2464441  1.3357733e+00 
1.0319845e+01   2468097  1.3303769e+00 
1.0336277e+01   2485999  1.3264897e+00 
1.0352736e+01   2490381  1.3234026e+00 
1.0369178e+01   2497897  1.3173164e+00 
1.0385609e+01   2502831  1.3141298e+00 
1.0402059e+01   2519065  1.3097534e+00 
1.0418514e+01   2520541  1.3043308e+00 
1.0434952e+01   2529381  1.2998589e+00 
1.0451392e+01   2537851  1.2965994e+00 
1.0467843e+01   2548197  1.2922453e+00 
1.0484287e+01   2551477  1.2882976e+00 
1.0500712e+01   2558919  1.2866545e+00 
1.0517133e+01   2565685  1.2800064e+00 
1.0533574e+01   2581681  1.2754612e+00 
1.0550031e+01   2586609  1.2725439e+00 
1.0566476e+01   2593915  1.2669745e+00 
1.0582911e+01   2599881  1.2639220e+00 
1.0599359e+01   2613469  1.2592966e+00 
1.0615805e+01   2616847  1.2554433e+00 
1.0632237e+01   2623749  1.2505205e+00 
1.0648679e+01   2637157  1.2475234e+00 
1.0665135e+01   2644347  1.2427237e+00 
1.0681573e+01   2647585  1.2402966e+00 
1.0697997e+01   2656581  1.2365659e+00 
1.0714441e+01   2669041  1.2314722e+00 
1.0730887e+01   2675287  1.2273801e+00 
1.0747328e+01   2682609  1.2244001e+00 
1.0763767e+01   2691769  1.2193612e+00 
1.0780201e+01   2697195  1.2150562e+00 
1.0796646e+01   2711077  1.2133763e+00 
1.0813103e+01   2719461  1.2102141e+00 
1.0829552e+01   2723005  1.2038010e+00 
1.0845990e+01   2733835  1.2013487e+00 
1.0862431e+01   2739657  1.1969196e+00 
1.0878864e+01   2748061  1.1945059e+00 
1.0895302e+01   2758371  1.1896325e+00 
1.0911748e+01   2766325  1.1865851e+00 
1.0928188e+01   2774241  1.1818752e+00 
1.0944636e+01   2784979  1.1790102e+00 
1.0961069e+01   2786053  1.1744833e+00 
1.0977513e+01   2805945  1.1702197e+00 
1.0993964e+01   2804113  1.1668048e+00 
1.1010400e+01   2818539  1.1644514e+00 
1.1026845e+01   2823733  1.1584785e+00 
1.1043284e+01   2833081  1.1577554e+00 
1.1059731e+01   2844183  1.1527620e+00 
1.1076175e+01   2847529  1.1498855e+00 
1.1092614e+01   2861157  1.1467738e+00 
1.1109055e+01   2863585  1.1413614e+00 
1.1125498e+01   2879571  1.1380717e+00 
1.1141944e+01   2881657  1.1352435e+00 
1.1158382e+01   2893309  1.1335126e+00 
1.1174827e+01   2902527  1.1278587e+00 
1.1191261e+01   2904373  1.1246518e+00 
1.1207680e+01   2915877  1.1225698e+00 
1.1224111e+01   2925247  1.1189038e+00 
1.1240570e+01   2943069  1.1150949e+00 
1.1257030e+01   2942677  1.1119359e+00 
1.1273468e+01   2952325  1.1089452e+00 
1.1289907e+01   2961027  1.1063907e+00 
1.1306353e+01   2970937  1.1003600e+00 
1.1322798e+01   2978853  1.0981598e+00 
1.1339228e+01   2982199  1.0949872e+00 
1.1355671e+01   3001233  1.0919451e+00 
1.1372129e+01   3005173  1.0878550e+00 
1.1388560e+01   3008233  1.0844902e+00 
1.1404992e+01   3023247  1.0812951e+00 
1.1421430e+01   3027997  1.0783173e+00 
1.1437879e+01   3044301  1.0755653e+00 
1.1454326e+01   3045127  1.0727138e+00 
1.1470769e+01   3060109  1.0690437e+00 
1.1487224e+01   3067401  1.0652025e+00 
1.1503662e+01   3070897  1.0624921e+00 
1.1520101e+01   3085791  1.0580019e+00 
1.1536542e+01   3089425  1.0552592e+00 
1.1552979e+01   3100845  1.0532590e+00 
1.1569428e+01   3112795  1.0502289e+00 
1.1585871e+01   3115357  1.0462292e+00 
1.1602308e+01   3129021  1.0421836e+00 
1.1618736e+01   3129187  1.0391350e+00 
1.1635167e+01   3147525  1.0371529e+00 
1.1651627e+01   3159073  1.0343875e+00 
1.1668079e+01   3161457  1.0322794e+00 
1.1684516e+01   3171499  1.0277546e+00 
1.1700953e+01   3178765  1.0257296e+00 
1.1717383e+01   3187437  1.0210955e+00 
1.1733816e+01   3197371  1.0192988e+00 
1.1750260e+01   3209433  1.0159780e+00 
1.1766700e+01   3214333  1.0137693e+00 
1.1783144e+01   3228441  1.0105308e+00 
1.1799588e+01   3233203  1.0081090e+00 
1.1816033e+01   3245605  1.0056715e+00 
1.1832480e+01   3252789  1.0012891e+00 
1.1848911e+01   3257875  9.9878939e-01 
1.1865350e+01   3272709  9.9542422e-01 
1.1881795e+01   3279373  9.9318138e-01 
1.1898233e+01   3287587  9.9071477e-01 
1.1914675e+01   3299625  9.8779706e-01 
1.1931131e+01   3311521  9.8479858e-01 
1.1947582e+01   3314685  9.8188626e-01 
1.1964016e+01   3324415  9.7866830e-01 
1.1980455e+01   3333945  9.7570065e-01 
1.1996900e+01   3345673  9.7322221e-01 
1.2013335e+01   3348667  9.6975508e-01 
1.2029777e+01   3365553  9.6678147e-01 
1.2046223e+01   3369649  9.6579067e-01 
1.2062665e+01   3381933  9.6189907e-01 
1.2079111e+01   3390139  9.5938822e-01 
1.2095543e+01   3394641  9.5549716e-01 
1.2111983e+01   3410917  9.5343950e-01 
1.2128427e+01   3415939  9.5048340e-01 
1.2144869e+01   3427497  9.4793475e-01 
1.2161310e+01   3435817  9.4544546e-01 
1.2177748e+01   3443223  9.4325239e-01 
1.2194191e+01   3456721  9.3976345e-01 
1.2210641e+01   3465909  9.3721875e-01 
1.2227085e+01   3471721  9.3530128e-01 
1.2243522e+01   3481891  9.3216170e-01 
1.2259959e+01   3490041  9.2839087e-01 
1.2276400e+01   3503713  9.2634029e-01 
1.2292846e+01   3510111  9.2455987e-01 
1.2309288e+01   3520033  9.2130576e-01 
1.2325725e+01   3527569  9.1956672e-01 
1.2342165e+01   3540405  9.1707136e-01 
1.2358615e+01   3550231  9.1363523e-01 
1.2375052e+01   3553917  9.1240100e-01 
1.2391490e+01   3568753  9.0806800e-01 
1.2407934e+01   3576999  9.0668571e-01 
1.2424376e+01   3585421  9.0341897e-01 
1.2440822e+01   3598681  9.0111986e-01 
1.2457270e+01   3604473  8.9870241e-01 
1.2473712e+01   3615655  8.9606436e-01 
1.2490148e+01   3621525  8.9422350e-01 
1.2506592e+01   3636649  8.9129257e-01 
1.2523036e+01   3642387  8.8897528e-01 
1.2539468e+01   3648541  8.8586160e-01 
1.2555912e+01   3668629  8.8350380e-01 
1.2572357e+01   3667707  8.8114665e-01 
1.2588792e+01   3682657  8.7937492e-01 
1.2605229e+01   3688881  8.7675928e-01 
1.2621669e+01   3701749  8.7414163e-01 
1.2638111e+01   3710599  8.7149940e-01 
1.2654551e+01   3719361  8.6892805e-01 
1.2670991e+01   3729961  8.6727531e-01 
1.2687440e+01   3743475  8.6491791e-01 
1.2703881e+01   3744913  8.6257992e-01 
1.2720314e+01   3759513  8.5997986e-01 
1.2736753e+01   3766669  8.5716883e-01 
1.2753193e+01   3779983  8.5551139e-01 
1.2769642e+01   3790461  8.5353745e-01 
1.2786089e+01   3797989  8.5033356e-01 
1.2802526e+01   3805767  8.4824977e-01 
1.2818977e+01   3823429  8.4617929e-01 
1.2835419e+01   3822189  8.4385326e-01 
1.2851855e+01   3839947  8.4158632e-01 
1.2868296e+01   3843517  8.3870966e-01 
1.2884736e+01   3859965  8.3754131e-01 
1.2901193e+01   3870265  8.3417420e-01 
1.2917622e+01   3867603  8.3227702e-01 
1.2934054e+01   3890533  8.2922911e-01 
1.2950499e+01   3893481  8.2853215e-01 
1.2966938e+01   3908431  8.2556401e-01 
1.2983387e+01   3916477  8.2275911e-01 
1.2999830e+01   3927381  8.2090336e-01 
1.3016262e+01   3929269  8.1865381e-01 
1.3032707e+01   3954687  8.1691478e-01 
1.3049152e+01   3948889  8.1499144e-01 
1.3065587e+01   3969133  8.1273675e-01 
1.3082032e+01   3974883  8.1041215e-01 
1.3098476e+01   3987133  8.0802644e-01 
1.3114914e+01   3993957  8.0582513e-01 
1.3131356e+01   4007377  8.0416469e-01 
1.3147808e+01   4019439  8.0193867e-01 
1.3164251e+01   4023241  7.9892188e-01 
1.3180690e+01   4037425  7.9776997e-01 
1.3197128e+01   4043343  7.9609364e-01 
1.3213566e+01   4056925  7.9326210e-01 
1.3230004e+01   4063737  7.9138200e-01 
1.3246441e+01   4076791  7.8957177e-01 
1.3262898e+01   4093677  7.8840772e-01 
1.3279345e+01   4092769  7.8569417e-01 
1.3295783e+01   4108105  7.8375570e-01 
1.3312218e+01   4113075  7.8164875e-01 
1.3328655e+01   4128817  7.7960041e-01 
1.3345096e+01   4134873  7.7799133e-01 
1.3361534e+01   4148731  7.7574702e-01 
1.3377979e+01   4157973  7.7340659e-01 
1.3394430e+01   4172869  7.7102361e-01 
1.3410882e+01   4178353  7.6888734e-01 
1.3427319e+01   4186107  7.6691010e-01 
1.3443756e+01   4199497  7.6547218e-01 
1.3460194e+01   4205565  7.6294150e-01 
1.3476630e+01   4220875  7.6157665e-01 
1.3493070e+01   4225933  7.5957502e-01 
1.3509525e+01   4251717  7.5704072e-01 
1.3525973e+01   4241443  7.5491443e-01 
1.3542408e+01   4265589  7.5357876e-01 
1.3558845e+01   4264249  7.5175075e-01 
1.3575281e+01   4284381  7.4939004e-01 
1.3591733e+01   4294687  7.4789777e-01 
1.3608175e+01   4298641  7.4590048e-01 
1.3624615e+01   4316037  7.4367331e-01 
1.3641058e+01   4319971  7.4172858e-01 
1.3657498e+01   4334721  7.3982304e-01 
1.3673940e+01   4343569  7.3782770e-01 
1.3690384e+01   4355217  7.3664558e-01 
1.3706818e+01   4359871  7.3449938e-01 
1.3723254e+01   4376533  7.3249871e-01 
1.3739697e+01   4384953  7.3086628e-01 
1.3756138e+01   4397167  7.2846597e-01 
1.3772579e+01   4404441  7.2719806e-01 
1.3789025e+01   4422121  7.2564568e-01 
1.3805467e+01   4423419  7.2316659e-01 
1.3821899e+01   4437157  7.2097613e-01 
1.3838348e+01   4454329  7.1987794e-01 
1.3854801e+01   4459389  7.1767910e-01 
1.3871227e+01   4462087  7.1569620e-01 
1.3887666e+01   4487157  7.1383461e-01 
1.3904114e+01   4487845  7.1258325e-01 
1.3920549e+01   4502311  7.1047754e-01 
1.3936998e+01   4515609  7.0832154e-01 
1.3953444e+01   4523293  7.0757294e-01 
1.3969882e+01   4530525  7.0496663e-01 
1.3986314e+01   4543075  7.0331587e-01 
1.4002750e+01   4553601  7.0127487e-01 
1.4019203e+01   4573213  7.0030001e-01 
1.4035643e+01   4569475  6.9806642e-01 
1.4052080e+01   4591089  6.9626242e-01 
1.4068524e+01   4596253  6.9509306e-01 
1.4084960e+01   4606701  6.9306323e-01 
1.4101403e+01   4623319  6.9112642e-01 
1.4117848e+01   4628589  6.9004690e-01 
1.4134293e+01   4644337  6.8775628e-01 
1.4150740e+01   4652227  6.8616645e-01 
1.4167179e+01   4660413  6.8448311e-01 
1.4183624e+01   4678945  6.8220076e-01 
1.4200081e+01   4687191  6.8146736e-01 
1.4216525e+01   4694245  6.7995641e-01 
1.4232950e+01   4698025  6.7792169e-01 
1.4249382e+01   4719597  6.7638878e-01 
1.4265824e+01   4725775  6.7427551e-01 
1.4282265e+01   4739961  6.7263198e-01 
1.4298712e+01   4752325  6.7116207e-01 
1.4315154e+01   4759023  6.6962569e-01 
1.4331599e+01   4774237  6.6803058e-01 
1.4348040e+01   4780405  6.6701849e-01 
1.4364476e+01   4792101  6.6482382e-01 
1.4380920e+01   4807663  6.6362885e-01 
1.4397368e+01   4816401  6.6166127e-01 
1.4413807e+01   4823509  6.5979686e-01 
1.4430248e+01   4840743  6.5883527e-01 
1.4446693e+01   4846849  6.5648993e-01 
1.4463127e+01   4857709  6.5539989e-01 
1.4479568e+01   4871907  6.5387139e-01 
1.4496011e+01   4881601  6.5182259e-01 
1.4512454e+01   4894389  6.5090197e-01 
1.4528896e+01   4901329  6.4931454e-01 
1.4545329e+01   4913583  6.4770501e-01 
1.4561780e+01   4932313  6.4542260e-01 
1.4578221e+01   4931233  6.4452654e-01 
1.4594654e+01   4949439  6.4278663e-01 
1.4611099e+01   4960093  6.4122639e-01 
1.4627549e+01   4975845  6.3966115e-01 
1.4643986e+01   4973809  6.3856895e-01 
1.4660424e+01   4999375  6.3660454e-01 
1.4676868e+01   4999281  6.3509086e-01 
1.4693310e+01   5020633  6.3365351e-01 
1.4709759e+01   5026719  6.3262795e-01 
1.4726199e+01   5036893  6.3047560e-01 
1.4742643e+01   5052285  6.2931440e-01 
1.4759077e+01   5052547  6.2749655e-01 
1.4775512e+01   5075413  6.2600486e-01 
1.4791960e+01   5084049  6.2476971e-01 
1.4808394e+01   5088469  6.2332049e-01 
1.4824829e+01   5108391  6.2165459e-01 
1.4841279e+01   5118805  6.2046888e-01 
1.4857729e+01   5132721  6.1885802e-01 
1.4874168e+01   5134123  6.1809595e-01 
1.4890598e+01   5148289  6.1564007e-01 
1.4907045e+01   5169609  6.1459407e-01 
1.4923494e+01   5170585  6.1324139e-01 
1.4939933e+01   5188107  6.1183391e-01 
1.4956381e+01   5197321  6.1094224e-01 
1.4972817e+01   5204481  6.0916948e-01 
1.4989249e+01   5217199  6.0758046e-01 
1.5005692e+01   5233909  6.0650714e-01 
1.5022139e+01   5244033  6.0444696e-01 
1.5038578e+01   5250349  6.0355241e-01 
1.5055017e+01   5267823  6.0153482e-01 
1.5071468e+01   5280397  6.0047669e-01 
1.5087908e+01   5284129  5.9888646e-01 
1.5104335e+01   5295771  5.9757763e-01 
1.5120780e+01   5317405  5.9670339e-01 
1.5137232e+01   5324901  5.9479221e-01 
1.5153675e+01   5333755  5.9332852e-01 
1.5170115e+01   5345937  5.9240372e-01 
1.5186558e+01   5359657  5.9085997e-01 
1.5202999e+01   5366821  5.8975332e-01 
1.5219436e+01   5382075  5.8771132e-01 
1.5235879e+01   5392261  5.8638026e-01 
1.5252325e+01   5407353  5.8564522e-01 
1.5268764e+01   5412259  5.8406401e-01 
1.5285199e+01   5426973  5.8233551e-01 
1.5301652e+01   5448109  5.8094003e-01 
1.5318098e+01   5444749  5.7987712e-01 
1.5334529e+01   5462499  5.7848290e-01 
1.5350972e+01   5476897  5.7765994e-01 
1.5367421e+01   5487741  5.7609932e-01 
1.5383850e+01   5489011  5.7493358e-01 
1.5400292e+01   5517945  5.7328769e-01 
1.5416747e+01   5523913  5.7243377e-01 
1.5433187e+01   5529295  5.7099353e-01 
1.5449617e+01   5541585  5.6956888e-01 
1.5466049e+01   5554501  5.6845748e-01 
1.5482493e+01   5571717  5.6699397e-01 
1.5498948e+01   5587903  5.6553583e-01 
1.5515389e+01   5584453  5.6422283e-01 
1.5531826e+01   5609505  5.6341423e-01 
1.5548272e+01   5613739  5.6173331e-01 
1.5564703e+01   5622837  5.6109589e-01 
1.5581143e+01   5644501  5.5960150e-01 
1.5597584e+01   5646693  5.5834236e-01 
1.5614024e+01   5668363  5.5738138e-01 
1.5630474e+01   5677237  5.5588499e-01 
1.5646919e+01   5688513  5.5481323e-01 
1.5663358e+01   5696839  5.5334772e-01 
1.5679803e+01   5716845  5.5246299e-01 
1.5696249e+01   5721301  5.5110757e-01 
1.5712684e+01   5733921  5.4965396e-01 
1.5729129e+01   5751391  5.4889470e-01 
1.5745567e+01   5753065  5.4742160e-01 
1.5762010e+01   5778813  5.4627534e-01 
1.5778451e+01   5777623  5.4458934e-01 
1.5794884e+01   5794701  5.4347886e-01 
1.5811332e+01   5813953  5.4268437e-01 
1.5827775e+01   5814963  5.4109805e-01 
1.5844216e+01   5836669  5.4003875e-01 
1.5860663e+01   5843749  5.3912003e-01 
1.5877110e+01   5859633  5.3785968e-01 
1.5893551e+01   5865199  5.3639699e-01 
1.5909984e+01   5877273  5.3528074e-01 
1.5926423e+01   5894521  5.3381742e-01 
1.5942870e+01   5907055  5.3281532e-01 
1.5959317e+01   5918409  5.3222696e-01 
1.5975751e+01   5923525  5.3107158e-01 
1.5992190e+01   5944341  5.2919452e-01 
1.6008634e+01   5952907  5.2811167e-01 
1.6025064e+01   5958177  5.2731501e-01 
1.6041507e+01   5986729  5.2551610e-01 
1.6057961e+01   5991607  5.2472554e-01 
1.6074397e+01   5997009  5.2389275e-01 
1.6090834e+01   6017809  5.2275372e-01 
1.6107287e+01   6032451  5.2135848e-01 
1.6123732e+01   6036661  5.2027123e-01 
1.6140164e+01   6048429  5.1962629e-01 
1.6156608e+01   6069241  5.1861963e-01 
1.6173051e+01   6072799  5.1698872e-01 
1.6189485e+01   6087333  5.1605690e-01 
1.6205923e+01   6100189  5.1502529e-01 
1.6222357e+01   6110199  5.1385077e-01 
1.6238808e+01   6135469  5.1259466e-01 
1.6255257e+01   6135757  5.1151639e-01 
1.6271696e+01   6151389  5.1046391e-01 
1.6288137e+01   6163015  5.0974207e-01 
1.6304574e+01   6172905  5.0825260e-01 
1.6321021e+01   6194425  5.0708215e-01 
1.6337463e+01   6196047  5.0622913e-01 
1.6353903e+01   6216145  5.0503972e-01 
1.6370354e+01   6230473  5.0403471e-01 
1.6386794e+01   6232095  5.0254141e-01 
1.6403226e+01   6249913  5.0165823e-01 
1.6419670e+01   6266493  5.0092259e-01 
1.6436110e+01   6270925  4.9972937e-01 
1.6452549e+01   6292635  4.9889984e-01 
1.6469004e+01   6306181  4.9765502e-01 
1.6485446e+01   6309697  4.9637140e-01 
1.6501881e+01   6324579  4.9543017e-01 
1.6518325e+01   6342217  4.9431511e-01 
1.6534765e+01   6347277  4.9341485e-01 
1.6551201e+01   6364285  4.9194887e-01 
1.6567645e+01   6378303  4.9131404e-01 
1.6584080e+01   6382993  4.9026254e-01 
1.6600517e+01   6404353  4.8906228e-01 
1.6616958e+01   6412287  4.8804450e-01 
1.6633401e+01   6430825  4.8719082e-01 
1.6649852e+01   6444501  4.8609046e-01 
1.6666291e+01   6446653  4.8492104e-01 
1.6682729e+01   6469255  4.8389407e-01 
1.6699173e+01   6477417  4.8268460e-01 
1.6715616e+01   6491929  4.8185343e-01 
1.6732056e+01   6503031  4.8108512e-01 
1.6748502e+01   6521089  4.7967836e-01 
1.6764947e+01   6527925  4.7911642e-01 
1.6781376e+01   6533347  4.7831480e-01 
1.6797810e+01   6557797  4.7691253e-01 
1.6814259e+01   6572589  4.7617593e-01 
1.6830706e+01   6579466  4.7500198e-01 
