3917225984 3295191040 3258135552
3813629952 3228839936 3191577600
3845533696 3260014592 3222654976
3806679040 3222056960 3184832512
3892068352 3307167744 3270146048
3789918208 3204136960 3167136768
3869876224 3284852736 3247979520
3810553856 3225649152 3188620288
3851657216 3263987712 3226897408
3792568320 3207151616 3169823744
3845718016 3259965440 3222822912
3790409728 3202818048 3165546496
3846819840 3259240448 3222056960
3789524992 3202146304 3164708864
3868868608 3284283392 3246926848
3797962752 3210600448 3173177344
3843923968 3255631872 3219149824
3831853056 3246608384 3209872384
3864739840 3279486976 3242683392
3791147008 3207909376 3171198976
3841957888 3258363904 3221860352
3817713664 3231764480 3195633664
3851964416 3268259840 3232122880
3805134848 3220058112 3183106048
3858092032 3274604544 3238025216
3789721600 3201777664 3164948480
3872563200 3287556096 3250588672
3791790080 3208769536 3171729408
3842441216 3254546432 3217602560
3793633280 3205947392 3168890880
3852132352 3269353472 3232143360
3804127232 3219533824 3182168064
