3843100672 3217047552 3181250560
3725889536 3137024000 3100923904
3779657728 3190927360 3154733056
3741761536 3152699392 3116747776
3780296704 3191394304 3155433472
3725430784 3136761856 3100626944
3794223104 3205128192 3169503232
3725627392 3136790528 3100857344
3778871296 3189989376 3154043904
3726151680 3137581056 3101414400
3786993664 3199942656 3164139520
3724693504 3135946752 3099875328
3787784192 3198898176 3162812416
3725492224 3137032192 3100631040
3786735616 3198078976 3161973760
3733753856 3145162752 3108968448
3778732032 3189272576 3153857536
3725422592 3136466944 3100616704
3779391488 3190034432 3154402304
3725475840 3136110592 3100572672
3778994176 3194630144 3158957056
3725213696 3135483904 3100209152
3786993664 3202285568 3167138816
3725750272 3136724992 3100811264
3786993664 3202478080 3167104000
3741233152 3152392192 3116584960
3779129344 3191828480 3156310016
3726147584 3137159168 3101307904
3778666496 3189669888 3153756160
3725479936 3136581632 3100642304
3778867200 3191967744 3156104192
3725737984 3136974848 3100850176
