3940478976 3318620160 3281550336
3844935680 3260112896 3222836224
3864461312 3282034688 3244643328
3828887552 3244052480 3206809600
3892854784 3308023808 3270987776
3801677824 3215835136 3178791936
3881926656 3298791424 3261904896
3828342784 3243438080 3206319104
3871289344 3283558400 3246452736
3804790784 3219365888 3181990912
3869462528 3283877888 3246714880
3805995008 3218534400 3181247488
3859308544 3271602176 3234418688
3801194496 3213713408 3176228864
3881185280 3296550912 3259184128
3809357824 3221979136 3184475136
3873931264 3288420352 3251906560
3832639488 3247284224 3210537984
3868499968 3283202048 3246366720
3802972160 3219644416 3182922752
3853078528 3269615616 3233100800
3818237952 3232436224 3196296192
3871494144 3287744512 3251594240
3814400000 3229478912 3192507392
3878375424 3295092736 3258497024
3815276544 3230072832 3193241600
3873349632 3288334336 3251359744
3824873472 3242033152 3204969472
3853881344 3265847296 3228902400
3805138944 3218178048 3181100032
3878383616 3295825920 3258523648
3816595456 3231961088 3194577920
