3847819264 3222499328 3186023424
3730345984 3142262784 3105561600
3784114176 3196157952 3159385088
3746217984 3158048768 3121386496
3785015296 3196633088 3160276992
3729887232 3141595136 3105098752
3798679552 3210178560 3174071296
3730345984 3141947392 3105480704
3783327744 3195035648 3158597632
3730870272 3142664192 3106099200
3791450112 3205140480 3168786432
3729412096 3141320704 3104658432
3792502784 3204272128 3167622144
3729948672 3141947392 3105132544
3791454208 3203432448 3166662656
3738472448 3150405632 3113686016
3783188480 3194368000 3158515712
3729879040 3141304320 3105117184
3783847936 3195305984 3159134208
3730194432 3141292032 3105245184
3783188480 3199348736 3163355136
3729670144 3140370432 3104745472
3791712256 3207569408 3171929088
3730206720 3141648384 3105356800
3791712256 3207704576 3171755008
3745951744 3157344256 3121158144
3783847936 3197227008 3161016320
3730604032 3142287360 3105932288
3783122944 3194781696 3158312960
3729936384 3141570560 3105269760
3783323648 3197063168 3160682496
3730194432 3142107136 3105422336
