3867840512 3242868736 3205891072
3758268416 3170562048 3133395968
3811102720 3225620480 3188342784
3763781632 3176050688 3138954240
3813298176 3225337856 3188463616
3756457984 3168407552 3131495424
3835199488 3250020352 3213198336
3763757056 3175944192 3139026944
3811393536 3223371776 3186382848
3757912064 3170246656 3133167616
3810811904 3225100288 3188029440
3762688000 3175124992 3137898496
3812003840 3224137728 3187025920
3755962368 3168518144 3131194368
3822415872 3237892096 3200603136
3758157824 3170500608 3133191168
3809902592 3221430272 3185011712
3756212224 3167883264 3131222016
3810828288 3222765568 3186027520
3756883968 3173588992 3137013760
3808874496 3225272320 3188880384
3756019712 3167223808 3131195392
3811721216 3227803648 3191702528
3756445696 3168493568 3131649024
3811151872 3227668480 3191144448
3762728960 3174735872 3137965056
3811139584 3225272320 3188414464
3757371392 3174334464 3137374208
3809210368 3221106688 3184275456
3757727744 3169681408 3132750848
3810152448 3224371200 3187371008
3763933184 3176222720 3138985984
