3858567168 3233812480 3196850176
3741356032 3153534976 3116462080
3794862080 3209338880 3172207616
3757228032 3169316864 3132309504
3796025344 3208159232 3171349504
3740372992 3152424960 3115610112
3809427456 3221471232 3184803840
3741093888 3152986112 3116188672
3794337792 3206389760 3169545216
3741618176 3153854464 3116884992
3802198016 3216457728 3179501568
3740160000 3152334848 3115220992
3803250688 3215458304 3178451968
3740434432 3152674816 3115520000
3804856320 3220226048 3183035392
3749482496 3161808896 3124576256
3793674240 3205296128 3168929792
3740364800 3152162816 3115583488
3794595840 3206250496 3169632256
3740942336 3152420864 3115967488
3793412096 3209883648 3173584896
3740155904 3151089664 3115203584
3802722304 3218759680 3182806016
3740692480 3152478208 3115753472
3802460160 3218837504 3182402560
3756437504 3168284672 3131611136
3794595840 3208646656 3171960832
3741089792 3158155264 3121333248
3793346560 3205287936 3168559104
3740946432 3152785408 3115994112
3794071552 3208007680 3171190784
3740942336 3153117184 3116027904
