3896041472 3271307264 3234253824
3806347264 3221651456 3184414720
3838115840 3252670464 3215330304
3806654464 3221708800 3184518144
3859693568 3274825728 3237832704
3782934528 3197009920 3160024064
3869876224 3284668416 3247796224
3799310336 3214499840 3177487360
3839488000 3251666944 3214612480
3785338880 3199651840 3162434560
3842555904 3256909824 3219785728
3788328960 3200831488 3163572224
3839430656 3251712000 3214535680
3782549504 3194986496 3157576704
3862151168 3277639680 3240284160
3785949184 3198402560 3160999936
3836829696 3248377856 3211904000
3797655552 3212251136 3178419200
3842666496 3257491456 3223582720
3784040448 3200651264 3163942912
3834855424 3251359744 3214872576
3789889536 3203985408 3167897600
3839746048 3255877632 3219752960
3782807552 3194949632 3158034432
3846877184 3263442944 3226875904
3782733824 3194646528 3157821440
3853574144 3268390912 3231443968
3784380416 3201433600 3164417024
3835531264 3247468544 3210536960
3793633280 3205656576 3168641024
3848974336 3266220032 3229082624
3793174528 3205533696 3168215040
