3817009152 3188584448 3155075072
3707539456 3116875776 3082798080
3761569792 3170283520 3136669696
3707400192 3116396544 3082568704
3761946624 3170385920 3137022976
3707342848 3116343296 3082514432
3760648192 3169402880 3136037888
3707801600 3116900352 3083107328
3760783360 3169542144 3136000000
3707801600 3116670976 3082848256
3760906240 3171500032 3138137088
3707129856 3115978752 3082240000
3761696768 3170603008 3136941056
3707928576 3117289472 3083176960
3760910336 3169656832 3135926272
3707666432 3117117440 3082904576
3760906240 3168768000 3135983616
3707858944 3116265472 3082810368
3761303552 3169095680 3136233472
3707650048 3116072960 3082711040
3761168384 3168948224 3136171008
3707387904 3115597824 3082488832
3761168384 3171799040 3139129344
3707924480 3116273664 3083058176
3761168384 3169034240 3136242688
3707658240 3115855872 3082632192
3761565696 3171303424 3138597888
3708059648 3116478464 3083205632
3760840704 3168968704 3136018432
3707392000 3116171264 3082569728
3761041408 3171274752 3138077696
3707387904 3116232704 3082444800
