3883196416 3258224640 3221228544
3773681664 3185950720 3148764160
3821383680 3235827712 3198551040
3783790592 3198992384 3161864192
3828731904 3240828928 3203913728
3766317056 3180498944 3143567360
3849953280 3265077248 3228216320
3772821504 3184971776 3148021760
3826458624 3238678528 3201665024
3768254464 3180556288 3143445504
3833982976 3248238592 3211126784
3779772416 3192156160 3154913280
3822211072 3234590720 3197456384
3766026240 3178577920 3141235712
3842641920 3258036224 3220704256
3773128704 3185692672 3148362752
3820208128 3231645696 3195225088
3766284288 3177922560 3141248000
3821219840 3233103872 3196333056
3767164928 3183828992 3147226112
3818852352 3235201024 3198784512
3766210560 3177328640 3141281792
3826778112 3243024384 3206912000
3766542336 3178528768 3141670912
3826368512 3242864640 3206319104
3766337536 3178180608 3141371904
3826388992 3240529920 3203615744
3767660544 3184590848 3147601920
3819274240 3231109120 3194254336
3772739584 3184881664 3147933696
3825188864 3239407616 3202370560
3772764160 3185250304 3147993088
