3947065344 3325227008 3288152064
3852677120 3267821568 3230543872
3878780928 3296337920 3258930176
3841908736 3257061376 3219809280
3893379072 3308564480 3271521280
3809636352 3223764992 3186717696
3882188800 3299340288 3262444544
3831869440 3247005696 3209874432
3872018432 3284295680 3247177728
3813076992 3227643904 3190268928
3869986816 3284389888 3247225856
3816169472 3228614656 3191320576
3867688960 3279986688 3242799104
3809062912 3221544960 3184060416
3893334016 3308695552 3271327744
3827961856 3240595456 3203060736
3874455552 3288948736 3252419584
3832901632 3247742976 3210995712
3877924864 3292614656 3255753728
3810996224 3227697152 3190960128
3860660224 3277103104 3240583168
3821719552 3235897344 3199756288
3872190464 3288436736 3252278272
3823812608 3238830080 3201846272
3890008064 3306717184 3270114304
3846918144 3261685760 3224850432
3901018112 3315900416 3278918656
3828293632 3245441024 3208368128
3861291008 3273453568 3236508672
3827761152 3242737664 3205647360
3884957696 3302416384 3265094656
3842048000 3257368576 3219985408
