3868647424 3243859968 3206886400
3759337472 3171557376 3134387200
3812102144 3226546176 3189263360
3764043776 3176239104 3139138560
3814395904 3226361856 3189486592
3757195264 3169308672 3132394496
3835199488 3250184192 3213356032
3764019200 3176140800 3139214336
3812179968 3224346624 3187343360
3758911488 3171135488 3134055424
3811864576 3226099712 3189005312
3762950144 3175297024 3138063360
3812790272 3225104384 3187988480
3756965888 3169447936 3132115968
3830751232 3246080000 3208783872
3758964736 3171491840 3134171136
3810922496 3222351872 3185933312
3756974080 3168833536 3132160000
3811823616 3223691264 3186936832
3757932544 3174584320 3137978368
3809898496 3226202112 3189809152
3757039616 3168133120 3132103680
3812524032 3228770304 3192667136
3757420544 3169390592 3132541952
3812220928 3228651520 3192122368
3762991104 3174920192 3138137088
3812192256 3226271744 3189390336
3758374912 3175272448 3138302976
3810258944 3222089728 3185239040
3758530560 3170660352 3133721600
3811143680 3225288704 3188276224
3763933184 3176390656 3139153920
