3838906368 3212050432 3177041920
3721433088 3132207104 3096674304
3775463424 3186069504 3150657536
3737567232 3147907072 3112574976
3776102400 3186688000 3151298560
3721236480 3132014592 3096426496
3790290944 3200237568 3165402112
3721433088 3132149760 3096728576
3774676992 3185045504 3149865984
3721957376 3132657664 3097139200
3782799360 3195031552 3160018944
3720761344 3131346944 3095790592
3783589888 3194040320 3158662144
3721297920 3132276736 3096527872
3782803456 3193233408 3157823488
3729821696 3140509696 3104875520
3774799872 3184422912 3149788160
3721490432 3131813888 3096588288
3775197184 3185057792 3150222336
3721543680 3131289600 3096468480
3774799872 3187810304 3152855040
3721019392 3130798080 3096156160
3783061504 3197337600 3163005952
3721555968 3131981824 3096741888
3782799360 3197313024 3162896384
3737300992 3147612160 3112542208
3774935040 3186995200 3152224256
3721953280 3132239872 3097183232
3774734336 3184918528 3149761536
3721285632 3131584512 3096371200
3774935040 3186872320 3151967232
3721543680 3132137472 3096719360
