3759087616 3167358976 3134067712
3705061376 3116179456 3082354688
3759357952 3167637504 3134579712
3705585664 3114524672 3080902656
3759353856 3167657984 3134409728
3705327616 3114205184 3080546304
3759095808 3167166464 3134332928
3705327616 3113816064 3080553472
3759087616 3167490048 3134338048
3705851904 3114598400 3080890368
3758567424 3166572544 3133699072
3706109952 3114696704 3081248768
3759607808 3167834112 3134610432
3705585664 3114676224 3080875008
3759083520 3167621120 3134242816
3705589760 3114586112 3080706048
3759087616 3167019008 3134238720
3705585664 3116093440 3082992640
3759349760 3167064064 3134536704
3705581568 3113603072 3080566784
3759616000 3167137792 3134572544
3705581568 3113930752 3080776704
3759616000 3167002624 3134675968
3705315328 3113328640 3080521728
3759091712 3166674944 3134174208
3705847808 3114131456 3080960000
3758829568 3169280000 3136804864
3705847808 3113992192 3081044992
3759616000 3167641600 3134790656
3705847808 3116322816 3083068416
3759087616 3166793728 3134162944
3705323520 3113697280 3080427520
