3814830080 3226673152 3189804032
3760771072 3174969344 3137895424
3812536320 3224621056 3187713024
3762012160 3174383616 3137217536
3814293504 3228553216 3191419904
3762917376 3174633472 3137921024
3814055936 3227987968 3191252992
3762159616 3174457344 3137347584
3814739968 3226988544 3189840896
3762237440 3174445056 3137314816
3813302272 3225673728 3188487168
3760984064 3173892096 3136261120
3818962944 3231232000 3194128384
3760738304 3172962304 3135818752
3833155584 3248648192 3211343872
3761631232 3174047744 3136743424
3813445632 3226062848 3189448704
3763183616 3176726528 3140321280
3816660992 3228667904 3191876608
3761086464 3173076992 3136088064
3812814848 3229679616 3192816640
3760181248 3172003840 3135327232
3814084608 3225890816 3189310464
3761397760 3173314560 3136447488
3826905088 3242184704 3205048320
3760783360 3177820160 3140920320
3817832448 3234828288 3197918208
3765125120 3177275392 3140229120
3816878080 3228540928 3191970816
3761803264 3176042496 3139031040
3813924864 3230937088 3194033152
3761758208 3174297600 3137041408
