3861721088 3275804672 3238925312
3812933632 3227344896 3190244352
3877736448 3292909568 3255796736
3811053568 3223486464 3186287616
3860738048 3275042816 3237883904
3822907392 3237625856 3200825344
3861979136 3275878400 3239064576
3815067648 3227521024 3190272000
3861635072 3273994240 3236715520
3811467264 3223859200 3186678784
3876454400 3292086272 3254707200
3808174080 3220926464 3183259648
3869564928 3284033536 3246848000
3833942016 3249139712 3211867136
3882942464 3298234368 3260913664
3827068928 3242659840 3205072896
3859726336 3274371072 3237711872
3813748736 3227426816 3190916096
3868139520 3280064512 3243200512
3807637504 3219906560 3182819328
3857780736 3274559488 3237680128
3806306304 3218345984 3181379584
3860492288 3272392704 3235683328
3810271232 3222315008 3185369088
3872837632 3288064000 3250893824
3807535104 3224580096 3187635200
3865477120 3282546688 3245587456
3815952384 3233161216 3196060672
3891585024 3306127360 3269535744
3809759232 3224154112 3187020800
3860754432 3277840384 3240813568
3811782656 3224309760 3186910208
