3869196288 3283283968 3246403584
3815198720 3229552640 3192451072
3878260736 3293347840 3256233984
3819589632 3231989760 3194790912
3868139520 3282382848 3245223936
3825737728 3240435712 3203631104
3870248960 3284332544 3247515648
3832242176 3247509504 3210256384
3868811264 3281375232 3244096512
3819999232 3232370688 3195190272
3886198784 3301765120 3264373760
3815387136 3228377088 3190702080
3884580864 3301949440 3264748544
3834204160 3249610752 3212334080
3894276096 3309789184 3272468480
3844448256 3260305408 3222707200
3867078656 3281674240 3245014016
3822477312 3236159488 3199639552
3876675584 3288584192 3251720192
3815002112 3227250688 3190163456
3864637440 3281633280 3244752896
3813666816 3225657344 3188686848
3867889664 3279773696 3243063296
3826814976 3238842368 3201892352
3879792640 3294863360 3257693184
3815047168 3232079872 3195130880
3874009088 3291054080 3254086656
3819659264 3236855808 3199754240
3891847168 3306618880 3270026240
3817463808 3231870976 3194724352
3868192768 3285184512 3248152576
3820318720 3232817152 3195414528
