3770621952 3180236800 3145614336
3716857856 3128987648 3093963776
3770368000 3180036096 3145639936
3725381632 3135299584 3100531712
3770888192 3181080576 3146087424
3725123584 3135193088 3100297216
3778367488 3187814400 3153549312
3725123584 3135451136 3100442624
3770884096 3180945408 3146021888
3725647872 3135918080 3100819456
3769839616 3179589632 3145119744
3717644288 3127934976 3092756480
3771404288 3181297664 3146418176
3725119488 3135578112 3100314624
3770617856 3180695552 3145913344
3717386240 3127898112 3092510720
3778363392 3187576832 3153501184
3725643776 3137019904 3102745600
3779407872 3188310016 3154514944
3724853248 3134517248 3100040192
3770888192 3180298240 3145851904
3717115904 3126710272 3092140032
3771150336 3179933696 3146117120
3716849664 3126587392 3092045824
3770626048 3180109824 3145653248
3717644288 3127308288 3092694016
3786637312 3200827392 3166766080
3725643776 3135320064 3100776448
3771936768 3181137920 3146935296
3725643776 3137384448 3102708736
3770359808 3182530560 3148393472
3717120000 3127054336 3092194304
