3763281920 3171995648 3138267136
3709255680 3120570368 3086504960
3763290112 3172204544 3138569216
3709779968 3119300608 3085143040
3763548160 3172724736 3138692096
3709784064 3119054848 3084841984
3763290112 3171942400 3138403328
3709784064 3119173632 3085031424
3763544064 3172622336 3138673664
3710046208 3119747072 3085324288
3762499584 3171491840 3137794048
3710304256 3119738880 3085460480
3763802112 3173072896 3139007488
3709779968 3119423488 3084976128
3763277824 3172569088 3138485248
3709784064 3119575040 3085011968
3763281920 3171647488 3138391040
3710042112 3121090560 3087378432
3763806208 3172126720 3138976768
3709775872 3118403584 3084705792
3763548160 3172020224 3138725888
3709775872 3118473216 3084938240
3763810304 3171856384 3138948096
3709509632 3118264320 3084591104
3763286016 3171827712 3138462720
3710304256 3119206400 3085324288
3763286016 3174338560 3141241856
3710304256 3119161344 3085377536
3764334592 3172896768 3139445760
3710042112 3121270784 3087301632
3763281920 3171536896 3138292736
3709517824 3118620672 3084684288
