3795525632 3207487488 3170656256
3749502976 3163656192 3126619136
3794485248 3206713344 3169664000
3750285312 3162779648 3125642240
3795529728 3209736192 3172627456
3750551552 3162394624 3125748736
3803009024 3216879616 3180230656
3750551552 3162759168 3125707776
3795787776 3208056832 3170862080
3750551552 3162816512 3125771264
3794481152 3206623232 3169587200
3742023680 3154833408 3117285376
3796307968 3208429568 3171369984
3749761024 3162021888 3124916224
3795783680 3208224768 3171038208
3742289920 3154968576 3117598720
3802742784 3214487552 3177853952
3751071744 3164725248 3128345600
3804573696 3216523264 3179763712
3749756928 3161759744 3124794368
3794743296 3209453568 3172615168
3741495296 3153428480 3116711936
3795267584 3206959104 3170465792
3741753344 3153698816 3116904448
3794219008 3206430720 3169301504
3742023680 3158945792 3122135040
3811803136 3228708864 3191910400
3758833664 3171000320 3134042112
3805106176 3216687104 3180135424
3750547456 3164557312 3127650304
3795001344 3211755520 3174924288
3750285312 3162550272 3125409792
