3799646208 3211567104 3174786048
3752386560 3166629888 3129674752
3798089728 3210338304 3173341184
3753431040 3165851648 3128784896
3799281664 3213606912 3176571904
3753435136 3165380608 3128816640
3805892608 3219857408 3183266816
3753697280 3165822976 3128825856
3807174656 3219488768 3182330880
3753697280 3165835264 3128863744
3798278144 3210506240 3173514240
3745927168 3158802432 3121306624
3815817216 3228098560 3191105536
3752644608 3164950528 3127914496
3807617024 3219898368 3182774272
3746451456 3158970368 3121657856
3805626368 3217358848 3180798976
3754217472 3167809536 3131518976
3807457280 3219484672 3182811136
3752640512 3164700672 3127799808
3805884416 3220574208 3183844352
3753070592 3164790784 3128141824
3806937088 3218411520 3181984768
3753152512 3165110272 3128385536
3805360128 3217600512 3180535808
3753385984 3170279424 3133582336
3814686720 3231641600 3194901504
3761979392 3174072320 3137183744
3807989760 3219668992 3183214592
3753431040 3167604736 3130736640
3798986752 3215802368 3179053056
3753168896 3165573120 3128541184
