3826229248 3238146048 3201270784
3772276736 3186569216 3149496320
3823337472 3235659776 3198570496
3781304320 3193937920 3156759552
3825455104 3239841792 3202701312
3785793536 3200507904 3163786240
3825442816 3239440384 3202698240
3773820928 3186221056 3149105152
3826032640 3238567936 3201303552
3781402624 3193733120 3156584448
3839483904 3254816768 3217619968
3772428288 3185197056 3147565056
3835572224 3247955968 3210842112
3788562432 3203772416 3166626816
3844935680 3260301312 3223001088
3772919808 3185602560 3148137472
3824885760 3239428096 3202780160
3775025152 3188678656 3152261120
3828899840 3240763392 3203968000
3772469248 3184541696 3147540480
3823665152 3240607744 3203731456
3771265024 3183296512 3146484736
3825491968 3237130240 3200532480
3772973056 3184971776 3148108800
3850260480 3265347584 3228207104
3772280832 3189190656 3152281600
3827298304 3244347392 3207433216
3781718016 3196911616 3159840768
3829014528 3240570880 3203992576
3773296640 3187609600 3150594048
3825242112 3242332160 3205420032
3773685760 3186130944 3148855296
