3786350592 3197992960 3161361408
3740327936 3154296832 3117414400
3785572352 3197681664 3160805376
3741110272 3153485824 3116481536
3786354688 3200446464 3163559936
3741114368 3152846848 3116350464
3793833984 3207544832 3171103744
3741114368 3153297408 3116398592
3786612736 3198828544 3161844736
3741376512 3153522688 3116661760
3785306112 3197345792 3160584192
3733110784 3145629696 3108251648
3786608640 3198758912 3161894912
3740585984 3152769024 3115847680
3786608640 3198709760 3161771008
3733114880 3145535488 3108374528
3793567744 3205320704 3168824320
3741634560 3154931712 3118747648
3795398656 3207159808 3170525184
3740581888 3152482304 3115675648
3785830400 3197530112 3160877056
3732582400 3144179712 3107592192
3786354688 3197644800 3161416704
3732578304 3144318976 3107737600
3785306112 3197530112 3160550400
3732848640 3147456512 3110955008
3802628096 3219202048 3182628864
3749658624 3161473024 3124705280
3795668992 3207122944 3170781184
3741110272 3155173376 3118434304
3785826304 3202502656 3165861888
3740848128 3153096704 3116142592
