3837370368 3249479680 3212600320
3784032256 3198205952 3161119744
3834183680 3246428160 3209333760
3789590528 3202039808 3164850176
3836665856 3250991104 3213853696
3803590656 3218272256 3181508608
3837194240 3251159040 3214367744
3785637888 3198083072 3160863744
3837464576 3249913856 3212645376
3789672448 3201941504 3164788736
3854364672 3269693440 3232450560
3783553024 3196522496 3158888448
3843919872 3256242176 3219106816
3805634560 3220885504 3183628288
3864252416 3279548416 3242233856
3796213760 3211825152 3174249472
3836157952 3250630656 3213980672
3786903552 3200704512 3164208128
3840815104 3252793344 3215939584
3783913472 3195981824 3158912000
3834638336 3251515392 3214647296
3782483968 3194503168 3157644288
3836567552 3248504832 3211798528
3784785920 3196755968 3159854080
3862290432 3277590528 3240440832
3783634944 3200483328 3163560960
3839090688 3256078336 3219154944
3790053376 3207262208 3170167808
3848560640 3260321792 3223735296
3784904704 3199193088 3162145792
3836657664 3253768192 3216761856
3793539072 3205971968 3168651264
