3790020608 3201830912 3165066240
3743997952 3158077440 3121111040
3789242368 3201310720 3164352512
3744780288 3157217280 3120124928
3790024704 3204218880 3167205376
3745046528 3156725760 3120106496
3797504000 3211378688 3174787072
3745046528 3157168128 3120157696
3790282752 3202519040 3165374464
3745308672 3157331968 3120340992
3788976128 3201052672 3164148736
3736518656 3149271040 3111806976
3790540800 3202629632 3165661184
3744256000 3156504576 3119458304
3790278656 3202588672 3165497344
3736784896 3149287424 3111990272
3797237760 3208916992 3172332544
3745304576 3158867968 3122594816
3799068672 3210862592 3174137856
3744251904 3156156416 3119255552
3789238272 3201150976 3164404736
3735990272 3147882496 3111220224
3789762560 3201396736 3164991488
3736248320 3148128256 3111400448
3788713984 3201003520 3163948032
3736780800 3151372288 3114649600
3806298112 3223023616 3186314240
3753328640 3165282304 3128419328
3799339008 3210948608 3174478848
3744780288 3158843392 3122028544
3789496320 3206201344 3169447936
3744780288 3156946944 3119884288
