3764592640 3173785600 3139800064
3710828544 3122630656 3088072704
3764862976 3173818368 3140023296
3711352832 3120857088 3086675968
3765121024 3174445056 3140206592
3719094272 3128782848 3094356992
3764600832 3173523456 3139817472
3711356928 3120922624 3086545920
3765116928 3174334464 3140154368
3711619072 3121459200 3086888960
3764072448 3173154816 3139270656
3711877120 3121545216 3086966784
3765374976 3174871040 3140538368
3719352320 3128881152 3094455296
3764850688 3174301696 3140002816
3711356928 3121324032 3086547968
3764854784 3173191680 3139802112
3711614976 3122798592 3088926720
3765379072 3173838848 3140539392
3711086592 3120001024 3086180352
3765121024 3173650432 3140154368
3711348736 3120365568 3086441472
3765383168 3173515264 3140425728
3710820352 3119972352 3086073856
3764858880 3173388288 3139855360
3711614976 3120848896 3086790656
3780870144 3192152064 3158768640
3711877120 3120852992 3086876672
3765907456 3174686720 3140987904
3711614976 3122962432 3088795648
3764592640 3173183488 3139749888
3711090688 3120451584 3086221312
