3794477056 3206447104 3169639424
3748454400 3162656768 3125620736
3793436672 3205718016 3168700416
3749498880 3161800704 3124663296
3794481152 3208749056 3171660800
3749502976 3161419776 3124774912
3801960448 3215900672 3179252736
3749502976 3161731072 3124679680
3794739200 3207061504 3169887232
3749765120 3161878528 3124834304
3793432576 3205586944 3168589824
3741237248 3153854464 3116321792
3795259392 3207397376 3170362368
3748712448 3161067520 3123970048
3794735104 3207184384 3170013184
3741503488 3153997824 3116639232
3801694208 3213512704 3176880128
3750023168 3163693056 3127325696
3803525120 3215519744 3178765312
3748708352 3160788992 3123831808
3793694720 3205632000 3171682304
3740708864 3152441344 3115728896
3794481152 3205943296 3169458176
3740704768 3152744448 3115962368
3793170432 3205459968 3168349184
3741237248 3157950464 3121159168
3810754560 3227680768 3190889472
3758047232 3170029568 3133079552
3804057600 3215683584 3179148288
3749498880 3163541504 3126645760
3793952768 3210756096 3173937152
3749236736 3161563136 3124430848
