3786874880 3198644224 3161952256
3740852224 3154927616 3118027776
3786096640 3198263296 3161364480
3741896704 3154075648 3117058048
3786878976 3201081344 3164137472
3741900800 3153543168 3116994560
3794620416 3208237056 3171707904
3741900800 3153960960 3117019136
3787137024 3199467520 3162421248
3742162944 3154206720 3117259776
3785830400 3197952000 3161138176
3733635072 3146211328 3108824064
3787395072 3199418368 3162513408
3741372416 3153375232 3116441600
3787132928 3199356928 3162372096
3733639168 3146158080 3108915200
3794354176 3205890048 3169384448
3742158848 3155607552 3119416320
3795922944 3207782400 3171119104
3741106176 3153068032 3116215296
3786354688 3198136320 3161449472
3733106688 3144810496 3108195328
3786878976 3198353408 3162012672
3733102592 3144998912 3108321280
3785830400 3198099456 3161109504
3733635072 3148111872 3111505920
3803152384 3219849216 3183221760
3750182912 3162103808 3125292032
3796193280 3207815168 3171406848
3741896704 3155800064 3119048704
3786350592 3203125248 3166452736
3741634560 3153719296 3116759040
