3858866176 3270889472 3234010112
3812671488 3227017216 3189920768
3874586624 3289751552 3252638720
3808747520 3221118976 3183920128
3857948672 3272220672 3235062784
3813830656 3228758016 3191974912
3859771392 3273891840 3237082112
3814805504 3227197440 3189957632
3858800640 3271139328 3233865728
3809079296 3221495808 3184323584
3876192256 3291783168 3254423552
3805065216 3217997824 3180336128
3869302784 3283668992 3246502912
3833417728 3248836608 3211572224
3879493632 3294752768 3257432064
3820777472 3236347904 3198757888
3856916480 3271528448 3234877440
3811078144 3224702976 3188192256
3864969216 3277078528 3240214528
3804831744 3217047552 3179960320
3854856192 3271880704 3235002368
3803525120 3215499264 3178556416
3857739776 3269595136 3232889856
3808108544 3220078592 3183152128
3872575488 3287736320 3250577408
3804700672 3221696512 3184755712
3862917120 3279900672 3242941440
3815428096 3232813056 3195717632
3891060736 3305713664 3269127168
3806863360 3221159936 3184045056
3857907712 3274936320 3237913600
3807633408 3220078592 3182694400
