3831017472 3242938368 3206059008
3783770112 3198070784 3160993792
3827871744 3240210432 3203121152
3781304320 3193946112 3156763648
3830124544 3244523520 3207383040
3796873216 3211571200 3174849536
3836932096 3250929664 3214187520
3785637888 3197788160 3160672256
3830784000 3243327488 3206059008
3789410304 3201740800 3164592128
3839483904 3254841344 3217640448
3777150976 3189923840 3152287744
3835572224 3248037888 3210915840
3788562432 3203796992 3166643200
3863990272 3279351808 3242047488
3777626112 3190370304 3152893952
3829567488 3244118016 3207465984
3786641408 3200307200 3163885568
3840552960 3252424704 3215622144
3777224704 3189301248 3152300032
3828248576 3245195264 3208318976
3775950848 3187990528 3151170560
3830206464 3241848832 3205246976
3784523776 3196530688 3159663616
3850260480 3265376256 3228228608
3776987136 3193905152 3156988928
3838828544 3255885824 3218967552
3781718016 3196989440 3159910400
3848560640 3260125184 3223542784
3778109440 3192430592 3155410944
3830030336 3247136768 3210212352
3793276928 3205734400 3168454656
