3765379072 3174469632 3140388864
3711352832 3123294208 3088660480
3765387264 3174395904 3140546560
3712139264 3121614848 3087256576
3765645312 3175145472 3140793344
3719880704 3129417728 3094939648
3765125120 3174187008 3140382720
3711881216 3121594368 3087127552
3765641216 3174985728 3140710400
3712405504 3122155520 3087499264
3764596736 3173781504 3139819520
3712401408 3122147328 3087511552
3765899264 3175575552 3141122048
3719876608 3129831424 3095060480
3765374976 3174928384 3140587520
3711881216 3122024448 3087150080
3765379072 3173806080 3140337664
3712139264 3123453952 3089500160
3765903360 3174514688 3141142528
3711610880 3120623616 3086739456
3765645312 3174277120 3140697088
3711873024 3120992256 3086998528
3765907456 3174121472 3140954112
3711606784 3120635904 3086657536
3765383168 3174096896 3140435968
3712401408 3121483776 3087372288
3781394432 3194912768 3161379840
3712401408 3121528832 3087475712
3766431744 3175354368 3141570560
3712139264 3123613696 3089393664
3765116928 3173822464 3140294656
3711614976 3121098752 3086793728
