# Power spectrum from CO𝘕CEPT job 3415560 at t = 0.47204142 Gyr, a = 0.09090909.
# 
# Below, the following component mapping is used:
#   GADGET halo: 0
# 
#            grid size 2048            
# ╭───────────────────────────────────╮
#                         component 0  
#                        σ₈ = 9.70e-02 
#  k [Mpc⁻¹]     modes    power [Mpc³] 
8.2221370e-03         3  1.0756195e+03 
1.2673178e-02        10  1.1058561e+03 
1.8949496e-02        27  9.5078212e+02 
2.5528345e-02        45  7.3813769e+02 
3.1646310e-02        67  6.0493751e+02 
3.8834099e-02       141  5.2121554e+02 
4.7253009e-02       217  4.4490454e+02 
5.5427562e-02       265  3.6446437e+02 
6.3367756e-02       375  2.8715298e+02 
7.1552601e-02       469  2.3497618e+02 
7.9606602e-02       573  2.0636223e+02 
8.7525115e-02       679  1.8925560e+02 
9.5793720e-02       889  1.6439146e+02 
1.0432437e-01      1053  1.3674543e+02 
1.1246011e-01      1105  1.1767152e+02 
1.2081078e-01      1467  1.0572516e+02 
1.2920707e-01      1501  9.7320489e+01 
1.3728195e-01      1737  8.8708568e+01 
1.4544523e-01      1963  7.7824049e+01 
1.5354868e-01      2125  6.9118399e+01 
1.6179411e-01      2517  6.2698091e+01 
1.6998032e-01      2575  5.8246593e+01 
1.7823749e-01      3081  5.3994218e+01 
1.8647924e-01      3133  4.9008084e+01 
1.9450492e-01      3429  4.5043487e+01 
2.0279368e-01      3991  4.1459242e+01 
2.1106968e-01      4009  3.8727783e+01 
2.1919368e-01      4497  3.6300447e+01 
2.2738495e-01      4747  3.3762337e+01 
2.3568480e-01      5289  3.1285854e+01 
2.4401651e-01      5581  2.8885838e+01 
2.5227776e-01      5901  2.7076963e+01 
2.6047563e-01      6295  2.5481570e+01 
2.6863147e-01      6601  2.4052236e+01 
2.7681578e-01      7161  2.2595115e+01 
2.8503686e-01      7531  2.1287653e+01 
2.9328369e-01      8037  2.0001754e+01 
3.0152034e-01      8437  1.8980897e+01 
3.0968972e-01      8827  1.7991328e+01 
3.1792621e-01      9513  1.6985182e+01 
3.2612785e-01      9709  1.6041892e+01 
3.3438462e-01     10641  1.5171194e+01 
3.4256434e-01     10567  1.4621472e+01 
3.5075625e-01     11685  1.3790415e+01 
3.5913158e-01     12169  1.3150256e+01 
3.6726128e-01     12091  1.2687088e+01 
3.7540513e-01     13257  1.2024977e+01 
3.8365326e-01     13657  1.1421246e+01 
3.9186878e-01     14241  1.0937353e+01 
4.0007226e-01     14851  1.0508275e+01 
4.0831669e-01     15609  1.0120173e+01 
4.1659197e-01     16189  9.6909789e+00 
4.2474338e-01     16471  9.2700117e+00 
4.3292487e-01     17481  8.8697939e+00 
4.4118443e-01     18253  8.4723264e+00 
4.4945797e-01     18801  8.1380755e+00 
4.5768680e-01     19495  7.8392886e+00 
4.6589523e-01     20101  7.5502002e+00 
4.7413037e-01     20985  7.2897584e+00 
4.8233216e-01     21451  6.9887175e+00 
4.9055869e-01     22533  6.8158207e+00 
4.9876958e-01     22945  6.6042670e+00 
5.0695469e-01     23811  6.2407981e+00 
5.1516324e-01     24625  6.0839760e+00 
5.2340719e-01     25705  5.9189978e+00 
5.3166792e-01     26241  5.6475886e+00 
5.3987791e-01     27043  5.4580867e+00 
5.4811056e-01     28029  5.2933814e+00 
5.5631052e-01     28489  5.1219100e+00 
5.6454394e-01     30039  5.0053307e+00 
5.7280580e-01     30301  4.8186807e+00 
5.8095624e-01     31033  4.6774373e+00 
5.8916850e-01     32529  4.5359751e+00 
5.9739346e-01     32935  4.3790018e+00 
6.0562826e-01     34437  4.2633596e+00 
6.1385587e-01     34645  4.1338279e+00 
6.2202508e-01     35979  4.0197948e+00 
6.3026054e-01     36949  3.8713524e+00 
6.3850722e-01     38113  3.7558915e+00 
6.4671129e-01     38475  3.6752875e+00 
6.5489513e-01     39865  3.5860194e+00 
6.6317232e-01     41493  3.4716338e+00 
6.7144370e-01     41665  3.3799021e+00 
6.7960437e-01     42631  3.2811869e+00 
6.8781728e-01     44085  3.1788304e+00 
6.9609098e-01     45505  3.1280049e+00 
7.0431866e-01     45735  3.0439452e+00 
7.1250888e-01     47125  2.9753339e+00 
7.2074601e-01     48585  2.8855731e+00 
7.2896526e-01     48961  2.8160601e+00 
7.3716603e-01     50743  2.7422699e+00 
7.4536943e-01     51165  2.6847339e+00 
7.5359620e-01     53257  2.6163381e+00 
7.6183014e-01     53655  2.5568142e+00 
7.7000952e-01     54793  2.4881636e+00 
7.7825959e-01     57057  2.4217106e+00 
7.8649345e-01     56839  2.3751202e+00 
7.9470114e-01     59101  2.3231983e+00 
8.0293004e-01     59709  2.2624804e+00 
8.1114663e-01     61225  2.1924281e+00 
8.1938640e-01     62607  2.1508498e+00 
8.2759875e-01     63253  2.1155208e+00 
8.3580186e-01     65061  2.0673591e+00 
8.4401684e-01     66031  2.0171783e+00 
8.5223757e-01     67525  1.9756725e+00 
8.6045289e-01     68769  1.9460558e+00 
8.6867345e-01     70105  1.8876128e+00 
8.7690889e-01     71787  1.8371612e+00 
8.8512375e-01     72337  1.8118838e+00 
8.9333660e-01     74401  1.7689294e+00 
9.0156428e-01     75531  1.7435907e+00 
9.0981861e-01     77473  1.7041742e+00 
9.1800559e-01     77193  1.6741977e+00 
9.2617579e-01     79765  1.6438743e+00 
9.3444731e-01     82143  1.5939655e+00 
9.4270884e-01     82393  1.5645473e+00 
9.5091329e-01     83833  1.5255871e+00 
9.5909931e-01     85059  1.5046473e+00 
9.6732075e-01     87253  1.4707669e+00 
9.7556979e-01     88857  1.4552759e+00 
9.8379845e-01     89659  1.4266847e+00 
9.9201120e-01     91533  1.3977952e+00 
1.0002104e+00     92401  1.3628641e+00 
1.0084450e+00     95353  1.3355280e+00 
1.0166659e+00     95271  1.3192770e+00 
1.0248833e+00     98269  1.2922316e+00 
1.0330937e+00     98217  1.2655120e+00 
1.0413189e+00    101899  1.2462293e+00 
1.0495730e+00    102009  1.2216370e+00 
1.0577765e+00    103993  1.1984162e+00 
1.0660002e+00    105553  1.1776611e+00 
1.0742151e+00    107139  1.1623469e+00 
1.0824407e+00    109189  1.1403906e+00 
1.0906342e+00    109341  1.1195101e+00 
1.0988418e+00    113179  1.1024783e+00 
1.1070736e+00    113053  1.0833986e+00 
1.1152913e+00    116517  1.0617611e+00 
1.1235570e+00    117607  1.0478794e+00 
1.1317678e+00    118365  1.0269196e+00 
1.1399767e+00    121189  1.0074613e+00 
1.1482092e+00    122289  9.9662924e-01 
1.1564133e+00    124147  9.7760115e-01 
1.1646448e+00    126385  9.5829583e-01 
1.1728785e+00    127941  9.4846543e-01 
1.1810812e+00    128947  9.2925005e-01 
1.1893120e+00    132393  9.1407537e-01 
1.1975488e+00    132949  9.0123580e-01 
1.2057515e+00    134649  8.8607530e-01 
1.2139744e+00    137623  8.6804443e-01 
1.2221821e+00    137641  8.6072639e-01 
1.2303882e+00    141321  8.4522516e-01 
1.2386118e+00    142087  8.3262673e-01 
1.2468371e+00    144945  8.1824549e-01 
1.2550491e+00    145717  8.0584772e-01 
1.2632504e+00    148251  7.9085474e-01 
1.2715076e+00    151537  7.7848483e-01 
1.2797393e+00    151321  7.7263956e-01 
1.2879327e+00    153909  7.5974387e-01 
1.2961539e+00    156511  7.4785446e-01 
1.3044033e+00    158709  7.3529342e-01 
1.3126199e+00    159301  7.2144786e-01 
1.3208292e+00    162643  7.1459151e-01 
1.3290781e+00    164613  7.0232653e-01 
1.3372987e+00    165817  6.9562350e-01 
1.3454927e+00    167313  6.8592127e-01 
1.3537055e+00    171067  6.7570893e-01 
1.3619242e+00    171465  6.6531449e-01 
1.3701439e+00    175225  6.5898006e-01 
1.3783849e+00    176743  6.4747917e-01 
1.3865711e+00    176841  6.3704917e-01 
1.3947798e+00    182221  6.2763298e-01 
1.4030407e+00    183117  6.2108996e-01 
1.4112488e+00    184411  6.0810894e-01 
1.4194637e+00    187617  6.0301558e-01 
1.4276827e+00    188905  5.9379800e-01 
1.4358813e+00    191131  5.8453656e-01 
1.4441109e+00    194565  5.7936743e-01 
1.4523482e+00    196141  5.6970083e-01 
1.4605808e+00    198591  5.6467070e-01 
1.4687999e+00    200065  5.5650068e-01 
1.4770325e+00    203797  5.5168053e-01 
1.4852677e+00    204549  5.4047325e-01 
1.4934858e+00    207595  5.3498961e-01 
1.5016937e+00    208581  5.2743800e-01 
1.5098942e+00    211837  5.1958510e-01 
1.5181115e+00    213999  5.1354521e-01 
1.5263433e+00    217057  5.0880180e-01 
1.5345714e+00    218893  5.0170349e-01 
1.5427778e+00    220269  4.9557711e-01 
1.5509965e+00    224323  4.8852195e-01 
1.5592308e+00    225873  4.8295468e-01 
1.5674604e+00    228757  4.7579289e-01 
1.5756766e+00    230283  4.6885909e-01 
1.5838983e+00    233341  4.6399059e-01 
1.5921235e+00    235693  4.5890859e-01 
1.6003362e+00    237399  4.5305671e-01 
1.6085571e+00    241009  4.4806830e-01 
1.6167944e+00    243417  4.4168638e-01 
1.6250068e+00    244129  4.3740409e-01 
1.6332205e+00    248991  4.3242610e-01 
1.6414619e+00    250369  4.2559467e-01 
1.6496809e+00    252829  4.2079719e-01 
1.6578864e+00    254511  4.1623727e-01 
1.6661093e+00    258997  4.1025899e-01 
1.6743400e+00    260157  4.0618423e-01 
1.6825462e+00    262381  4.0186529e-01 
1.6907620e+00    266131  3.9609185e-01 
1.6989742e+00    267117  3.9333925e-01 
1.7071851e+00    271273  3.8937595e-01 
1.7154282e+00    274563  3.8213257e-01 
1.7236568e+00    275473  3.7728035e-01 
1.7318611e+00    278193  3.7404929e-01 
1.7400632e+00    280657  3.7141749e-01 
1.7482934e+00    285319  3.6686243e-01 
1.7565265e+00    286401  3.6139658e-01 
1.7647380e+00    288889  3.5816241e-01 
1.7729679e+00    293391  3.5214254e-01 
1.7812045e+00    294577  3.5081219e-01 
1.7894202e+00    297573  3.4648870e-01 
1.7976321e+00    299563  3.4174233e-01 
1.8058580e+00    303997  3.3874199e-01 
1.8140780e+00    305025  3.3590723e-01 
1.8222895e+00    308533  3.3220470e-01 
1.8305112e+00    311619  3.2726633e-01 
1.8387383e+00    314257  3.2367337e-01 
1.8469543e+00    316617  3.1992250e-01 
1.8551731e+00    320131  3.1750395e-01 
1.8634014e+00    322729  3.1359313e-01 
1.8716300e+00    326289  3.1075343e-01 
1.8798447e+00    326989  3.0702657e-01 
1.8880450e+00    331131  3.0450512e-01 
1.8962725e+00    334801  3.0087571e-01 
1.9044884e+00    335833  2.9812713e-01 
1.9127031e+00    340827  2.9290938e-01 
1.9209328e+00    342721  2.9115577e-01 
1.9291750e+00    347925  2.8769998e-01 
1.9373997e+00    346915  2.8553456e-01 
1.9456036e+00    352221  2.8279588e-01 
1.9538293e+00    354793  2.8013230e-01 
1.9620448e+00    357109  2.7602428e-01 
1.9702638e+00    361299  2.7334784e-01 
1.9784857e+00    363205  2.7042768e-01 
1.9867128e+00    367881  2.6763466e-01 
1.9949394e+00    369439  2.6564365e-01 
2.0031569e+00    372729  2.6343182e-01 
2.0113722e+00    375709  2.6062647e-01 
2.0195903e+00    378925  2.5794384e-01 
2.0278069e+00    381963  2.5607910e-01 
2.0360205e+00    384733  2.5293520e-01 
2.0442399e+00    388377  2.5034498e-01 
2.0524584e+00    391507  2.4773480e-01 
2.0606858e+00    394989  2.4536816e-01 
2.0689192e+00    398773  2.4314750e-01 
2.0771346e+00    399259  2.4082483e-01 
2.0853528e+00    405537  2.3859846e-01 
2.0935731e+00    405997  2.3570536e-01 
2.1017772e+00    409845  2.3342947e-01 
2.1099881e+00    413587  2.3132897e-01 
2.1182341e+00    419449  2.2915558e-01 
2.1264823e+00    420693  2.2713231e-01 
2.1347034e+00    423043  2.2608661e-01 
2.1429250e+00    427017  2.2267253e-01 
2.1511390e+00    429181  2.2042523e-01 
2.1593495e+00    432945  2.1894030e-01 
2.1675771e+00    437731  2.1647274e-01 
2.1758029e+00    439321  2.1412344e-01 
2.1840184e+00    443253  2.1160441e-01 
2.1922369e+00    446419  2.1031315e-01 
2.2004569e+00    449925  2.0917529e-01 
2.2086750e+00    453157  2.0685598e-01 
2.2168810e+00    455217  2.0470926e-01 
2.2251065e+00    461923  2.0310286e-01 
2.2333459e+00    463969  2.0119469e-01 
2.2415491e+00    464349  1.9898821e-01 
2.2497584e+00    471667  1.9724167e-01 
2.2579954e+00    474141  1.9547701e-01 
2.2662256e+00    478093  1.9431274e-01 
2.2744476e+00    480195  1.9249345e-01 
2.2826691e+00    484537  1.9054690e-01 
2.2908905e+00    487537  1.8884949e-01 
2.2990960e+00    489405  1.8750775e-01 
2.3073124e+00    496279  1.8546826e-01 
2.3155375e+00    496965  1.8336885e-01 
2.3237659e+00    503953  1.8203627e-01 
2.3319869e+00    503335  1.8055215e-01 
2.3402098e+00    511209  1.7948651e-01 
2.3484350e+00    510829  1.7741871e-01 
2.3566409e+00    515577  1.7595058e-01 
2.3648583e+00    520003  1.7479082e-01 
2.3730808e+00    523329  1.7285648e-01 
2.3813088e+00    527653  1.7175793e-01 
2.3895337e+00    530551  1.6970052e-01 
2.3977596e+00    534849  1.6881543e-01 
2.4059742e+00    536725  1.6706188e-01 
2.4141952e+00    542703  1.6545975e-01 
2.4224206e+00    544753  1.6432112e-01 
2.4306279e+00    547917  1.6269662e-01 
2.4388427e+00    552805  1.6118005e-01 
2.4470713e+00    557611  1.5988573e-01 
2.4552892e+00    558561  1.5862395e-01 
2.4634965e+00    563689  1.5743632e-01 
2.4717194e+00    568527  1.5590010e-01 
2.4799585e+00    572929  1.5420241e-01 
2.4881768e+00    573841  1.5331486e-01 
2.4963810e+00    578085  1.5198944e-01 
2.5046081e+00    584803  1.5033230e-01 
2.5128405e+00    586701  1.4954577e-01 
2.5210494e+00    588805  1.4823156e-01 
2.5292609e+00    595203  1.4719304e-01 
2.5375051e+00    600577  1.4606071e-01 
2.5457329e+00    601441  1.4469330e-01 
2.5539482e+00    605967  1.4361439e-01 
2.5621623e+00    609169  1.4224484e-01 
2.5703816e+00    614625  1.4130344e-01 
2.5786263e+00    620617  1.3997815e-01 
2.5868401e+00    618447  1.3852092e-01 
2.5950433e+00    626233  1.3788063e-01 
2.6032632e+00    629233  1.3648164e-01 
2.6114738e+00    632739  1.3567593e-01 
2.6197112e+00    641245  1.3443509e-01 
2.6279438e+00    640269  1.3345147e-01 
2.6361637e+00    646813  1.3228939e-01 
2.6443831e+00    648807  1.3152849e-01 
2.6525887e+00    652489  1.3009649e-01 
2.6608125e+00    659569  1.2936638e-01 
2.6690289e+00    659715  1.2841391e-01 
2.6772539e+00    668893  1.2724617e-01 
2.6854862e+00    669441  1.2616607e-01 
2.6937049e+00    674509  1.2504864e-01 
2.7019196e+00    677143  1.2418104e-01 
2.7101354e+00    683109  1.2307657e-01 
2.7183568e+00    685897  1.2217316e-01 
2.7265837e+00    693039  1.2145309e-01 
2.7348023e+00    692185  1.2060463e-01 
2.7430171e+00    701001  1.1945813e-01 
2.7512564e+00    704959  1.1831508e-01 
2.7594757e+00    705505  1.1760325e-01 
2.7676907e+00    713205  1.1681255e-01 
2.7759044e+00    713053  1.1599152e-01 
2.7841133e+00    721599  1.1528698e-01 
2.7923407e+00    724285  1.1397325e-01 
2.8005653e+00    729825  1.1305049e-01 
2.8087766e+00    730555  1.1228335e-01 
2.8169919e+00    738613  1.1151075e-01 
2.8252303e+00    744105  1.1057122e-01 
2.8334664e+00    746233  1.0984672e-01 
2.8416769e+00    748455  1.0904584e-01 
2.8498838e+00    754033  1.0844506e-01 
2.8581068e+00    760233  1.0745593e-01 
2.8663409e+00    764947  1.0637558e-01 
2.8745611e+00    765985  1.0574817e-01 
2.8827741e+00    772869  1.0520651e-01 
2.8909999e+00    777079  1.0423831e-01 
2.8992242e+00    781137  1.0345716e-01 
2.9074418e+00    785101  1.0280333e-01 
2.9156578e+00    789169  1.0181882e-01 
2.9238771e+00    795171  1.0142240e-01 
2.9320937e+00    797281  1.0037554e-01 
2.9403028e+00    802761  9.9722876e-02 
2.9485205e+00    808075  9.9016166e-02 
2.9567582e+00    815109  9.8242286e-02 
2.9649793e+00    814705  9.7445726e-02 
2.9731898e+00    821329  9.6760288e-02 
2.9814161e+00    827415  9.6141177e-02 
2.9896448e+00    830797  9.5579161e-02 
2.9978724e+00    836025  9.4754664e-02 
3.0060938e+00    839431  9.4346588e-02 
3.0143054e+00    842409  9.3501573e-02 
3.0225180e+00    849313  9.2726356e-02 
3.0307299e+00    851143  9.2134184e-02 
3.0389484e+00    860337  9.1504237e-02 
3.0471775e+00    862621  9.0758629e-02 
3.0553993e+00    867453  9.0097792e-02 
3.0636167e+00    871939  8.9470360e-02 
3.0718518e+00    880029  8.8815404e-02 
3.0800819e+00    880549  8.8210980e-02 
3.0882930e+00    885019  8.7841783e-02 
3.0965075e+00    890997  8.7179871e-02 
3.1047267e+00    895573  8.6371445e-02 
3.1129501e+00    901029  8.5907150e-02 
3.1211590e+00    902251  8.5223261e-02 
3.1293840e+00    913789  8.4627748e-02 
3.1376119e+00    912837  8.3796219e-02 
3.1458317e+00    921451  8.3545779e-02 
3.1540530e+00    922473  8.2955495e-02 
3.1622744e+00    931549  8.2308583e-02 
3.1705023e+00    933333  8.1824878e-02 
3.1787357e+00    942631  8.1014092e-02 
3.1869514e+00    939061  8.0640417e-02 
3.1951574e+00    949797  8.0112841e-02 
3.2033876e+00    955099  7.9638777e-02 
3.2116104e+00    956937  7.9063172e-02 
3.2198174e+00    962053  7.8494002e-02 
3.2280396e+00    969963  7.7988458e-02 
3.2362674e+00    972985  7.7410546e-02 
3.2444846e+00    978001  7.6730593e-02 
3.2527087e+00    983793  7.6383500e-02 
3.2609257e+00    987091  7.5742138e-02 
3.2691522e+00    995025  7.5401835e-02 
3.2773752e+00    997033  7.4739261e-02 
3.2855861e+00   1002063  7.4146760e-02 
3.2938046e+00   1008385  7.3840458e-02 
3.3020369e+00   1016053  7.3247644e-02 
3.3102670e+00   1017405  7.2930492e-02 
3.3184726e+00   1020859  7.2462843e-02 
3.3266957e+00   1031313  7.1842288e-02 
3.3349268e+00   1032877  7.1529851e-02 
3.3431465e+00   1039267  7.0946305e-02 
3.3513590e+00   1040901  7.0568283e-02 
3.3595700e+00   1049245  6.9942337e-02 
3.3677943e+00   1054275  6.9854932e-02 
3.3760140e+00   1058473  6.9002709e-02 
3.3842387e+00   1066317  6.8725264e-02 
3.3924690e+00   1069585  6.8167473e-02 
3.4006900e+00   1074787  6.7728223e-02 
3.4089040e+00   1077873  6.7390757e-02 
3.4171219e+00   1086349  6.6807099e-02 
3.4253486e+00   1090743  6.6454721e-02 
3.4335663e+00   1093909  6.5998037e-02 
3.4417754e+00   1099665  6.5588085e-02 
3.4499931e+00   1106005  6.5142921e-02 
3.4582180e+00   1112815  6.4767434e-02 
3.4664352e+00   1114101  6.4355187e-02 
3.4746657e+00   1126789  6.3988613e-02 
3.4828959e+00   1125447  6.3544406e-02 
3.4911095e+00   1131937  6.3079780e-02 
3.4993273e+00   1138165  6.2626818e-02 
3.5075456e+00   1141977  6.2399991e-02 
3.5157693e+00   1150819  6.1875312e-02 
3.5239957e+00   1153413  6.1637799e-02 
3.5322107e+00   1158289  6.1145270e-02 
3.5404311e+00   1166019  6.0753508e-02 
3.5486573e+00   1170133  6.0442746e-02 
3.5568814e+00   1177057  6.0006012e-02 
3.5651034e+00   1180035  5.9673366e-02 
3.5733191e+00   1185973  5.9282327e-02 
3.5815342e+00   1190841  5.8954179e-02 
3.5897503e+00   1197337  5.8581623e-02 
3.5979714e+00   1203399  5.8210263e-02 
3.6061932e+00   1208245  5.7763928e-02 
3.6144077e+00   1212145  5.7439046e-02 
3.6226327e+00   1222887  5.7136447e-02 
3.6308596e+00   1223329  5.6820086e-02 
3.6390776e+00   1231653  5.6415972e-02 
3.6472968e+00   1234441  5.6045464e-02 
3.6555184e+00   1243887  5.5781628e-02 
3.6637468e+00   1247713  5.5501143e-02 
3.6719669e+00   1252081  5.5142492e-02 
3.6801817e+00   1257807  5.4797644e-02 
3.6884137e+00   1268185  5.4543560e-02 
3.6966389e+00   1267569  5.4123691e-02 
3.7048579e+00   1277059  5.3910584e-02 
3.7130845e+00   1281325  5.3505137e-02 
3.7213014e+00   1285809  5.3212903e-02 
3.7295178e+00   1291681  5.2804792e-02 
3.7377396e+00   1299975  5.2526304e-02 
3.7459571e+00   1300825  5.2226870e-02 
3.7541777e+00   1312917  5.1927583e-02 
3.7624093e+00   1315711  5.1610223e-02 
3.7706289e+00   1320385  5.1332243e-02 
3.7788330e+00   1322721  5.0966854e-02 
3.7870515e+00   1335625  5.0688154e-02 
3.7952784e+00   1337991  5.0457487e-02 
3.8035062e+00   1347277  5.0131904e-02 
3.8117343e+00   1349421  4.9839447e-02 
3.8199508e+00   1355407  4.9652734e-02 
3.8281711e+00   1362001  4.9262596e-02 
3.8363911e+00   1367481  4.9049194e-02 
3.8446086e+00   1372735  4.8792872e-02 
3.8528268e+00   1378989  4.8523959e-02 
3.8610413e+00   1383937  4.8192041e-02 
3.8692659e+00   1393737  4.7962327e-02 
3.8774986e+00   1398907  4.7672087e-02 
3.8857180e+00   1400545  4.7379297e-02 
3.8939292e+00   1408305  4.7079187e-02 
3.9021505e+00   1416235  4.6950822e-02 
3.9103747e+00   1420389  4.6633952e-02 
3.9185916e+00   1426477  4.6308157e-02 
3.9268149e+00   1433797  4.6133184e-02 
3.9350388e+00   1439547  4.5856101e-02 
3.9432528e+00   1441777  4.5631052e-02 
3.9514741e+00   1454193  4.5372600e-02 
3.9597020e+00   1456651  4.5177585e-02 
3.9679183e+00   1461357  4.4943454e-02 
3.9761429e+00   1472557  4.4699322e-02 
3.9843639e+00   1471645  4.4442693e-02 
3.9925805e+00   1483635  4.4259342e-02 
4.0008069e+00   1486885  4.4023282e-02 
4.0090342e+00   1496445  4.3735619e-02 
4.0172476e+00   1494487  4.3528962e-02 
4.0254607e+00   1507785  4.3357309e-02 
4.0336881e+00   1512529  4.3120158e-02 
4.0419096e+00   1517707  4.2927920e-02 
4.0501306e+00   1525077  4.2654493e-02 
4.0583540e+00   1530793  4.2458795e-02 
4.0665689e+00   1533885  4.2299019e-02 
4.0747928e+00   1547191  4.2150496e-02 
4.0830176e+00   1546641  4.1878477e-02 
4.0912309e+00   1554709  4.1664051e-02 
4.0994513e+00   1562539  4.1514110e-02 
4.1076719e+00   1566657  4.1288194e-02 
4.1158910e+00   1575301  4.1110549e-02 
4.1241157e+00   1580733  4.0935969e-02 
4.1323349e+00   1585843  4.0726936e-02 
4.1405550e+00   1594153  4.0543267e-02 
4.1487725e+00   1596969  4.0293094e-02 
4.1569988e+00   1610923  4.0122401e-02 
4.1652236e+00   1608045  3.9971946e-02 
4.1734382e+00   1620649  3.9865511e-02 
4.1816538e+00   1620795  3.9626277e-02 
4.1898766e+00   1635949  3.9473590e-02 
4.1981039e+00   1636129  3.9341037e-02 
4.2063221e+00   1644273  3.9198888e-02 
4.2145464e+00   1652407  3.8978228e-02 
4.2227740e+00   1657593  3.8813465e-02 
4.2309923e+00   1662145  3.8694585e-02 
4.2392057e+00   1668411  3.8545554e-02 
4.2474259e+00   1677397  3.8374191e-02 
4.2556488e+00   1683205  3.8227964e-02 
4.2638659e+00   1687497  3.8060881e-02 
4.2720868e+00   1698223  3.7928230e-02 
4.2803119e+00   1701765  3.7839692e-02 
4.2885380e+00   1712041  3.7625162e-02 
4.2967563e+00   1711831  3.7504105e-02 
4.3049745e+00   1724697  3.7358614e-02 
4.3131940e+00   1725685  3.7202299e-02 
4.3214113e+00   1737111  3.7127626e-02 
4.3296364e+00   1741861  3.6988804e-02 
4.3378562e+00   1748793  3.6852305e-02 
4.3460754e+00   1753621  3.6715262e-02 
4.3542977e+00   1764523  3.6635761e-02 
4.3625129e+00   1763601  3.6503756e-02 
4.3707291e+00   1777957  3.6318628e-02 
4.3789516e+00   1780011  3.6317504e-02 
4.3871759e+00   1791409  3.6152282e-02 
4.3953985e+00   1794117  3.6042607e-02 
4.4036262e+00   1805653  3.5953488e-02 
4.4118475e+00   1805623  3.5847336e-02 
4.4200634e+00   1816365  3.5751296e-02 
4.4282897e+00   1823797  3.5598145e-02 
4.4365125e+00   1828611  3.5505602e-02 
4.4447284e+00   1833685  3.5407446e-02 
4.4529469e+00   1844037  3.5326477e-02 
4.4611709e+00   1849177  3.5263373e-02 
4.4693913e+00   1856659  3.5168981e-02 
4.4776119e+00   1862529  3.5062389e-02 
4.4858249e+00   1866697  3.5007747e-02 
4.4940406e+00   1877955  3.4985366e-02 
4.5022680e+00   1885297  3.4825731e-02 
4.5104920e+00   1890565  3.4770826e-02 
4.5187115e+00   1896663  3.4728272e-02 
4.5269292e+00   1903669  3.4664884e-02 
4.5351462e+00   1910349  3.4538606e-02 
4.5433704e+00   1920517  3.4486583e-02 
4.5515952e+00   1925031  3.4420098e-02 
4.5598125e+00   1930333  3.4362449e-02 
4.5680397e+00   1943845  3.4317966e-02 
4.5762666e+00   1944711  3.4296374e-02 
4.5844734e+00   1947193  3.4200732e-02 
4.5926892e+00   1963905  3.4141006e-02 
4.6009150e+00   1965457  3.4151372e-02 
4.6091393e+00   1977807  3.4055912e-02 
4.6173618e+00   1978357  3.4063520e-02 
4.6255829e+00   1990621  3.3970711e-02 
4.6338054e+00   1994679  3.3961408e-02 
4.6420287e+00   2003473  3.3950187e-02 
4.6502483e+00   2008473  3.3901417e-02 
4.6584622e+00   2014027  3.3902803e-02 
4.6666838e+00   2026545  3.3826425e-02 
4.6749083e+00   2030485  3.3765462e-02 
4.6831245e+00   2035537  3.3805700e-02 
4.6913454e+00   2048271  3.3799521e-02 
4.6995728e+00   2052049  3.3723447e-02 
4.7077941e+00   2060529  3.3723197e-02 
4.7160150e+00   2065843  3.3752235e-02 
4.7242269e+00   2070145  3.3688230e-02 
4.7324392e+00   2080941  3.3686802e-02 
4.7406652e+00   2091085  3.3714445e-02 
4.7488886e+00   2094591  3.3719607e-02 
4.7571058e+00   2102233  3.3686786e-02 
4.7653269e+00   2110593  3.3668841e-02 
4.7735502e+00   2118763  3.3722303e-02 
4.7817670e+00   2121313  3.3719558e-02 
4.7899845e+00   2134197  3.3774148e-02 
4.7982046e+00   2136493  3.3741072e-02 
4.8064310e+00   2152539  3.3759898e-02 
4.8146554e+00   2150905  3.3750178e-02 
4.8228730e+00   2162493  3.3805657e-02 
4.8310969e+00   2169811  3.3835523e-02 
4.8393147e+00   2173273  3.3888663e-02 
4.8475321e+00   2185173  3.3848716e-02 
4.8557582e+00   2192431  3.3906757e-02 
4.8639810e+00   2197593  3.3913512e-02 
4.8722008e+00   2206813  3.4030409e-02 
4.8804205e+00   2211561  3.4001885e-02 
4.8886458e+00   2225683  3.4032102e-02 
4.8968664e+00   2222761  3.4119324e-02 
4.9050824e+00   2238657  3.4123430e-02 
4.9133023e+00   2240611  3.4242918e-02 
4.9215226e+00   2252505  3.4272067e-02 
4.9297408e+00   2255845  3.4378412e-02 
4.9379571e+00   2265253  3.4355455e-02 
4.9461791e+00   2275143  3.4353620e-02 
4.9544118e+00   2285713  3.4444666e-02 
4.9626301e+00   2282277  3.4537390e-02 
4.9708389e+00   2296099  3.4677416e-02 
4.9790671e+00   2307645  3.4655877e-02 
4.9872924e+00   2310073  3.4804891e-02 
4.9955149e+00   2321419  3.4888754e-02 
5.0037343e+00   2323209  3.5000214e-02 
5.0119552e+00   2337913  3.5050558e-02 
5.0201824e+00   2341713  3.5173082e-02 
5.0284024e+00   2349763  3.5220000e-02 
5.0366152e+00   2352573  3.5344179e-02 
5.0448365e+00   2369725  3.5349324e-02 
5.0530576e+00   2368519  3.5521602e-02 
5.0612730e+00   2381061  3.5570894e-02 
5.0694999e+00   2391997  3.5721682e-02 
5.0777255e+00   2394081  3.5857399e-02 
5.0859429e+00   2403871  3.5834378e-02 
5.0941595e+00   2409297  3.6049228e-02 
5.1023841e+00   2423149  3.6156685e-02 
5.1106122e+00   2427835  3.6298781e-02 
5.1188346e+00   2434545  3.6452555e-02 
5.1270508e+00   2441149  3.6584966e-02 
5.1352671e+00   2449191  3.6730684e-02 
5.1434914e+00   2461633  3.6745492e-02 
5.1517141e+00   2464441  3.6963970e-02 
5.1599223e+00   2468097  3.7151760e-02 
5.1681384e+00   2485999  3.7287969e-02 
5.1763678e+00   2490381  3.7358896e-02 
5.1845889e+00   2497897  3.7570185e-02 
5.1928046e+00   2502831  3.7733862e-02 
5.2010297e+00   2519065  3.7801509e-02 
5.2092571e+00   2520541  3.8027640e-02 
5.2174761e+00   2529381  3.8267443e-02 
5.2256960e+00   2537851  3.8380823e-02 
5.2339216e+00   2548197  3.8493773e-02 
5.2421435e+00   2551477  3.8725656e-02 
5.2503559e+00   2558919  3.8883626e-02 
5.2585666e+00   2565685  3.9190839e-02 
5.2667871e+00   2581681  3.9301960e-02 
5.2750156e+00   2586609  3.9463271e-02 
5.2832379e+00   2593915  3.9628454e-02 
5.2914555e+00   2599881  3.9855432e-02 
5.2996793e+00   2613469  4.0118672e-02 
5.3079025e+00   2616847  4.0310731e-02 
5.3161184e+00   2623749  4.0456515e-02 
5.3243394e+00   2637157  4.0642251e-02 
5.3325676e+00   2644347  4.0836349e-02 
5.3407866e+00   2647585  4.1120112e-02 
5.3489987e+00   2656581  4.1357151e-02 
5.3572204e+00   2669041  4.1726616e-02 
5.3654435e+00   2675287  4.1811742e-02 
5.3736639e+00   2682609  4.2112445e-02 
5.3818834e+00   2691769  4.2331231e-02 
5.3901007e+00   2697195  4.2612183e-02 
5.3983228e+00   2711077  4.2809621e-02 
5.4065515e+00   2719461  4.3119388e-02 
5.4147758e+00   2723005  4.3336309e-02 
5.4229951e+00   2733835  4.3554453e-02 
5.4312154e+00   2739657  4.3904946e-02 
5.4394319e+00   2748061  4.4255527e-02 
5.4476511e+00   2758371  4.4478319e-02 
5.4558738e+00   2766325  4.4839177e-02 
5.4640942e+00   2774241  4.5072300e-02 
5.4723180e+00   2784979  4.5325674e-02 
5.4805346e+00   2786053  4.5656467e-02 
5.4887567e+00   2805945  4.5971693e-02 
5.4969821e+00   2804113  4.6337604e-02 
5.5051999e+00   2818539  4.6492314e-02 
5.5134225e+00   2823733  4.7040004e-02 
5.5216419e+00   2833081  4.7335708e-02 
5.5298656e+00   2844183  4.7544485e-02 
5.5380876e+00   2847529  4.7837704e-02 
5.5463072e+00   2861157  4.8200947e-02 
5.5545273e+00   2863585  4.8671027e-02 
5.5627489e+00   2879571  4.8934116e-02 
5.5709720e+00   2881657  4.9345435e-02 
5.5791908e+00   2893309  4.9794257e-02 
5.5874137e+00   2902527  5.0010649e-02 
5.5956303e+00   2904373  5.0454148e-02 
5.6038400e+00   2915877  5.0884638e-02 
5.6120554e+00   2925247  5.1378538e-02 
5.6202848e+00   2943069  5.1511664e-02 
5.6285148e+00   2942677  5.2014444e-02 
5.6367340e+00   2952325  5.2450014e-02 
5.6449535e+00   2961027  5.2747553e-02 
5.6531764e+00   2970937  5.3302802e-02 
5.6613991e+00   2978853  5.3647611e-02 
5.6696139e+00   2982199  5.4227270e-02 
5.6778355e+00   3001233  5.4625913e-02 
5.6860646e+00   3005173  5.5042379e-02 
5.6942800e+00   3008233  5.5563968e-02 
5.7024958e+00   3023247  5.5873136e-02 
5.7107152e+00   3027997  5.6437949e-02 
5.7189396e+00   3044301  5.6680486e-02 
5.7271629e+00   3045127  5.7327382e-02 
5.7353846e+00   3060109  5.7868214e-02 
5.7436120e+00   3067401  5.8305848e-02 
5.7518308e+00   3070897  5.8860049e-02 
5.7600506e+00   3085791  5.9279621e-02 
5.7682711e+00   3089425  5.9857070e-02 
5.7764896e+00   3100845  6.0358070e-02 
5.7847142e+00   3112795  6.1045840e-02 
5.7929354e+00   3115357  6.1385146e-02 
5.8011538e+00   3129021  6.1696723e-02 
5.8093682e+00   3129187  6.2521063e-02 
5.8175837e+00   3147525  6.2937588e-02 
5.8258134e+00   3159073  6.3730088e-02 
5.8340397e+00   3161457  6.4292699e-02 
5.8422579e+00   3171499  6.4615341e-02 
5.8504766e+00   3178765  6.5384819e-02 
5.8586915e+00   3187437  6.5907633e-02 
5.8669078e+00   3197371  6.6583086e-02 
5.8751301e+00   3209433  6.7188157e-02 
5.8833500e+00   3214333  6.7965842e-02 
5.8915720e+00   3228441  6.8470636e-02 
5.8997938e+00   3233203  6.9079904e-02 
5.9080163e+00   3245605  6.9876552e-02 
5.9162402e+00   3252789  7.0395096e-02 
5.9244557e+00   3257875  7.1079765e-02 
5.9326748e+00   3272709  7.1859405e-02 
5.9408974e+00   3279373  7.2283377e-02 
5.9491163e+00   3287587  7.3142261e-02 
5.9573375e+00   3299625  7.3835020e-02 
5.9655656e+00   3311521  7.4657642e-02 
5.9737908e+00   3314685  7.5399841e-02 
5.9820079e+00   3324415  7.5890853e-02 
5.9902273e+00   3333945  7.6853463e-02 
5.9984501e+00   3345673  7.7130178e-02 
6.0066677e+00   3348667  7.8417247e-02 
6.0148886e+00   3365553  7.9122676e-02 
6.0231114e+00   3369649  7.9959845e-02 
6.0313327e+00   3381933  8.0732964e-02 
6.0395555e+00   3390139  8.1446017e-02 
6.0477717e+00   3394641  8.2137695e-02 
6.0559917e+00   3410917  8.2862072e-02 
6.0642134e+00   3415939  8.4087848e-02 
6.0724345e+00   3427497  8.4820577e-02 
6.0806551e+00   3435817  8.5610900e-02 
6.0888742e+00   3443223  8.6510447e-02 
6.0970953e+00   3456721  8.7318028e-02 
6.1053206e+00   3465909  8.8318375e-02 
6.1135426e+00   3471721  8.9229187e-02 
6.1217608e+00   3481891  9.0122648e-02 
6.1299794e+00   3490041  9.0926258e-02 
6.1382001e+00   3503713  9.2171382e-02 
6.1464232e+00   3510111  9.3048982e-02 
6.1546440e+00   3520033  9.4001111e-02 
6.1628623e+00   3527569  9.4911933e-02 
6.1710827e+00   3540405  9.5491655e-02 
6.1793075e+00   3550231  9.6919724e-02 
6.1875262e+00   3553917  9.7774123e-02 
6.1957448e+00   3568753  9.8649598e-02 
6.2039672e+00   3576999  9.9986264e-02 
6.2121879e+00   3585421  1.0106881e-01 
6.2204109e+00   3598681  1.0196271e-01 
6.2286349e+00   3604473  1.0323069e-01 
6.2368559e+00   3615655  1.0443681e-01 
6.2450740e+00   3621525  1.0529000e-01 
6.2532960e+00   3636649  1.0641305e-01 
6.2615181e+00   3642387  1.0718309e-01 
6.2697339e+00   3648541  1.0835651e-01 
6.2779560e+00   3668629  1.0977497e-01 
6.2861787e+00   3667707  1.1109932e-01 
6.2943962e+00   3682657  1.1232090e-01 
6.3026147e+00   3688881  1.1316509e-01 
6.3108345e+00   3701749  1.1453176e-01 
6.3190553e+00   3710599  1.1585433e-01 
6.3272756e+00   3719361  1.1728047e-01 
6.3354957e+00   3729961  1.1829143e-01 
6.3437202e+00   3743475  1.1937220e-01 
6.3519406e+00   3744913  1.2036950e-01 
6.3601570e+00   3759513  1.2241508e-01 
6.3683765e+00   3766669  1.2358437e-01 
6.3765963e+00   3779983  1.2499011e-01 
6.3848210e+00   3790461  1.2585115e-01 
6.3930446e+00   3797989  1.2791908e-01 
6.4012629e+00   3805767  1.2922277e-01 
6.4094883e+00   3823429  1.3007920e-01 
6.4177094e+00   3822189  1.3159148e-01 
6.4259275e+00   3839947  1.3328426e-01 
6.4341481e+00   3843517  1.3433390e-01 
6.4423680e+00   3859965  1.3552150e-01 
6.4505964e+00   3870265  1.3731040e-01 
6.4588111e+00   3867603  1.3911326e-01 
6.4670270e+00   3890533  1.4052377e-01 
6.4752493e+00   3893481  1.4225812e-01 
6.4834689e+00   3908431  1.4371037e-01 
6.4916933e+00   3916477  1.4486537e-01 
6.4999148e+00   3927381  1.4734153e-01 
6.5081309e+00   3929269  1.4808762e-01 
6.5163534e+00   3954687  1.4979385e-01 
6.5245760e+00   3948889  1.5178559e-01 
6.5327933e+00   3969133  1.5289553e-01 
6.5410160e+00   3974883  1.5518620e-01 
6.5492381e+00   3987133  1.5608588e-01 
6.5574570e+00   3993957  1.5768203e-01 
6.5656780e+00   4007377  1.6002161e-01 
6.5739038e+00   4019439  1.6113295e-01 
6.5821255e+00   4023241  1.6321959e-01 
6.5903450e+00   4037425  1.6454539e-01 
6.5985638e+00   4043343  1.6639641e-01 
6.6067831e+00   4056925  1.6816643e-01 
6.6150020e+00   4063737  1.7024206e-01 
6.6232203e+00   4076791  1.7169774e-01 
6.6314488e+00   4093677  1.7407034e-01 
6.6396726e+00   4092769  1.7555190e-01 
6.6478915e+00   4108105  1.7742473e-01 
6.6561088e+00   4113075  1.7924470e-01 
6.6643274e+00   4128817  1.8087616e-01 
6.6725478e+00   4134873  1.8336298e-01 
6.6807670e+00   4148731  1.8544048e-01 
6.6889895e+00   4157973  1.8736024e-01 
6.6972148e+00   4172869  1.8941454e-01 
6.7054408e+00   4178353  1.9148220e-01 
6.7136593e+00   4186107  1.9235757e-01 
6.7218782e+00   4199497  1.9497688e-01 
6.7300971e+00   4205565  1.9683890e-01 
6.7383151e+00   4220875  1.9925202e-01 
6.7465348e+00   4225933  2.0148434e-01 
6.7547626e+00   4251717  2.0277920e-01 
6.7629864e+00   4241443  2.0560358e-01 
6.7712039e+00   4265589  2.0731049e-01 
6.7794223e+00   4264249  2.0931331e-01 
6.7876407e+00   4284381  2.1170871e-01 
6.7958664e+00   4294687  2.1353547e-01 
6.8040874e+00   4298641  2.1584537e-01 
6.8123076e+00   4316037  2.1900970e-01 
6.8205292e+00   4319971  2.2062397e-01 
6.8287492e+00   4334721  2.2335453e-01 
6.8369702e+00   4343569  2.2475808e-01 
6.8451921e+00   4355217  2.2798795e-01 
6.8534092e+00   4359871  2.2935563e-01 
6.8616268e+00   4376533  2.3146237e-01 
6.8698486e+00   4384953  2.3538253e-01 
6.8780689e+00   4397167  2.3623225e-01 
6.8862894e+00   4404441  2.3959717e-01 
6.8945125e+00   4422121  2.4040432e-01 
6.9027336e+00   4423419  2.4357233e-01 
6.9109495e+00   4437157  2.4526073e-01 
6.9191739e+00   4454329  2.4860332e-01 
6.9274007e+00   4459389  2.5056726e-01 
6.9356133e+00   4462087  2.5330532e-01 
6.9438330e+00   4487157  2.5483638e-01 
6.9520569e+00   4487845  2.5744464e-01 
6.9602747e+00   4502311  2.5984447e-01 
6.9684991e+00   4515609  2.6290872e-01 
6.9767222e+00   4523293  2.6481392e-01 
6.9849409e+00   4530525  2.6826339e-01 
6.9931568e+00   4543075  2.7065763e-01 
7.0013751e+00   4553601  2.7215646e-01 
7.0096013e+00   4573213  2.7408732e-01 
7.0178216e+00   4569475  2.7766556e-01 
7.0260401e+00   4591089  2.7884077e-01 
7.0342621e+00   4596253  2.8301914e-01 
7.0424800e+00   4606701  2.8546447e-01 
7.0507016e+00   4623319  2.8709831e-01 
7.0589241e+00   4628589  2.9035460e-01 
7.0671465e+00   4644337  2.9335590e-01 
7.0753700e+00   4652227  2.9494056e-01 
7.0835893e+00   4660413  2.9869315e-01 
7.0918121e+00   4678945  3.0077279e-01 
7.1000403e+00   4687191  3.0264859e-01 
7.1082626e+00   4694245  3.0496082e-01 
7.1164750e+00   4698025  3.0977907e-01 
7.1246911e+00   4719597  3.1293955e-01 
7.1329121e+00   4725775  3.1502721e-01 
7.1411323e+00   4739961  3.1767320e-01 
7.1493561e+00   4752325  3.1950220e-01 
7.1575770e+00   4759023  3.2255616e-01 
7.1657995e+00   4774237  3.2457187e-01 
7.1740200e+00   4780405  3.2699546e-01 
7.1822379e+00   4792101  3.3031652e-01 
7.1904601e+00   4807663  3.3216152e-01 
7.1986839e+00   4816401  3.3420895e-01 
7.2069037e+00   4823509  3.3747319e-01 
7.2151238e+00   4840743  3.3924504e-01 
7.2233464e+00   4846849  3.4341716e-01 
7.2315634e+00   4857709  3.4520587e-01 
7.2397842e+00   4871907  3.4998335e-01 
7.2480057e+00   4881601  3.5036050e-01 
7.2562272e+00   4894389  3.5367462e-01 
7.2644479e+00   4901329  3.5702234e-01 
7.2726645e+00   4913583  3.5944270e-01 
7.2808900e+00   4932313  3.6234863e-01 
7.2891104e+00   4931233  3.6347255e-01 
7.2973270e+00   4949439  3.6740546e-01 
7.3055493e+00   4960093  3.7125719e-01 
7.3137745e+00   4975845  3.7291744e-01 
7.3219931e+00   4973809  3.7586518e-01 
7.3302118e+00   4999375  3.7743232e-01 
7.3384339e+00   4999281  3.8042524e-01 
7.3466551e+00   5020633  3.8284379e-01 
7.3548795e+00   5026719  3.8511988e-01 
7.3630994e+00   5036893  3.8884948e-01 
7.3713216e+00   5052285  3.9041668e-01 
7.3795385e+00   5052547  3.9322275e-01 
7.3877558e+00   5075413  3.9438566e-01 
7.3959798e+00   5084049  3.9799465e-01 
7.4041972e+00   5088469  4.0182958e-01 
7.4124147e+00   5108391  4.0208284e-01 
7.4206396e+00   5118805  4.0657433e-01 
7.4288647e+00   5132721  4.0836568e-01 
7.4370842e+00   5134123  4.1394453e-01 
7.4452990e+00   5148289  4.1205606e-01 
7.4535225e+00   5169609  4.1525994e-01 
7.4617468e+00   5170585  4.1849879e-01 
7.4699665e+00   5188107  4.2054865e-01 
7.4781905e+00   5197321  4.2268782e-01 
7.4864087e+00   5204481  4.2474009e-01 
7.4946244e+00   5217199  4.2715626e-01 
7.5028460e+00   5233909  4.3059816e-01 
7.5110695e+00   5244033  4.3160582e-01 
7.5192891e+00   5250349  4.3344670e-01 
7.5275085e+00   5267823  4.3595586e-01 
7.5357338e+00   5280397  4.3884939e-01 
7.5439538e+00   5284129  4.4144985e-01 
7.5521676e+00   5295771  4.4222648e-01 
7.5603901e+00   5317405  4.4502343e-01 
7.5686160e+00   5324901  4.4717834e-01 
7.5768374e+00   5333755  4.5026086e-01 
7.5850573e+00   5345937  4.5309802e-01 
7.5932792e+00   5359657  4.5400906e-01 
7.6014993e+00   5366821  4.5670563e-01 
7.6097182e+00   5382075  4.5872150e-01 
7.6179396e+00   5392261  4.6043068e-01 
7.6261626e+00   5407353  4.6408878e-01 
7.6343819e+00   5412259  4.6535188e-01 
7.6425996e+00   5426973  4.6560685e-01 
7.6508259e+00   5448109  4.6887219e-01 
7.6590492e+00   5444749  4.7076637e-01 
7.6672644e+00   5462499  4.7139036e-01 
7.6754861e+00   5476897  4.7594051e-01 
7.6837107e+00   5487741  4.7432610e-01 
7.6919251e+00   5489011  4.7757759e-01 
7.7001458e+00   5517945  4.7998129e-01 
7.7083737e+00   5523913  4.7962595e-01 
7.7165936e+00   5529295  4.8290780e-01 
7.7248087e+00   5541585  4.8493713e-01 
7.7330246e+00   5554501  4.8487431e-01 
7.7412463e+00   5571717  4.8759746e-01 
7.7494742e+00   5587903  4.8990200e-01 
7.7576947e+00   5584453  4.9103499e-01 
7.7659132e+00   5609505  4.9182048e-01 
7.7741358e+00   5613739  4.9298017e-01 
7.7823513e+00   5622837  4.9572910e-01 
7.7905713e+00   5644501  4.9870463e-01 
7.7987918e+00   5646693  4.9914478e-01 
7.8070122e+00   5668363  4.9788677e-01 
7.8152371e+00   5677237  5.0140533e-01 
7.8234595e+00   5688513  5.0451108e-01 
7.8316789e+00   5696839  5.0356043e-01 
7.8399017e+00   5716845  5.0584392e-01 
7.8481243e+00   5721301  5.0741110e-01 
7.8563420e+00   5733921  5.0871289e-01 
7.8645647e+00   5751391  5.0677852e-01 
7.8727833e+00   5753065  5.1051791e-01 
7.8810048e+00   5778813  5.0997475e-01 
7.8892255e+00   5777623  5.1143062e-01 
7.8974419e+00   5794701  5.1423162e-01 
7.9056662e+00   5813953  5.1440803e-01 
7.9138873e+00   5814963  5.1414080e-01 
7.9221082e+00   5836669  5.1516542e-01 
7.9303315e+00   5843749  5.1724041e-01 
7.9385552e+00   5859633  5.1631721e-01 
7.9467753e+00   5865199  5.1911692e-01 
7.9549920e+00   5877273  5.1733954e-01 
7.9632116e+00   5894521  5.1967767e-01 
7.9714352e+00   5907055  5.2186598e-01 
7.9796585e+00   5918409  5.2238589e-01 
7.9878757e+00   5923525  5.2403665e-01 
7.9960952e+00   5944341  5.2389919e-01 
8.0043170e+00   5952907  5.2304778e-01 
8.0125320e+00   5958177  5.2366436e-01 
8.0207534e+00   5986729  5.2439961e-01 
8.0289805e+00   5991607  5.2466093e-01 
8.0371985e+00   5997009  5.2777160e-01 
8.0454172e+00   6017809  5.2506595e-01 
8.0536433e+00   6032451  5.2856719e-01 
8.0618658e+00   6036661  5.2886737e-01 
8.0700818e+00   6048429  5.2925448e-01 
8.0783041e+00   6069241  5.2890986e-01 
8.0865253e+00   6072799  5.2745094e-01 
8.0947424e+00   6087333  5.2842281e-01 
8.1029614e+00   6100189  5.2823407e-01 
8.1111787e+00   6110199  5.2839252e-01 
8.1194040e+00   6135469  5.2633070e-01 
8.1276284e+00   6135757  5.2942128e-01 
8.1358481e+00   6151389  5.3101182e-01 
8.1440687e+00   6163015  5.3241941e-01 
8.1522872e+00   6172905  5.3024852e-01 
8.1605104e+00   6194425  5.2967035e-01 
8.1687313e+00   6196047  5.2981699e-01 
8.1769517e+00   6216145  5.3147321e-01 
8.1851769e+00   6230473  5.2932063e-01 
8.1933968e+00   6232095  5.3004521e-01 
8.2016131e+00   6249913  5.3115744e-01 
8.2098349e+00   6266493  5.3023359e-01 
8.2180551e+00   6270925  5.3053522e-01 
8.2262747e+00   6292635  5.2902001e-01 
8.2345019e+00   6306181  5.2983264e-01 
8.2427232e+00   6309697  5.3003416e-01 
8.2509404e+00   6324579  5.2834465e-01 
8.2591627e+00   6342217  5.3010506e-01 
8.2673825e+00   6347277  5.2970232e-01 
8.2756007e+00   6364285  5.2804491e-01 
8.2838227e+00   6378303  5.2771695e-01 
8.2920402e+00   6382993  5.2838366e-01 
8.3002587e+00   6404353  5.2554946e-01 
8.3084788e+00   6412287  5.2833850e-01 
8.3167004e+00   6430825  5.2489256e-01 
8.3249261e+00   6444501  5.2521274e-01 
8.3331455e+00   6446653  5.2611522e-01 
8.3413647e+00   6469255  5.2517205e-01 
8.3495867e+00   6477417  5.2355009e-01 
8.3578082e+00   6491929  5.2277674e-01 
8.3660281e+00   6503031  5.2329927e-01 
8.3742512e+00   6521089  5.2485863e-01 
8.3824736e+00   6527925  5.2264223e-01 
8.3906880e+00   6533347  5.2165364e-01 
8.3989048e+00   6557797  5.2151349e-01 
8.4071295e+00   6572589  5.2205204e-01 
8.4153531e+00   6579466  5.2139426e-01 
